idx	label	predict	radius	correct	time
0	0	0	0.204	1	0:00:32.906834
20	0	0	0.8	1	0:00:09.829720
40	0	0	0.8	1	0:00:09.845796
60	1	1	0.245	1	0:00:09.951390
80	1	1	0.0205	1	0:00:09.980172
100	2	2	0.628	1	0:00:09.960286
120	2	2	0.764	1	0:00:09.975644
140	2	2	0.524	1	0:00:09.970777
160	3	3	0.656	1	0:00:09.865866
180	3	3	0.8	1	0:00:09.841358
200	4	-1	0.0	0	0:00:09.868856
220	4	3	0.192	0	0:00:09.866362
240	4	-1	0.0	0	0:00:09.852966
260	5	5	0.8	1	0:00:09.840420
280	5	5	0.764	1	0:00:09.860558
300	6	6	0.52	1	0:00:09.860168
320	6	-1	0.0	0	0:00:09.953762
340	6	6	0.0147	1	0:00:09.941506
360	7	7	0.8	1	0:00:09.952630
380	7	7	0.778	1	0:00:09.834387
400	8	8	0.8	1	0:00:09.844512
420	8	8	0.502	1	0:00:09.847940
440	8	8	0.8	1	0:00:09.855688
460	9	9	0.8	1	0:00:09.853654
480	9	9	0.075	1	0:00:09.854475
500	10	10	0.778	1	0:00:09.837157
520	10	-1	0.0	0	0:00:09.844913
540	10	10	0.656	1	0:00:09.960711
560	11	11	0.331	1	0:00:09.853495
580	11	11	0.8	1	0:00:09.851728
600	12	12	0.599	1	0:00:09.851089
620	12	12	0.8	1	0:00:09.845605
640	12	-1	0.0	0	0:00:09.844129
660	13	13	0.8	1	0:00:09.850993
680	13	10	0.098	0	0:00:09.838114
700	14	14	0.8	1	0:00:09.818265
720	14	14	0.8	1	0:00:09.852505
740	14	14	0.8	1	0:00:09.831087
760	15	15	0.8	1	0:00:09.950376
780	15	15	0.331	1	0:00:09.829294
800	16	16	0.8	1	0:00:09.856062
820	16	16	0.684	1	0:00:09.862677
840	16	16	0.8	1	0:00:09.848875
860	17	17	0.522	1	0:00:09.830699
880	17	17	0.539	1	0:00:09.841512
900	18	-1	0.0	0	0:00:09.851841
920	18	18	0.8	1	0:00:09.844608
940	18	18	0.8	1	0:00:09.958795
960	19	19	0.461	1	0:00:09.958565
980	19	19	0.626	1	0:00:09.955855
1000	20	20	0.8	1	0:00:09.839214
1020	20	20	0.8	1	0:00:09.843588
1040	20	20	0.8	1	0:00:09.846259
1060	21	22	0.24	0	0:00:09.848220
1080	21	10	0.0432	0	0:00:09.840411
1100	22	21	0.677	0	0:00:09.825217
1120	22	22	0.8	1	0:00:09.832892
1140	22	22	0.8	1	0:00:09.837317
1160	23	23	0.8	1	0:00:09.946171
1180	23	23	0.8	1	0:00:09.968379
1200	24	24	0.8	1	0:00:09.983463
1220	24	24	0.039	1	0:00:09.834468
1240	24	24	0.8	1	0:00:09.839868
1260	25	-1	0.0	0	0:00:09.852352
1280	25	25	0.8	1	0:00:09.839358
1300	26	26	0.8	1	0:00:09.831523
1320	26	-1	0.0	0	0:00:09.846997
1340	26	26	0.8	1	0:00:09.836665
1360	27	27	0.8	1	0:00:09.849809
1380	27	27	0.8	1	0:00:09.973644
1400	28	77	0.000125	0	0:00:09.835877
1420	28	28	0.8	1	0:00:09.845404
1440	28	28	0.764	1	0:00:09.838891
1460	29	29	0.778	1	0:00:09.848638
1480	29	29	0.122	1	0:00:09.835085
1500	30	30	0.778	1	0:00:09.838907
1520	30	131	0.0783	0	0:00:09.842007
1540	30	32	0.64	0	0:00:09.843541
1560	31	31	0.265	1	0:00:09.860378
1580	31	31	0.8	1	0:00:09.843760
1600	32	-1	0.0	0	0:00:09.951074
1620	32	32	0.753	1	0:00:09.857183
1640	32	-1	0.0	0	0:00:09.854279
1660	33	33	0.394	1	0:00:09.853510
1680	33	33	0.649	1	0:00:09.846759
1700	34	-1	0.0	0	0:00:09.838413
1720	34	34	0.204	1	0:00:09.843443
1740	34	34	0.491	1	0:00:09.840092
1760	35	35	0.8	1	0:00:09.841631
1780	35	35	0.533	1	0:00:10.038347
1800	36	35	0.394	0	0:00:09.956096
1820	36	-1	0.0	0	0:00:09.956015
1840	36	35	0.604	0	0:00:09.853618
1860	37	37	0.258	1	0:00:09.847233
1880	37	37	0.351	1	0:00:09.855408
1900	38	38	0.8	1	0:00:09.839676
1920	38	38	0.705	1	0:00:09.855423
1940	38	38	0.8	1	0:00:09.831336
1960	39	39	0.596	1	0:00:09.845876
1980	39	39	0.454	1	0:00:09.854879
2000	40	-1	0.0	0	0:00:10.020520
2020	40	40	0.0963	1	0:00:09.955880
2040	40	46	0.198	0	0:00:09.952785
2060	41	41	0.8	1	0:00:09.842478
2080	41	41	0.347	1	0:00:09.850288
2100	42	-1	0.0	0	0:00:09.850123
2120	42	42	0.8	1	0:00:09.839137
2140	42	42	0.177	1	0:00:09.841930
2160	43	43	0.569	1	0:00:09.828979
2180	43	43	0.417	1	0:00:09.840602
2200	44	44	0.8	1	0:00:09.854161
2220	44	44	0.8	1	0:00:09.968882
2240	44	44	0.8	1	0:00:09.858860
2260	45	45	0.8	1	0:00:09.851000
2280	45	45	0.764	1	0:00:09.839864
2300	46	46	0.34	1	0:00:09.845562
2320	46	489	0.134	0	0:00:09.839072
2340	46	46	0.356	1	0:00:09.837810
2360	47	-1	0.0	0	0:00:09.855361
2380	47	47	0.728	1	0:00:09.853315
2400	48	48	0.395	1	0:00:09.845249
2420	48	48	0.778	1	0:00:09.835188
2440	48	48	0.101	1	0:00:09.964174
2460	49	50	0.317	0	0:00:09.843560
2480	49	337	0.167	0	0:00:09.844578
2500	50	50	0.0897	1	0:00:09.851943
2520	50	50	0.444	1	0:00:09.847489
2540	50	772	0.0646	0	0:00:09.845502
2560	51	51	0.764	1	0:00:09.838958
2580	51	51	0.8	1	0:00:09.834517
2600	52	52	0.0246	1	0:00:09.837103
2620	52	52	0.153	1	0:00:09.966992
2640	52	53	0.0924	0	0:00:09.961700
2660	53	52	0.167	0	0:00:09.954306
2680	53	-1	0.0	0	0:00:09.848791
2700	54	57	0.8	0	0:00:09.839245
2720	54	57	0.8	0	0:00:09.839909
2740	54	54	0.8	1	0:00:09.834878
2760	55	55	0.778	1	0:00:09.836542
2780	55	55	0.125	1	0:00:09.850394
2800	56	56	0.8	1	0:00:09.834385
2820	56	56	0.588	1	0:00:09.845971
2840	56	56	0.8	1	0:00:09.960965
2860	57	57	0.8	1	0:00:09.997670
2880	57	-1	0.0	0	0:00:09.967658
2900	58	114	0.132	0	0:00:09.846581
2920	58	60	0.0733	0	0:00:09.854814
2940	58	65	0.01	0	0:00:09.842539
2960	59	59	0.8	1	0:00:09.839686
2980	59	59	0.764	1	0:00:09.838928
3000	60	61	0.321	0	0:00:09.842315
3020	60	66	0.735	0	0:00:09.851102
3040	60	53	0.0946	0	0:00:09.853464
3060	61	-1	0.0	0	0:00:09.957639
3080	61	61	0.651	1	0:00:09.843862
3100	62	62	0.721	1	0:00:09.862340
3120	62	62	0.14	1	0:00:09.851099
3140	62	-1	0.0	0	0:00:09.859432
3160	63	63	0.8	1	0:00:09.837548
3180	63	63	0.8	1	0:00:09.842552
3200	64	64	0.8	1	0:00:09.844019
3220	64	55	0.0825	0	0:00:09.837606
3240	64	64	0.283	1	0:00:09.860311
3260	65	65	0.414	1	0:00:09.856204
3280	65	65	0.231	1	0:00:09.945957
3300	66	66	0.091	1	0:00:09.838685
3320	66	66	0.382	1	0:00:09.846105
3340	66	-1	0.0	0	0:00:09.844872
3360	67	-1	0.0	0	0:00:09.838369
3380	67	67	0.764	1	0:00:09.857921
3400	68	-1	0.0	0	0:00:09.841740
3420	68	68	0.8	1	0:00:09.842499
3440	68	66	0.552	0	0:00:09.844263
3460	69	69	0.362	1	0:00:09.956047
3480	69	69	0.8	1	0:00:09.979249
3500	70	70	0.8	1	0:00:09.956939
3520	70	70	0.735	1	0:00:09.837253
3540	70	70	0.8	1	0:00:09.852887
3560	71	-1	0.0	0	0:00:09.845141
3580	71	71	0.8	1	0:00:09.840982
3600	72	72	0.8	1	0:00:09.840089
3620	72	72	0.8	1	0:00:09.840552
3640	72	72	0.8	1	0:00:09.850744
3660	73	-1	0.0	0	0:00:09.830982
3680	73	815	0.8	0	0:00:09.959422
3700	74	78	0.1	0	0:00:09.950386
3720	74	73	0.0522	0	0:00:09.957862
3740	74	74	0.8	1	0:00:09.837466
3760	75	75	0.8	1	0:00:09.833878
3780	75	75	0.735	1	0:00:09.840620
3800	76	76	0.684	1	0:00:09.830425
3820	76	76	0.728	1	0:00:09.848188
3840	76	76	0.8	1	0:00:09.832893
3860	77	77	0.8	1	0:00:09.843132
3880	77	-1	0.0	0	0:00:09.849573
3900	78	78	0.8	1	0:00:09.952935
3920	78	70	0.8	0	0:00:09.834046
3940	78	78	0.8	1	0:00:09.848222
3960	79	79	0.407	1	0:00:09.840374
3980	79	69	0.0651	0	0:00:09.845531
4000	80	80	0.8	1	0:00:09.839205
4020	80	80	0.8	1	0:00:09.841805
4040	80	80	0.8	1	0:00:09.834782
4060	81	81	0.509	1	0:00:09.845742
4080	81	81	0.8	1	0:00:09.838772
4100	82	82	0.728	1	0:00:09.840726
4120	82	82	0.307	1	0:00:09.962432
4140	82	82	0.8	1	0:00:09.842205
4160	83	-1	0.0	0	0:00:09.844902
4180	83	83	0.8	1	0:00:09.849391
4200	84	84	0.0789	1	0:00:09.848908
4220	84	84	0.8	1	0:00:09.839989
4240	84	84	0.8	1	0:00:09.853248
4260	85	86	0.743	0	0:00:09.829945
4280	85	85	0.8	1	0:00:09.847398
4300	86	86	0.8	1	0:00:09.955513
4320	86	86	0.8	1	0:00:09.956440
4340	86	86	0.8	1	0:00:09.963851
4360	87	87	0.8	1	0:00:09.834041
4380	87	87	0.36	1	0:00:09.827730
4400	88	88	0.604	1	0:00:09.842383
4420	88	-1	0.0	0	0:00:09.832340
4440	88	88	0.8	1	0:00:09.844621
4460	89	89	0.8	1	0:00:09.835281
4480	89	89	0.436	1	0:00:09.839599
4500	90	90	0.8	1	0:00:09.825677
4520	90	90	0.8	1	0:00:09.951351
4540	90	90	0.8	1	0:00:09.963258
4560	91	91	0.8	1	0:00:09.949740
4580	91	91	0.8	1	0:00:09.842294
4600	92	92	0.432	1	0:00:09.840358
4620	92	92	0.8	1	0:00:09.848867
4640	92	92	0.8	1	0:00:09.846693
4660	93	93	0.8	1	0:00:09.837798
4680	93	93	0.8	1	0:00:09.830249
4700	94	94	0.8	1	0:00:09.835499
4720	94	94	0.778	1	0:00:09.829434
4740	94	94	0.673	1	0:00:09.954224
4760	95	95	0.8	1	0:00:09.847249
4780	95	95	0.8	1	0:00:09.839914
4800	96	96	0.8	1	0:00:09.857711
4820	96	96	0.8	1	0:00:09.834793
4840	96	96	0.8	1	0:00:09.843518
4860	97	97	0.8	1	0:00:09.832520
4880	97	97	0.8	1	0:00:09.837855
4900	98	98	0.325	1	0:00:09.817735
4920	98	98	0.8	1	0:00:09.839646
4940	98	98	0.255	1	0:00:09.838731
4960	99	99	0.735	1	0:00:09.948274
4980	99	99	0.486	1	0:00:09.841887
5000	100	100	0.8	1	0:00:09.833868
5020	100	100	0.8	1	0:00:09.826774
5040	100	-1	0.0	0	0:00:09.828466
5060	101	101	0.753	1	0:00:09.838212
5080	101	-1	0.0	0	0:00:09.843504
5100	102	102	0.8	1	0:00:09.832314
5120	102	102	0.8	1	0:00:09.842946
5140	102	102	0.8	1	0:00:10.032883
5160	103	103	0.673	1	0:00:09.949612
5180	103	103	0.696	1	0:00:09.949637
5200	104	104	0.545	1	0:00:09.838464
5220	104	-1	0.0	0	0:00:09.831955
5240	104	-1	0.0	0	0:00:09.852302
5260	105	105	0.8	1	0:00:09.843257
5280	105	105	0.561	1	0:00:09.840426
5300	106	106	0.696	1	0:00:09.839089
5320	106	106	0.194	1	0:00:09.832640
5340	106	-1	0.0	0	0:00:09.840273
5360	107	-1	0.0	0	0:00:09.995584
5380	107	107	0.42	1	0:00:09.953858
5400	108	327	0.0631	0	0:00:09.964373
5420	108	108	0.8	1	0:00:09.829576
5440	108	108	0.8	1	0:00:09.845293
5460	109	109	0.246	1	0:00:09.850834
5480	109	109	0.125	1	0:00:09.839216
5500	110	110	0.8	1	0:00:09.841121
5520	110	110	0.8	1	0:00:09.830024
5540	110	110	0.8	1	0:00:09.833820
5560	111	111	0.144	1	0:00:09.856325
5580	111	111	0.404	1	0:00:09.966894
5600	112	112	0.494	1	0:00:09.841476
5620	112	-1	0.0	0	0:00:09.848531
5640	112	-1	0.0	0	0:00:09.827218
5660	113	114	0.407	0	0:00:09.846014
5680	113	113	0.218	1	0:00:09.842406
5700	114	113	0.181	0	0:00:09.842720
5720	114	114	0.8	1	0:00:09.841770
5740	114	114	0.8	1	0:00:09.848234
5760	115	679	0.00426	0	0:00:09.808830
5780	115	115	0.484	1	0:00:09.842513
5800	116	116	0.8	1	0:00:09.964118
5820	116	116	0.764	1	0:00:09.845914
5840	116	-1	0.0	0	0:00:09.838815
5860	117	117	0.735	1	0:00:09.842695
5880	117	117	0.8	1	0:00:09.849454
5900	118	118	0.642	1	0:00:09.837078
5920	118	118	0.429	1	0:00:09.842678
5940	118	-1	0.0	0	0:00:09.835360
5960	119	119	0.247	1	0:00:09.830871
5980	119	125	0.231	0	0:00:09.958078
6000	120	119	0.165	0	0:00:10.027555
6020	120	119	0.0315	0	0:00:09.945512
6040	120	120	0.764	1	0:00:09.838170
6060	121	121	0.8	1	0:00:09.842562
6080	121	121	0.8	1	0:00:09.841703
6100	122	122	0.556	1	0:00:09.845689
6120	122	122	0.141	1	0:00:09.839363
6140	122	122	0.8	1	0:00:09.830361
6160	123	123	0.0084	1	0:00:09.847715
6180	123	123	0.8	1	0:00:09.845981
6200	124	122	0.191	0	0:00:09.962294
6220	124	121	0.135	0	0:00:10.014315
6240	124	-1	0.0	0	0:00:09.946884
6260	125	125	0.532	1	0:00:09.832400
6280	125	125	0.753	1	0:00:09.832389
6300	126	126	0.8	1	0:00:09.850764
6320	126	47	0.0847	0	0:00:09.828871
6340	126	-1	0.0	0	0:00:09.828831
6360	127	127	0.8	1	0:00:09.815436
6380	127	127	0.134	1	0:00:09.841692
6400	128	128	0.8	1	0:00:09.832379
6420	128	128	0.8	1	0:00:09.962507
6440	128	128	0.8	1	0:00:09.836697
6460	129	129	0.8	1	0:00:09.827707
6480	129	129	0.8	1	0:00:09.816951
6500	130	130	0.764	1	0:00:09.844072
6520	130	130	0.8	1	0:00:09.847529
6540	130	601	0.133	0	0:00:09.829888
6560	131	132	0.156	0	0:00:09.844370
6580	131	132	0.654	0	0:00:09.842343
6600	132	132	0.691	1	0:00:09.832947
6620	132	132	0.8	1	0:00:09.832230
6640	132	132	0.251	1	0:00:09.942807
6660	133	337	0.0407	0	0:00:09.841093
6680	133	133	0.527	1	0:00:09.834251
6700	134	132	0.0387	0	0:00:09.827753
6720	134	134	0.491	1	0:00:09.842702
6740	134	134	0.132	1	0:00:09.843478
6760	135	135	0.8	1	0:00:09.849549
6780	135	135	0.8	1	0:00:09.841691
6800	136	136	0.8	1	0:00:09.836753
6820	136	136	0.8	1	0:00:09.958029
6840	136	136	0.8	1	0:00:09.950284
6860	137	137	0.8	1	0:00:09.946139
6880	137	148	0.297	0	0:00:09.832616
6900	138	138	0.433	1	0:00:09.842674
6920	138	138	0.8	1	0:00:09.822937
6940	138	138	0.8	1	0:00:09.842350
6960	139	139	0.8	1	0:00:09.842407
6980	139	139	0.0845	1	0:00:09.835240
7000	140	140	0.8	1	0:00:09.842165
7020	140	140	0.677	1	0:00:09.839789
7040	140	140	0.8	1	0:00:09.949860
7060	141	141	0.143	1	0:00:09.959360
7080	141	141	0.494	1	0:00:09.947598
7100	142	142	0.522	1	0:00:09.853324
7120	142	142	0.673	1	0:00:09.830089
7140	142	142	0.8	1	0:00:09.836110
7160	143	143	0.581	1	0:00:09.846139
7180	143	143	0.71	1	0:00:09.839263
7200	144	144	0.188	1	0:00:09.864017
7220	144	144	0.34	1	0:00:09.838225
7240	144	144	0.8	1	0:00:09.859517
7260	145	145	0.8	1	0:00:09.963940
7280	145	145	0.8	1	0:00:09.840303
7300	146	146	0.137	1	0:00:09.834424
7320	146	146	0.67	1	0:00:09.851218
7340	146	146	0.764	1	0:00:09.848005
7360	147	147	0.597	1	0:00:09.835039
7380	147	147	0.52	1	0:00:09.853309
7400	148	148	0.8	1	0:00:09.832583
7420	148	148	0.8	1	0:00:09.846948
7440	148	148	0.8	1	0:00:09.838025
7460	149	149	0.8	1	0:00:09.831510
7480	149	149	0.8	1	0:00:09.961263
7500	150	360	0.0785	0	0:00:09.838086
7520	150	149	0.109	0	0:00:09.830976
7540	150	-1	0.0	0	0:00:09.835329
7560	151	151	0.743	1	0:00:09.837360
7580	151	151	0.207	1	0:00:09.829631
7600	152	152	0.778	1	0:00:09.821975
7620	152	152	0.16	1	0:00:09.848265
7640	152	152	0.446	1	0:00:09.825282
7660	153	153	0.32	1	0:00:09.947605
7680	153	153	0.0272	1	0:00:09.954510
7700	154	154	0.346	1	0:00:09.940096
7720	154	154	0.514	1	0:00:09.833722
7740	154	154	0.715	1	0:00:09.846859
7760	155	-1	0.0	0	0:00:09.839349
7780	155	155	0.609	1	0:00:09.843457
7800	156	156	0.8	1	0:00:09.842202
7820	156	156	0.8	1	0:00:09.842302
7840	156	156	0.218	1	0:00:09.843033
7860	157	157	0.687	1	0:00:09.828682
7880	157	157	0.522	1	0:00:09.940034
7900	158	158	0.764	1	0:00:09.966551
7920	158	195	0.8	0	0:00:09.954288
7940	158	158	0.501	1	0:00:09.844925
7960	159	159	0.634	1	0:00:09.840621
7980	159	159	0.8	1	0:00:09.844944
8000	160	160	0.8	1	0:00:09.834519
8020	160	160	0.469	1	0:00:09.850025
8040	160	160	0.274	1	0:00:09.832913
8060	161	161	0.8	1	0:00:09.854095
8080	161	166	0.239	0	0:00:09.838557
8100	162	162	0.377	1	0:00:09.955866
8120	162	162	0.684	1	0:00:09.841715
8140	162	162	0.68	1	0:00:09.839328
8160	163	234	0.116	0	0:00:09.826429
8180	163	281	0.231	0	0:00:09.827922
8200	164	164	0.302	1	0:00:09.845463
8220	164	-1	0.0	0	0:00:09.836679
8240	164	164	0.8	1	0:00:09.836335
8260	165	236	0.278	0	0:00:09.838931
8280	165	240	0.000878	0	0:00:09.828508
8300	166	166	0.172	1	0:00:09.833938
8320	166	162	0.58	0	0:00:09.949727
8340	166	162	0.534	0	0:00:09.831572
8360	167	171	0.128	0	0:00:09.828186
8380	167	166	0.0601	0	0:00:09.855144
8400	168	341	0.0905	0	0:00:09.841323
8420	168	168	0.146	1	0:00:09.828134
8440	168	168	0.434	1	0:00:09.847719
8460	169	169	0.0573	1	0:00:09.844146
8480	169	169	0.8	1	0:00:09.844898
8500	170	172	0.111	0	0:00:09.974436
8520	170	202	0.0157	0	0:00:09.955383
8540	170	192	0.244	0	0:00:09.946366
8560	171	-1	0.0	0	0:00:09.845600
8580	171	171	0.105	1	0:00:09.841392
8600	172	172	0.0415	1	0:00:09.837018
8620	172	172	0.8	1	0:00:09.841000
8640	172	253	0.425	0	0:00:09.852013
8660	173	173	0.8	1	0:00:09.853019
8680	173	173	0.439	1	0:00:09.829126
8700	174	174	0.753	1	0:00:09.852362
8720	174	174	0.64	1	0:00:09.965631
8740	174	174	0.8	1	0:00:09.958952
8760	175	-1	0.0	0	0:00:09.948611
8780	175	-1	0.0	0	0:00:09.833148
8800	176	176	0.623	1	0:00:09.849087
8820	176	-1	0.0	0	0:00:09.839933
8840	176	176	0.8	1	0:00:09.832354
8860	177	177	0.8	1	0:00:09.827143
8880	177	177	0.628	1	0:00:09.850746
8900	178	178	0.8	1	0:00:09.833162
8920	178	178	0.343	1	0:00:09.856258
8940	178	178	0.8	1	0:00:09.963061
8960	179	-1	0.0	0	0:00:09.835818
8980	179	179	0.662	1	0:00:09.834982
9000	180	180	0.151	1	0:00:09.840333
9020	180	227	0.109	0	0:00:09.836697
9040	180	165	0.00502	0	0:00:09.847418
9060	181	-1	0.0	0	0:00:09.826869
9080	181	181	0.416	1	0:00:09.841879
9100	182	760	0.379	0	0:00:09.833858
9120	182	182	0.0968	1	0:00:09.829201
9140	182	182	0.458	1	0:00:09.832010
9160	183	233	0.00746	0	0:00:09.947330
9180	183	183	0.116	1	0:00:09.844926
9200	184	-1	0.0	0	0:00:09.828676
9220	184	827	0.241	0	0:00:09.845154
9240	184	184	0.226	1	0:00:09.835096
9260	185	185	0.691	1	0:00:09.836629
9280	185	185	0.8	1	0:00:09.839135
9300	186	-1	0.0	0	0:00:09.820281
9320	186	186	0.415	1	0:00:09.837999
9340	186	-1	0.0	0	0:00:09.952699
9360	187	-1	0.0	0	0:00:10.022470
9380	187	-1	0.0	0	0:00:09.939405
9400	188	188	0.533	1	0:00:09.832352
9420	188	-1	0.0	0	0:00:09.855973
9440	188	790	0.58	0	0:00:09.830638
9460	189	189	0.323	1	0:00:09.827158
9480	189	189	0.8	1	0:00:09.845413
9500	190	190	0.8	1	0:00:09.836791
9520	190	190	0.473	1	0:00:09.823210
9540	190	190	0.778	1	0:00:09.849025
9560	191	191	0.333	1	0:00:09.965874
9580	191	191	0.8	1	0:00:10.021180
9600	192	199	0.41	0	0:00:09.965760
9620	192	192	0.146	1	0:00:09.831856
9640	192	192	0.328	1	0:00:09.840252
9660	193	-1	0.0	0	0:00:09.826973
9680	193	186	0.357	0	0:00:09.838838
9700	194	-1	0.0	0	0:00:09.844173
9720	194	194	0.389	1	0:00:09.834042
9740	194	194	0.743	1	0:00:09.830995
9760	195	195	0.8	1	0:00:09.821653
9780	195	195	0.8	1	0:00:09.936387
9800	196	199	0.8	0	0:00:09.816784
9820	196	198	0.152	0	0:00:09.832088
9840	196	198	0.8	0	0:00:09.833019
9860	197	197	0.0833	1	0:00:09.835480
9880	197	191	0.375	0	0:00:09.842877
9900	198	198	0.202	1	0:00:09.839349
9920	198	198	0.8	1	0:00:09.830209
9940	198	198	0.371	1	0:00:09.839065
9960	199	203	0.588	0	0:00:09.827827
9980	199	199	0.778	1	0:00:09.855180
10000	200	200	0.462	1	0:00:09.945417
10020	200	200	0.104	1	0:00:09.838017
10040	200	200	0.52	1	0:00:09.834048
10060	201	201	0.3	1	0:00:09.846255
10080	201	201	0.544	1	0:00:09.814285
10100	202	202	0.468	1	0:00:09.826636
10120	202	-1	0.0	0	0:00:09.845057
10140	202	202	0.217	1	0:00:09.836443
10160	203	203	0.301	1	0:00:09.835002
10180	203	203	0.8	1	0:00:09.946647
10200	204	204	0.146	1	0:00:09.956929
10220	204	153	0.462	0	0:00:09.955602
10240	204	155	0.368	0	0:00:09.835622
10260	205	205	0.59	1	0:00:09.832292
10280	205	205	0.281	1	0:00:09.842461
10300	206	206	0.8	1	0:00:09.847314
10320	206	206	0.613	1	0:00:09.833902
10340	206	206	0.667	1	0:00:09.851879
10360	207	207	0.516	1	0:00:09.843618
10380	207	207	0.148	1	0:00:09.814803
10400	208	208	0.673	1	0:00:09.943165
10420	208	208	0.453	1	0:00:09.956795
10440	208	208	0.102	1	0:00:10.022240
10460	209	209	0.561	1	0:00:09.834050
10480	209	208	0.392	0	0:00:09.825974
10500	210	210	0.595	1	0:00:09.838089
10520	210	210	0.735	1	0:00:09.830261
10540	210	210	0.8	1	0:00:09.844465
10560	211	-1	0.0	0	0:00:09.845233
10580	211	211	0.0444	1	0:00:09.848352
10600	212	212	0.406	1	0:00:09.827406
10620	212	212	0.0664	1	0:00:09.953486
10640	212	212	0.8	1	0:00:09.835036
10660	213	213	0.8	1	0:00:09.842860
10680	213	-1	0.0	0	0:00:09.841922
10700	214	214	0.61	1	0:00:09.837831
10720	214	-1	0.0	0	0:00:09.843983
10740	214	214	0.8	1	0:00:09.831060
10760	215	-1	0.0	0	0:00:09.838331
10780	215	216	0.0938	0	0:00:09.827193
10800	216	216	0.67	1	0:00:09.827842
10820	216	216	0.8	1	0:00:09.849630
10840	216	216	0.00583	1	0:00:09.942080
10860	217	217	0.613	1	0:00:09.864052
10880	217	217	0.377	1	0:00:09.823702
10900	218	218	0.8	1	0:00:09.842055
10920	218	218	0.8	1	0:00:09.829476
10940	218	218	0.764	1	0:00:09.837452
10960	219	219	0.626	1	0:00:09.825657
10980	219	219	0.225	1	0:00:09.827931
11000	220	220	0.383	1	0:00:09.830300
11020	220	219	0.67	0	0:00:09.959107
11040	220	220	0.565	1	0:00:09.956990
11060	221	206	0.07	0	0:00:09.953702
11080	221	197	0.0169	0	0:00:09.822750
11100	222	222	0.159	1	0:00:09.853691
11120	222	-1	0.0	0	0:00:09.827596
11140	222	222	0.0247	1	0:00:09.843596
11160	223	223	0.764	1	0:00:09.835341
11180	223	223	0.142	1	0:00:09.843240
11200	224	-1	0.0	0	0:00:09.826343
11220	224	224	0.8	1	0:00:09.832716
11240	224	224	0.8	1	0:00:09.951319
11260	225	225	0.483	1	0:00:09.942604
11280	225	225	0.735	1	0:00:09.950590
11300	226	226	0.532	1	0:00:09.838044
11320	226	226	0.8	1	0:00:09.825164
11340	226	233	0.00313	0	0:00:09.836982
11360	227	227	0.449	1	0:00:09.839157
11380	227	227	0.307	1	0:00:09.835402
11400	228	228	0.778	1	0:00:09.836437
11420	228	228	0.8	1	0:00:09.836205
11440	228	228	0.8	1	0:00:09.821072
11460	229	229	0.8	1	0:00:09.936020
11480	229	229	0.8	1	0:00:09.836363
11500	230	230	0.427	1	0:00:09.824059
11520	230	230	0.588	1	0:00:09.844543
11540	230	230	0.764	1	0:00:09.836689
11560	231	230	0.8	0	0:00:09.855131
11580	231	231	0.64	1	0:00:09.835073
11600	232	232	0.8	1	0:00:09.843980
11620	232	152	0.218	0	0:00:09.817598
11640	232	232	0.467	1	0:00:09.845948
11660	233	-1	0.0	0	0:00:09.836358
11680	233	233	0.237	1	0:00:09.942274
11700	234	208	0.0849	0	0:00:09.826975
11720	234	234	0.778	1	0:00:09.838119
11740	234	234	0.8	1	0:00:09.836308
11760	235	235	0.667	1	0:00:09.841196
11780	235	235	0.098	1	0:00:09.839844
11800	236	522	0.00997	0	0:00:09.847138
11820	236	236	0.8	1	0:00:09.837415
11840	236	234	0.0486	0	0:00:09.833508
11860	237	237	0.721	1	0:00:09.964169
11880	237	236	0.0704	0	0:00:09.956475
11900	238	238	0.347	1	0:00:09.951527
11920	238	238	0.299	1	0:00:09.828122
11940	238	238	0.192	1	0:00:09.833162
11960	239	239	0.24	1	0:00:09.838037
11980	239	239	0.566	1	0:00:09.835253
12000	240	238	0.753	0	0:00:09.833076
12020	240	238	0.212	0	0:00:09.838691
12040	240	238	0.00201	0	0:00:09.816896
12060	241	241	0.8	1	0:00:09.826360
12080	241	241	0.778	1	0:00:09.950086
12100	242	242	0.509	1	0:00:09.950020
12120	242	159	0.0185	0	0:00:09.952493
12140	242	242	0.487	1	0:00:09.829820
12160	243	243	0.651	1	0:00:09.840161
12180	243	243	0.154	1	0:00:09.836330
12200	244	244	0.8	1	0:00:09.848236
12220	244	244	0.8	1	0:00:09.818260
12240	244	244	0.8	1	0:00:09.820450
12260	245	245	0.8	1	0:00:09.834373
12280	245	245	0.8	1	0:00:09.839563
12300	246	-1	0.0	0	0:00:09.949347
12320	246	246	0.378	1	0:00:09.828752
12340	246	159	0.132	0	0:00:09.841758
12360	247	247	0.258	1	0:00:09.841654
12380	247	-1	0.0	0	0:00:09.846316
12400	248	248	0.402	1	0:00:09.849116
12420	248	249	0.464	0	0:00:09.838853
12440	248	248	0.556	1	0:00:09.821904
12460	249	249	0.0258	1	0:00:09.833137
12480	249	249	0.664	1	0:00:09.833669
12500	250	-1	0.0	0	0:00:09.830318
12520	250	250	0.696	1	0:00:09.959718
12540	250	248	0.541	0	0:00:09.833692
12560	251	251	0.8	1	0:00:09.836982
12580	251	251	0.8	1	0:00:09.833139
12600	252	252	0.136	1	0:00:09.844340
12620	252	252	0.362	1	0:00:09.838934
12640	252	252	0.715	1	0:00:09.837440
12660	253	253	0.647	1	0:00:09.836302
12680	253	253	0.684	1	0:00:09.828987
12700	254	254	0.591	1	0:00:09.948519
12720	254	254	0.8	1	0:00:09.986401
12740	254	254	0.8	1	0:00:09.935200
12760	255	255	0.8	1	0:00:09.846307
12780	255	255	0.8	1	0:00:09.827119
12800	256	256	0.764	1	0:00:09.829603
12820	256	256	0.604	1	0:00:09.842995
12840	256	256	0.402	1	0:00:09.846359
12860	257	257	0.416	1	0:00:09.840758
12880	257	257	0.198	1	0:00:09.836023
12900	258	258	0.381	1	0:00:09.832054
12920	258	222	0.402	0	0:00:09.947909
12940	258	258	0.126	1	0:00:10.016090
12960	259	259	0.615	1	0:00:09.957798
12980	259	259	0.8	1	0:00:09.829300
13000	260	260	0.8	1	0:00:09.823661
13020	260	260	0.8	1	0:00:09.836056
13040	260	260	0.103	1	0:00:09.833801
13060	261	261	0.493	1	0:00:09.817696
13080	261	261	0.354	1	0:00:09.832808
13100	262	262	0.8	1	0:00:09.825633
13120	262	262	0.735	1	0:00:09.823969
13140	262	262	0.14	1	0:00:09.947915
13160	263	155	0.0719	0	0:00:09.832381
13180	263	263	0.328	1	0:00:09.827739
13200	264	264	0.8	1	0:00:09.834969
13220	264	264	0.743	1	0:00:09.837891
13240	264	264	0.68	1	0:00:09.826327
13260	265	266	0.601	0	0:00:09.827749
13280	265	-1	0.0	0	0:00:09.839118
13300	266	266	0.49	1	0:00:09.828473
13320	266	265	0.0344	0	0:00:09.830871
13340	266	265	0.0176	0	0:00:09.838920
13360	267	267	0.367	1	0:00:09.963061
13380	267	-1	0.0	0	0:00:09.824161
13400	268	268	0.743	1	0:00:09.839589
13420	268	179	0.319	0	0:00:09.832085
13440	268	268	0.8	1	0:00:09.838092
13460	269	272	0.339	0	0:00:09.843246
13480	269	269	0.18	1	0:00:09.834865
13500	270	270	0.8	1	0:00:09.824108
13520	270	270	0.647	1	0:00:09.837921
13540	270	270	0.8	1	0:00:09.945212
13560	271	271	0.495	1	0:00:09.938770
13580	271	278	0.141	0	0:00:09.952499
13600	272	274	0.743	0	0:00:09.840505
13620	272	272	0.8	1	0:00:09.834067
13640	272	272	0.155	1	0:00:09.834817
13660	273	273	0.599	1	0:00:09.827138
13680	273	273	0.778	1	0:00:09.844756
13700	274	274	0.8	1	0:00:09.822381
13720	274	274	0.327	1	0:00:09.850909
13740	274	274	0.764	1	0:00:09.813084
13760	275	275	0.8	1	0:00:09.954845
13780	275	275	0.8	1	0:00:09.954282
13800	276	276	0.8	1	0:00:09.952736
13820	276	276	0.8	1	0:00:09.831358
13840	276	276	0.512	1	0:00:09.830287
13860	277	277	0.8	1	0:00:09.821244
13880	277	277	0.505	1	0:00:09.830881
13900	278	278	0.05	1	0:00:09.828347
13920	278	-1	0.0	0	0:00:09.854764
13940	278	278	0.504	1	0:00:09.831647
13960	279	279	0.491	1	0:00:09.831448
13980	279	-1	0.0	0	0:00:09.960743
14000	280	280	0.47	1	0:00:09.820732
14020	280	280	0.8	1	0:00:09.813354
14040	280	280	0.696	1	0:00:09.815387
14060	281	281	0.8	1	0:00:09.823561
14080	281	281	0.654	1	0:00:09.848244
14100	282	282	0.0536	1	0:00:09.833669
14120	282	292	0.8	0	0:00:09.836566
14140	282	282	0.677	1	0:00:09.820247
14160	283	283	0.147	1	0:00:09.818760
14180	283	283	0.778	1	0:00:09.832279
14200	284	284	0.8	1	0:00:09.959588
14220	284	281	0.374	0	0:00:09.830251
14240	284	284	0.8	1	0:00:09.823139
14260	285	285	0.171	1	0:00:09.828489
14280	285	285	0.411	1	0:00:09.841429
14300	286	286	0.8	1	0:00:09.833335
14320	286	286	0.735	1	0:00:09.821583
14340	286	-1	0.0	0	0:00:09.837066
14360	287	287	0.8	1	0:00:09.834244
14380	287	293	0.8	0	0:00:09.948294
14400	288	288	0.39	1	0:00:09.941520
14420	288	288	0.0396	1	0:00:09.946311
14440	288	288	0.8	1	0:00:09.850715
14460	289	289	0.324	1	0:00:09.826154
14480	289	288	0.0926	0	0:00:09.843974
14500	290	290	0.8	1	0:00:09.835750
14520	290	290	0.225	1	0:00:09.847810
14540	290	290	0.8	1	0:00:09.847947
14560	291	291	0.215	1	0:00:09.839647
14580	291	291	0.8	1	0:00:09.850017
14600	292	290	0.271	0	0:00:09.949076
14620	292	292	0.753	1	0:00:09.951526
14640	292	292	0.8	1	0:00:09.942587
14660	293	293	0.8	1	0:00:09.815520
14680	293	293	0.8	1	0:00:09.826802
14700	294	294	0.651	1	0:00:09.819035
14720	294	294	0.636	1	0:00:09.826318
14740	294	294	0.477	1	0:00:09.822155
14760	295	295	0.8	1	0:00:09.843701
14780	295	295	0.8	1	0:00:09.827185
14800	296	296	0.373	1	0:00:09.835022
14820	296	296	0.53	1	0:00:09.944584
14840	296	296	0.0924	1	0:00:09.803326
14860	297	297	0.507	1	0:00:09.825389
14880	297	297	0.8	1	0:00:09.835827
14900	298	-1	0.0	0	0:00:09.817569
14920	298	298	0.715	1	0:00:09.852210
14940	298	298	0.448	1	0:00:09.840251
14960	299	359	0.147	0	0:00:09.825259
14980	299	-1	0.0	0	0:00:09.832187
15000	300	300	0.8	1	0:00:09.830690
15020	300	300	0.8	1	0:00:09.826342
15040	300	300	0.269	1	0:00:09.955910
15060	301	301	0.778	1	0:00:09.828360
15080	301	301	0.431	1	0:00:09.825252
15100	302	302	0.538	1	0:00:09.818636
15120	302	300	0.8	0	0:00:09.827300
15140	302	308	0.283	0	0:00:09.826690
15160	303	310	0.0708	0	0:00:09.841123
15180	303	303	0.728	1	0:00:09.824660
15200	304	301	0.476	0	0:00:09.818325
15220	304	304	0.175	1	0:00:10.023101
15240	304	303	0.53	0	0:00:09.950839
15260	305	305	0.8	1	0:00:09.935186
15280	305	305	0.8	1	0:00:09.855714
15300	306	306	0.684	1	0:00:09.830419
15320	306	306	0.753	1	0:00:09.830877
15340	306	306	0.721	1	0:00:09.828432
15360	307	307	0.8	1	0:00:09.836696
15380	307	307	0.743	1	0:00:09.824633
15400	308	904	0.018	0	0:00:09.838158
15420	308	308	0.8	1	0:00:09.827182
15440	308	308	0.264	1	0:00:09.955808
15460	309	316	0.398	0	0:00:09.956761
15480	309	309	0.8	1	0:00:09.941950
15500	310	310	0.8	1	0:00:09.828400
15520	310	310	0.281	1	0:00:09.830587
15540	310	310	0.606	1	0:00:09.820469
15560	311	311	0.106	1	0:00:09.830619
15580	311	312	0.116	0	0:00:09.820880
15600	312	-1	0.0	0	0:00:09.823747
15620	312	312	0.00985	1	0:00:09.822579
15640	312	312	0.154	1	0:00:09.828874
15660	313	313	0.8	1	0:00:09.950666
15680	313	313	0.346	1	0:00:09.818119
15700	314	314	0.338	1	0:00:09.825883
15720	314	314	0.0243	1	0:00:09.829235
15740	314	314	0.489	1	0:00:09.840781
15760	315	952	0.0117	0	0:00:09.838606
15780	315	-1	0.0	0	0:00:09.840006
15800	316	316	0.8	1	0:00:09.816559
15820	316	316	0.8	1	0:00:09.831214
15840	316	316	0.423	1	0:00:09.825307
15860	317	317	0.8	1	0:00:09.837149
15880	317	317	0.8	1	0:00:09.961857
15900	318	318	0.351	1	0:00:09.824370
15920	318	318	0.8	1	0:00:09.833944
15940	318	318	0.687	1	0:00:09.819550
15960	319	-1	0.0	0	0:00:09.830704
15980	319	319	0.303	1	0:00:09.826282
16000	320	320	0.8	1	0:00:09.848665
16020	320	320	0.8	1	0:00:09.833747
16040	320	320	0.606	1	0:00:09.838260
16060	321	321	0.743	1	0:00:09.946497
16080	321	321	0.514	1	0:00:10.005328
16100	322	322	0.458	1	0:00:09.936723
16120	322	322	0.8	1	0:00:09.822948
16140	322	322	0.0145	1	0:00:09.844845
16160	323	323	0.8	1	0:00:09.838634
16180	323	323	0.8	1	0:00:09.843301
16200	324	324	0.334	1	0:00:09.853312
16220	324	324	0.406	1	0:00:09.848248
16240	324	324	0.575	1	0:00:09.839225
16260	325	325	0.8	1	0:00:09.841243
16280	325	325	0.458	1	0:00:09.956036
16300	326	326	0.764	1	0:00:10.019968
16320	326	326	0.344	1	0:00:09.949099
16340	326	326	0.8	1	0:00:09.834412
16360	327	327	0.8	1	0:00:09.840172
16380	327	327	0.8	1	0:00:09.843439
16400	328	328	0.8	1	0:00:09.848263
16420	328	328	0.8	1	0:00:09.849881
16440	328	119	0.308	0	0:00:09.857969
16460	329	973	0.071	0	0:00:09.833707
16480	329	329	0.0841	1	0:00:09.811101
16500	330	330	0.628	1	0:00:09.955110
16520	330	330	0.753	1	0:00:09.842497
16540	330	330	0.178	1	0:00:09.830941
16560	331	331	0.8	1	0:00:09.832750
16580	331	331	0.8	1	0:00:09.842663
16600	332	-1	0.0	0	0:00:09.829828
16620	332	332	0.8	1	0:00:09.835680
16640	332	332	0.8	1	0:00:09.829867
16660	333	333	0.8	1	0:00:09.836243
16680	333	333	0.466	1	0:00:09.833591
16700	334	334	0.8	1	0:00:09.841937
16720	334	334	0.8	1	0:00:09.961487
16740	334	334	0.445	1	0:00:09.834779
16760	335	-1	0.0	0	0:00:09.836444
16780	335	335	0.341	1	0:00:09.831394
16800	336	336	0.515	1	0:00:09.843287
16820	336	336	0.235	1	0:00:09.838327
16840	336	336	0.8	1	0:00:09.833894
16860	337	58	0.052	0	0:00:09.831013
16880	337	337	0.8	1	0:00:09.840369
16900	338	617	0.232	0	0:00:09.942038
16920	338	338	0.764	1	0:00:09.946775
16940	338	338	0.254	1	0:00:09.951069
16960	339	339	0.8	1	0:00:09.838501
16980	339	339	0.371	1	0:00:09.833644
17000	340	340	0.8	1	0:00:09.829715
17020	340	340	0.8	1	0:00:09.843454
17040	340	340	0.8	1	0:00:09.846136
17060	341	341	0.8	1	0:00:09.847962
17080	341	341	0.589	1	0:00:09.825954
17100	342	287	0.0987	0	0:00:09.830097
17120	342	342	0.178	1	0:00:09.947907
17140	342	342	0.778	1	0:00:09.960881
17160	343	343	0.601	1	0:00:09.949892
17180	343	343	0.216	1	0:00:09.829485
17200	344	344	0.8	1	0:00:09.833774
17220	344	-1	0.0	0	0:00:09.828041
17240	344	344	0.559	1	0:00:09.832484
17260	345	690	0.413	0	0:00:09.843919
17280	345	345	0.103	1	0:00:09.835300
17300	346	-1	0.0	0	0:00:09.822205
17320	346	346	0.8	1	0:00:09.824168
17340	346	346	0.8	1	0:00:09.949359
17360	347	347	0.373	1	0:00:09.829013
17380	347	347	0.8	1	0:00:09.832391
17400	348	348	0.8	1	0:00:09.833559
17420	348	-1	0.0	0	0:00:09.833674
17440	348	349	0.764	0	0:00:09.840020
17460	349	349	0.743	1	0:00:09.834045
17480	349	349	0.647	1	0:00:09.830741
17500	350	350	0.8	1	0:00:09.827812
17520	350	350	0.8	1	0:00:09.848658
17540	350	350	0.8	1	0:00:09.833431
17560	351	351	0.651	1	0:00:09.945370
17580	351	351	0.8	1	0:00:09.838629
17600	352	352	0.585	1	0:00:09.826983
17620	352	352	0.227	1	0:00:09.832230
17640	352	352	0.442	1	0:00:09.828619
17660	353	353	0.203	1	0:00:09.832355
17680	353	352	0.0644	0	0:00:09.830643
17700	354	354	0.728	1	0:00:09.824418
17720	354	354	0.8	1	0:00:09.838885
17740	354	354	0.376	1	0:00:09.949131
17760	355	355	0.8	1	0:00:09.947035
17780	355	355	0.8	1	0:00:09.938703
17800	356	-1	0.0	0	0:00:09.826957
17820	356	360	0.8	0	0:00:09.836874
17840	356	362	0.8	0	0:00:09.841214
17860	357	-1	0.0	0	0:00:09.825130
17880	357	-1	0.0	0	0:00:09.829549
17900	358	358	0.196	1	0:00:09.836483
17920	358	298	0.0781	0	0:00:09.822112
17940	358	358	0.626	1	0:00:09.828569
17960	359	359	0.142	1	0:00:09.957320
17980	359	-1	0.0	0	0:00:09.945722
18000	360	360	0.535	1	0:00:09.950305
18020	360	360	0.096	1	0:00:09.828833
18040	360	-1	0.0	0	0:00:09.819898
18060	361	361	0.8	1	0:00:09.825429
18080	361	361	0.401	1	0:00:09.831637
18100	362	362	0.8	1	0:00:09.843938
18120	362	103	0.0431	0	0:00:09.826353
18140	362	362	0.8	1	0:00:09.840203
18160	363	363	0.8	1	0:00:09.839263
18180	363	363	0.8	1	0:00:09.951333
18200	364	364	0.435	1	0:00:09.827894
18220	364	364	0.207	1	0:00:09.837500
18240	364	364	0.8	1	0:00:09.828085
18260	365	365	0.8	1	0:00:09.825606
18280	365	365	0.8	1	0:00:09.821096
18300	366	366	0.764	1	0:00:09.831542
18320	366	366	0.71	1	0:00:09.826117
18340	366	366	0.778	1	0:00:09.840203
18360	367	367	0.526	1	0:00:09.825235
18380	367	-1	0.0	0	0:00:09.815239
18400	368	368	0.71	1	0:00:09.945189
18420	368	368	0.556	1	0:00:09.825079
18440	368	368	0.586	1	0:00:09.846153
18460	369	369	0.414	1	0:00:09.826663
18480	369	369	0.523	1	0:00:09.815860
18500	370	370	0.8	1	0:00:09.814321
18520	370	377	0.101	0	0:00:09.840207
18540	370	370	0.118	1	0:00:09.829110
18560	371	372	0.659	0	0:00:09.828958
18580	371	371	0.743	1	0:00:10.013884
18600	372	372	0.183	1	0:00:09.947347
18620	372	371	0.0527	0	0:00:09.934516
18640	372	372	0.396	1	0:00:09.839627
18660	373	373	0.0524	1	0:00:09.819429
18680	373	373	0.352	1	0:00:09.836281
18700	374	374	0.412	1	0:00:09.830478
18720	374	374	0.209	1	0:00:09.831699
18740	374	382	0.8	0	0:00:09.833924
18760	375	375	0.8	1	0:00:09.821455
18780	375	375	0.753	1	0:00:09.823931
18800	376	376	0.647	1	0:00:09.963910
18820	376	376	0.68	1	0:00:09.942504
18840	376	376	0.8	1	0:00:09.942499
18860	377	377	0.764	1	0:00:09.821580
18880	377	382	0.8	0	0:00:09.825093
18900	378	378	0.535	1	0:00:09.826521
18920	378	-1	0.0	0	0:00:09.838044
18940	378	378	0.483	1	0:00:09.835473
18960	379	379	0.412	1	0:00:09.817501
18980	379	379	0.546	1	0:00:09.824203
19000	380	380	0.778	1	0:00:09.824511
19020	380	380	0.552	1	0:00:09.960170
19040	380	380	0.191	1	0:00:09.843960
19060	381	381	0.131	1	0:00:09.837106
19080	381	381	0.131	1	0:00:09.840599
19100	382	382	0.8	1	0:00:09.839935
19120	382	382	0.8	1	0:00:09.817402
19140	382	-1	0.0	0	0:00:09.846046
19160	383	383	0.8	1	0:00:09.832862
19180	383	384	0.34	0	0:00:09.840619
19200	384	384	0.555	1	0:00:09.835277
19220	384	384	0.8	1	0:00:09.832011
19240	384	384	0.8	1	0:00:09.968286
19260	385	385	0.192	1	0:00:09.817485
19280	385	385	0.187	1	0:00:09.833002
19300	386	386	0.448	1	0:00:09.818372
19320	386	101	0.243	0	0:00:09.819480
19340	386	386	0.0612	1	0:00:09.819009
19360	387	387	0.8	1	0:00:09.820447
19380	387	387	0.528	1	0:00:09.820878
19400	388	388	0.67	1	0:00:09.829287
19420	388	388	0.8	1	0:00:09.944265
19440	388	388	0.7	1	0:00:09.946977
19460	389	395	0.565	0	0:00:09.962296
19480	389	389	0.231	1	0:00:09.814665
19500	390	390	0.8	1	0:00:09.812891
19520	390	390	0.764	1	0:00:09.816920
19540	390	6	0.102	0	0:00:09.809567
19560	391	391	0.0869	1	0:00:09.813308
19580	391	391	0.691	1	0:00:09.820214
19600	392	397	0.49	0	0:00:09.809911
19620	392	392	0.8	1	0:00:09.812248
19640	392	392	0.8	1	0:00:09.935752
19660	393	393	0.282	1	0:00:09.938398
19680	393	393	0.8	1	0:00:09.953304
19700	394	467	0.171	0	0:00:09.820201
19720	394	103	0.202	0	0:00:09.820208
19740	394	149	0.305	0	0:00:09.806407
19760	395	395	0.778	1	0:00:09.809564
19780	395	395	0.128	1	0:00:09.825598
19800	396	396	0.8	1	0:00:09.809304
19820	396	396	0.8	1	0:00:09.809893
19840	396	396	0.8	1	0:00:09.808709
19860	397	33	0.0415	0	0:00:09.914653
19880	397	397	0.8	1	0:00:09.792938
19900	398	398	0.8	1	0:00:09.817506
19920	398	398	0.8	1	0:00:09.808707
19940	398	784	0.0872	0	0:00:09.782667
19960	399	399	0.479	1	0:00:09.807824
19980	399	869	0.0729	0	0:00:09.827089
20000	400	400	0.121	1	0:00:09.821231
20020	400	400	0.8	1	0:00:09.802274
20040	400	667	0.659	0	0:00:09.802207
20060	401	401	0.71	1	0:00:09.805630
20080	401	401	0.8	1	0:00:09.919750
20100	402	546	0.0477	0	0:00:09.814742
20120	402	402	0.0359	1	0:00:09.810676
20140	402	402	0.568	1	0:00:09.827749
20160	403	403	0.8	1	0:00:09.830219
20180	403	403	0.122	1	0:00:09.801363
20200	404	404	0.8	1	0:00:09.804520
20220	404	404	0.778	1	0:00:09.792773
20240	404	895	0.308	0	0:00:09.793396
20260	405	405	0.8	1	0:00:09.932947
20280	405	405	0.764	1	0:00:09.933646
20300	406	406	0.764	1	0:00:09.937888
20320	406	857	0.705	0	0:00:09.832724
20340	406	406	0.778	1	0:00:09.831970
20360	407	407	0.8	1	0:00:09.818779
20380	407	407	0.8	1	0:00:09.817569
20400	408	847	0.6	0	0:00:09.830874
20420	408	408	0.8	1	0:00:09.825691
20440	408	408	0.651	1	0:00:09.822036
20460	409	442	0.0385	0	0:00:09.809489
20480	409	892	0.102	0	0:00:09.919981
20500	410	410	0.417	1	0:00:09.941927
20520	410	410	0.8	1	0:00:09.948826
20540	410	410	0.23	1	0:00:09.823064
20560	411	411	0.8	1	0:00:09.829498
20580	411	614	0.0981	0	0:00:09.814686
20600	412	412	0.045	1	0:00:09.814250
20620	412	412	0.494	1	0:00:09.814187
20640	412	412	0.323	1	0:00:09.818281
20660	413	413	0.103	1	0:00:09.829190
20680	413	830	0.0241	0	0:00:09.825513
20700	414	414	0.8	1	0:00:09.925683
20720	414	-1	0.0	0	0:00:09.819098
20740	414	869	0.212	0	0:00:09.815770
20760	415	857	0.569	0	0:00:09.803831
20780	415	928	0.285	0	0:00:09.821279
20800	416	416	0.8	1	0:00:09.801983
20820	416	602	0.0914	0	0:00:09.803511
20840	416	416	0.162	1	0:00:09.791299
20860	417	417	0.8	1	0:00:09.811293
20880	417	417	0.511	1	0:00:09.808576
20900	418	563	0.696	0	0:00:09.799901
20920	418	418	0.507	1	0:00:09.942387
20940	418	542	0.691	0	0:00:09.806138
20960	419	419	0.137	1	0:00:09.788946
20980	419	419	0.64	1	0:00:09.791342
21000	420	420	0.68	1	0:00:09.813753
21020	420	420	0.00834	1	0:00:09.813752
21040	420	-1	0.0	0	0:00:09.796689
21060	421	421	0.8	1	0:00:09.815054
21080	421	421	0.463	1	0:00:09.817876
21100	422	543	0.252	0	0:00:09.938817
21120	422	422	0.8	1	0:00:09.940808
21140	422	422	0.8	1	0:00:09.932811
21160	423	423	0.8	1	0:00:09.824358
21180	423	424	0.112	0	0:00:09.800560
21200	424	860	0.00922	0	0:00:09.807705
21220	424	424	0.413	1	0:00:09.811668
21240	424	-1	0.0	0	0:00:09.824795
21260	425	425	0.21	1	0:00:09.818034
21280	425	-1	0.0	0	0:00:09.813639
21300	426	426	0.8	1	0:00:09.818887
21320	426	426	0.8	1	0:00:09.935282
21340	426	426	0.8	1	0:00:09.930737
21360	427	427	0.8	1	0:00:09.932226
21380	427	885	0.0762	0	0:00:09.805390
21400	428	428	0.778	1	0:00:09.831673
21420	428	428	0.536	1	0:00:09.814703
21440	428	428	0.249	1	0:00:09.807482
21460	429	429	0.8	1	0:00:09.797246
21480	429	429	0.8	1	0:00:09.826099
21500	430	430	0.476	1	0:00:09.824122
21520	430	430	0.721	1	0:00:09.824473
21540	430	-1	0.0	0	0:00:09.939345
21560	431	431	0.8	1	0:00:09.815328
21580	431	431	0.778	1	0:00:09.815837
21600	432	432	0.8	1	0:00:09.802985
21620	432	432	0.8	1	0:00:09.816125
21640	432	432	0.0206	1	0:00:09.820833
21660	433	433	0.778	1	0:00:09.814820
21680	433	433	0.8	1	0:00:09.808919
21700	434	-1	0.0	0	0:00:09.816958
21720	434	-1	0.0	0	0:00:09.811543
21740	434	893	0.123	0	0:00:09.813153
21760	435	435	0.315	1	0:00:09.922482
21780	435	876	0.525	0	0:00:09.822186
21800	436	436	0.186	1	0:00:09.827122
21820	436	436	0.8	1	0:00:09.825115
21840	436	436	0.705	1	0:00:09.814472
21860	437	978	0.192	0	0:00:09.822855
21880	437	833	0.516	0	0:00:09.810199
21900	438	438	0.099	1	0:00:09.813454
21920	438	845	0.174	0	0:00:09.829274
21940	438	-1	0.0	0	0:00:09.932631
21960	439	439	0.8	1	0:00:09.956928
21980	439	541	0.565	0	0:00:09.932573
22000	440	737	0.207	0	0:00:09.831098
22020	440	440	0.298	1	0:00:09.823661
22040	440	440	0.8	1	0:00:09.814645
22060	441	441	0.8	1	0:00:09.788545
22080	441	441	0.8	1	0:00:09.810805
22100	442	442	0.321	1	0:00:09.803117
22120	442	497	0.123	0	0:00:09.827568
22140	442	442	0.0429	1	0:00:09.805310
22160	443	772	0.175	0	0:00:09.922245
22180	443	443	0.8	1	0:00:09.938658
22200	444	870	0.233	0	0:00:09.913827
22220	444	444	0.314	1	0:00:09.813844
22240	444	444	0.8	1	0:00:09.820246
22260	445	445	0.583	1	0:00:09.809084
22280	445	445	0.625	1	0:00:09.807510
22300	446	446	0.8	1	0:00:09.811017
22320	446	749	0.0348	0	0:00:09.807692
22340	446	478	0.778	0	0:00:09.810571
22360	447	447	0.743	1	0:00:09.818829
22380	447	391	0.518	0	0:00:09.910483
22400	448	448	0.8	1	0:00:09.795326
22420	448	448	0.8	1	0:00:09.814645
22440	448	448	0.778	1	0:00:09.819866
22460	449	449	0.721	1	0:00:09.818498
22480	449	449	0.604	1	0:00:09.825447
22500	450	-1	0.0	0	0:00:09.811450
22520	450	450	0.8	1	0:00:09.799009
22540	450	450	0.715	1	0:00:09.789831
22560	451	-1	0.0	0	0:00:09.794274
22580	451	451	0.8	1	0:00:09.805529
22600	452	452	0.8	1	0:00:09.991300
22620	452	452	0.0725	1	0:00:09.794666
22640	452	-1	0.0	0	0:00:09.801624
22660	453	453	0.8	1	0:00:09.835168
22680	453	453	0.8	1	0:00:09.829155
22700	454	454	0.381	1	0:00:09.820818
22720	454	454	0.588	1	0:00:09.815914
22740	454	781	0.0962	0	0:00:09.807245
22760	455	455	0.8	1	0:00:09.831452
22780	455	611	0.63	0	0:00:09.937659
22800	456	456	0.431	1	0:00:09.929691
22820	456	456	0.8	1	0:00:09.987409
22840	456	456	0.8	1	0:00:09.827693
22860	457	457	0.8	1	0:00:09.815375
22880	457	515	0.601	0	0:00:09.822682
22900	458	458	0.567	1	0:00:09.811458
22920	458	458	0.8	1	0:00:09.820241
22940	458	458	0.8	1	0:00:09.809001
22960	459	445	0.416	0	0:00:09.792081
22980	459	638	0.0225	0	0:00:09.819084
23000	460	978	0.558	0	0:00:09.930828
23020	460	460	0.495	1	0:00:09.925328
23040	460	460	0.735	1	0:00:09.982666
23060	461	524	0.0588	0	0:00:09.805638
23080	461	787	0.8	0	0:00:09.813226
23100	462	462	0.8	1	0:00:09.830214
23120	462	462	0.743	1	0:00:09.810953
23140	462	462	0.649	1	0:00:09.816488
23160	463	463	0.419	1	0:00:09.820024
23180	463	-1	0.0	0	0:00:09.816421
23200	464	674	0.102	0	0:00:09.823003
23220	464	464	0.261	1	0:00:09.931295
23240	464	464	0.8	1	0:00:09.804930
23260	465	411	0.0515	0	0:00:09.812862
23280	465	-1	0.0	0	0:00:09.816360
23300	466	466	0.8	1	0:00:09.820974
23320	466	466	0.8	1	0:00:09.811002
23340	466	466	0.8	1	0:00:09.823047
23360	467	467	0.8	1	0:00:09.825265
23380	467	467	0.513	1	0:00:09.821937
23400	468	468	0.8	1	0:00:09.821021
23420	468	468	0.8	1	0:00:09.819531
23440	468	609	0.204	0	0:00:09.946234
23460	469	469	0.8	1	0:00:09.807503
23480	469	910	0.0552	0	0:00:09.821518
23500	470	454	0.0408	0	0:00:09.813008
23520	470	470	0.157	1	0:00:09.806954
23540	470	551	0.28	0	0:00:09.806247
23560	471	517	0.156	0	0:00:09.807646
23580	471	-1	0.0	0	0:00:09.812124
23600	472	472	0.8	1	0:00:09.812386
23620	472	472	0.265	1	0:00:09.931671
23640	472	472	0.735	1	0:00:09.931595
23660	473	473	0.8	1	0:00:09.927463
23680	473	464	0.441	0	0:00:09.804095
23700	474	608	0.156	0	0:00:09.803539
23720	474	474	0.8	1	0:00:09.800905
23740	474	568	0.00232	0	0:00:09.803388
23760	475	-1	0.0	0	0:00:09.803127
23780	475	475	0.8	1	0:00:09.808876
23800	476	476	0.8	1	0:00:09.816950
23820	476	476	0.8	1	0:00:09.815209
23840	476	476	0.687	1	0:00:09.926744
23860	477	477	0.753	1	0:00:09.929183
23880	477	477	0.362	1	0:00:09.917192
23900	478	478	0.778	1	0:00:09.814016
23920	478	921	0.263	0	0:00:09.831910
23940	478	-1	0.0	0	0:00:09.815142
23960	479	511	0.126	0	0:00:09.786776
23980	479	-1	0.0	0	0:00:09.818751
24000	480	582	0.276	0	0:00:09.820676
24020	480	480	0.301	1	0:00:09.808843
24040	480	480	0.137	1	0:00:09.816500
24060	481	620	0.223	0	0:00:09.929188
24080	481	881	0.163	0	0:00:09.810442
24100	482	848	0.123	0	0:00:09.817609
24120	482	482	0.8	1	0:00:09.803826
24140	482	848	0.529	0	0:00:09.802390
24160	483	483	0.509	1	0:00:09.807644
24180	483	698	0.632	0	0:00:09.820539
24200	484	871	0.471	0	0:00:09.810229
24220	484	484	0.778	1	0:00:09.806522
24240	484	484	0.735	1	0:00:09.825766
24260	485	-1	0.0	0	0:00:09.799043
24280	485	485	0.312	1	0:00:09.946599
24300	486	486	0.778	1	0:00:09.809044
24320	486	486	0.8	1	0:00:09.823986
24340	486	-1	0.0	0	0:00:09.807325
24360	487	487	0.554	1	0:00:09.796259
24380	487	487	0.8	1	0:00:09.804100
24400	488	488	0.474	1	0:00:09.823956
24420	488	488	0.8	1	0:00:09.833583
24440	488	517	0.074	0	0:00:09.814667
24460	489	489	0.469	1	0:00:09.930641
24480	489	489	0.105	1	0:00:09.923442
24500	490	490	0.735	1	0:00:09.935174
24520	490	490	0.8	1	0:00:09.831489
24540	490	490	0.8	1	0:00:09.830510
24560	491	491	0.687	1	0:00:09.818591
24580	491	634	0.131	0	0:00:09.825443
24600	492	492	0.8	1	0:00:09.818407
24620	492	519	0.507	0	0:00:09.817043
24640	492	855	0.00539	0	0:00:09.805035
24660	493	894	0.0545	0	0:00:09.812220
24680	493	789	0.228	0	0:00:09.920755
24700	494	-1	0.0	0	0:00:09.924253
24720	494	494	0.8	1	0:00:09.935712
24740	494	494	0.8	1	0:00:09.817209
24760	495	495	0.8	1	0:00:09.837114
24780	495	495	0.8	1	0:00:09.829295
24800	496	496	0.588	1	0:00:09.818236
24820	496	496	0.8	1	0:00:09.811021
24840	496	496	0.8	1	0:00:09.812593
24860	497	497	0.8	1	0:00:09.802840
24880	497	497	0.258	1	0:00:09.808355
24900	498	498	0.8	1	0:00:09.911712
24920	498	781	0.0459	0	0:00:09.812639
24940	498	498	0.0415	1	0:00:09.827463
24960	499	424	0.185	0	0:00:09.813514
24980	499	-1	0.0	0	0:00:09.822179
25000	500	500	0.8	1	0:00:09.841456
25020	500	825	0.465	0	0:00:09.815825
25040	500	500	0.347	1	0:00:09.802536
25060	501	501	0.0205	1	0:00:09.805189
25080	501	921	0.0144	0	0:00:09.809766
25100	502	502	0.8	1	0:00:09.833689
25120	502	502	0.8	1	0:00:09.918888
25140	502	788	0.0956	0	0:00:09.830312
25160	503	503	0.8	1	0:00:09.807097
25180	503	950	0.258	0	0:00:09.814551
25200	504	504	0.541	1	0:00:09.825270
25220	504	788	0.319	0	0:00:09.832658
25240	504	967	0.116	0	0:00:09.812971
25260	505	505	0.8	1	0:00:09.796970
25280	505	849	0.485	0	0:00:09.821444
25300	506	506	0.662	1	0:00:09.933122
25320	506	580	0.118	0	0:00:10.002910
25340	506	-1	0.0	0	0:00:09.944356
25360	507	507	0.582	1	0:00:09.827010
25380	507	695	0.376	0	0:00:09.817255
25400	508	508	0.63	1	0:00:09.824298
25420	508	508	0.8	1	0:00:09.810135
25440	508	859	0.604	0	0:00:09.814276
25460	509	509	0.735	1	0:00:09.804504
25480	509	582	0.336	0	0:00:09.813329
25500	510	510	0.8	1	0:00:09.811508
25520	510	510	0.399	1	0:00:09.938878
25540	510	510	0.8	1	0:00:09.999529
25560	511	511	0.148	1	0:00:09.948123
25580	511	511	0.0792	1	0:00:09.812983
25600	512	-1	0.0	0	0:00:09.818957
25620	512	512	0.8	1	0:00:09.811744
25640	512	512	0.315	1	0:00:09.798462
25660	513	513	0.541	1	0:00:09.807290
25680	513	875	0.138	0	0:00:09.796854
25700	514	514	0.8	1	0:00:09.799293
25720	514	788	0.229	0	0:00:09.814306
25740	514	514	0.8	1	0:00:09.926632
25760	515	808	0.0917	0	0:00:09.817679
25780	515	515	0.0496	1	0:00:09.834127
25800	516	431	0.0181	0	0:00:09.809541
25820	516	516	0.743	1	0:00:09.811003
25840	516	431	0.377	0	0:00:09.821924
25860	517	540	0.278	0	0:00:09.824493
25880	517	517	0.778	1	0:00:09.812859
25900	518	518	0.8	1	0:00:09.816761
25920	518	518	0.8	1	0:00:09.814421
25940	518	518	0.438	1	0:00:09.805693
25960	519	519	0.304	1	0:00:09.932181
25980	519	569	0.0256	0	0:00:09.815975
26000	520	520	0.753	1	0:00:09.803436
26020	520	516	0.63	0	0:00:09.784734
26040	520	520	0.71	1	0:00:09.805840
26060	521	521	0.456	1	0:00:09.828088
26080	521	521	0.8	1	0:00:09.822159
26100	522	522	0.8	1	0:00:09.808096
26120	522	522	0.778	1	0:00:09.825176
26140	522	522	0.8	1	0:00:09.941905
26160	523	523	0.0878	1	0:00:09.937000
26180	523	-1	0.0	0	0:00:09.936078
26200	524	461	0.321	0	0:00:09.811072
26220	524	461	0.634	0	0:00:09.825417
26240	524	-1	0.0	0	0:00:09.819886
26260	525	525	0.576	1	0:00:09.820724
26280	525	-1	0.0	0	0:00:09.811139
26300	526	527	0.235	0	0:00:09.823236
26320	526	526	0.597	1	0:00:09.830369
26340	526	526	0.413	1	0:00:09.813972
26360	527	-1	0.0	0	0:00:09.922073
26380	527	-1	0.0	0	0:00:09.938553
26400	528	-1	0.0	0	0:00:09.932403
26420	528	528	0.8	1	0:00:09.791768
26440	528	528	0.8	1	0:00:09.813703
26460	529	-1	0.0	0	0:00:09.808092
26480	529	529	0.667	1	0:00:09.810102
26500	530	530	0.245	1	0:00:09.828094
26520	530	485	0.469	0	0:00:09.818253
26540	530	530	0.8	1	0:00:09.823768
26560	531	409	0.0425	0	0:00:09.815343
26580	531	531	0.36	1	0:00:09.948267
26600	532	846	0.173	0	0:00:09.824951
26620	532	532	0.632	1	0:00:09.824862
26640	532	532	0.8	1	0:00:09.827064
26660	533	533	0.705	1	0:00:09.826842
26680	533	533	0.743	1	0:00:09.817591
26700	534	-1	0.0	0	0:00:09.831964
26720	534	687	0.0702	0	0:00:09.819781
26740	534	-1	0.0	0	0:00:09.816862
26760	535	535	0.8	1	0:00:09.817055
26780	535	-1	0.0	0	0:00:09.822213
26800	536	403	0.609	0	0:00:09.947623
26820	536	536	0.667	1	0:00:09.834376
26840	536	517	0.299	0	0:00:09.833477
26860	537	537	0.8	1	0:00:09.831086
26880	537	537	0.8	1	0:00:09.841807
26900	538	538	0.8	1	0:00:09.843585
26920	538	-1	0.0	0	0:00:09.861376
26940	538	538	0.238	1	0:00:09.835101
26960	539	774	0.479	0	0:00:09.850688
26980	539	539	0.151	1	0:00:09.968658
27000	540	540	0.8	1	0:00:09.962717
27020	540	540	0.8	1	0:00:09.951787
27040	540	540	0.353	1	0:00:09.844442
27060	541	-1	0.0	0	0:00:09.817874
27080	541	541	0.8	1	0:00:09.844592
27100	542	542	0.433	1	0:00:09.835654
27120	542	542	0.303	1	0:00:09.842499
27140	542	-1	0.0	0	0:00:09.823635
27160	543	-1	0.0	0	0:00:09.839497
27180	543	543	0.8	1	0:00:09.852112
27200	544	926	0.16	0	0:00:09.960785
27220	544	544	0.606	1	0:00:09.958202
27240	544	469	0.406	0	0:00:09.954964
27260	545	545	0.8	1	0:00:09.846444
27280	545	885	0.0336	0	0:00:09.823029
27300	546	546	0.8	1	0:00:09.839775
27320	546	546	0.8	1	0:00:09.822994
27340	546	546	0.7	1	0:00:09.830503
27360	547	547	0.8	1	0:00:09.824284
27380	547	821	0.265	0	0:00:09.839492
27400	548	548	0.8	1	0:00:09.836052
27420	548	548	0.8	1	0:00:09.948638
27440	548	548	0.8	1	0:00:09.841102
27460	549	-1	0.0	0	0:00:09.828537
27480	549	692	0.505	0	0:00:09.823841
27500	550	505	0.557	0	0:00:09.848138
27520	550	-1	0.0	0	0:00:09.839793
27540	550	550	0.649	1	0:00:09.839984
27560	551	551	0.8	1	0:00:09.845653
27580	551	551	0.8	1	0:00:09.818651
27600	552	552	0.8	1	0:00:09.825697
27620	552	552	0.24	1	0:00:09.827486
27640	552	903	0.32	0	0:00:09.934037
27660	553	553	0.705	1	0:00:09.830338
27680	553	526	0.109	0	0:00:09.823424
27700	554	554	0.743	1	0:00:09.833964
27720	554	554	0.8	1	0:00:09.839351
27740	554	554	0.588	1	0:00:09.827749
27760	555	555	0.8	1	0:00:09.828615
27780	555	555	0.67	1	0:00:09.841304
27800	556	703	0.735	0	0:00:09.839870
27820	556	827	0.0329	0	0:00:10.007705
27840	556	556	0.8	1	0:00:09.957514
27860	557	557	0.8	1	0:00:09.945189
27880	557	557	0.8	1	0:00:09.830059
27900	558	251	0.05	0	0:00:09.829397
27920	558	432	0.659	0	0:00:09.833211
27940	558	642	0.00395	0	0:00:09.836620
27960	559	-1	0.0	0	0:00:09.848734
27980	559	559	0.8	1	0:00:09.835621
28000	560	560	0.8	1	0:00:09.835557
28020	560	560	0.8	1	0:00:09.847224
28040	560	560	0.8	1	0:00:09.969420
28060	561	561	0.626	1	0:00:09.957102
28080	561	561	0.145	1	0:00:09.955146
28100	562	562	0.8	1	0:00:09.827129
28120	562	-1	0.0	0	0:00:09.832974
28140	562	562	0.088	1	0:00:09.842464
28160	563	563	0.8	1	0:00:09.829449
28180	563	563	0.8	1	0:00:09.840579
28200	564	564	0.778	1	0:00:09.849134
28220	564	564	0.8	1	0:00:09.813791
28240	564	564	0.8	1	0:00:09.835232
28260	565	565	0.8	1	0:00:09.955133
28280	565	565	0.8	1	0:00:09.844270
28300	566	566	0.8	1	0:00:09.832849
28320	566	566	0.67	1	0:00:09.835008
28340	566	566	0.397	1	0:00:09.846419
28360	567	940	0.0553	0	0:00:09.847684
28380	567	567	0.7	1	0:00:09.825563
28400	568	568	0.0696	1	0:00:09.833015
28420	568	-1	0.0	0	0:00:09.834220
28440	568	568	0.148	1	0:00:09.854233
28460	569	569	0.62	1	0:00:09.837547
28480	569	569	0.764	1	0:00:09.946420
28500	570	-1	0.0	0	0:00:09.827971
28520	570	570	0.8	1	0:00:09.831341
28540	570	570	0.8	1	0:00:09.807631
28560	571	571	0.8	1	0:00:09.830158
28580	571	571	0.778	1	0:00:09.828260
28600	572	572	0.778	1	0:00:09.842495
28620	572	572	0.346	1	0:00:09.834795
28640	572	572	0.8	1	0:00:09.832553
28660	573	573	0.68	1	0:00:09.956994
28680	573	573	0.375	1	0:00:09.992906
28700	574	574	0.8	1	0:00:09.939758
28720	574	574	0.8	1	0:00:09.846873
28740	574	574	0.342	1	0:00:09.836677
28760	575	575	0.8	1	0:00:09.827589
28780	575	575	0.8	1	0:00:09.840523
28800	576	576	0.8	1	0:00:09.841242
28820	576	576	0.8	1	0:00:09.835524
28840	576	576	0.8	1	0:00:09.844878
28860	577	577	0.14	1	0:00:09.832425
28880	577	577	0.8	1	0:00:09.949885
28900	578	578	0.227	1	0:00:10.028864
28920	578	601	0.0433	0	0:00:09.948719
28940	578	578	0.39	1	0:00:09.820320
28960	579	579	0.764	1	0:00:09.813351
28980	579	881	0.8	0	0:00:09.835129
29000	580	580	0.559	1	0:00:09.859506
29020	580	580	0.54	1	0:00:09.833594
29040	580	580	0.651	1	0:00:09.840368
29060	581	581	0.8	1	0:00:09.835438
29080	581	581	0.8	1	0:00:09.834709
29100	582	-1	0.0	0	0:00:09.959478
29120	582	582	0.764	1	0:00:09.831456
29140	582	582	0.8	1	0:00:09.838285
29160	583	583	0.52	1	0:00:09.847105
29180	583	494	0.175	0	0:00:09.844902
29200	584	584	0.113	1	0:00:09.818878
29220	584	584	0.743	1	0:00:09.851278
29240	584	-1	0.0	0	0:00:09.833044
29260	585	585	0.017	1	0:00:09.820746
29280	585	585	0.343	1	0:00:09.838327
29300	586	586	0.696	1	0:00:09.837631
29320	586	586	0.67	1	0:00:09.955707
29340	586	847	0.623	0	0:00:09.842113
29360	587	587	0.8	1	0:00:09.826638
29380	587	-1	0.0	0	0:00:09.848832
29400	588	588	0.8	1	0:00:09.832101
29420	588	588	0.764	1	0:00:09.832281
29440	588	588	0.8	1	0:00:09.847532
29460	589	589	0.0408	1	0:00:09.832864
29480	589	589	0.0105	1	0:00:09.834612
29500	590	590	0.8	1	0:00:09.948631
29520	590	590	0.8	1	0:00:09.950118
29540	590	605	0.0195	0	0:00:09.962050
29560	591	591	0.585	1	0:00:09.829128
29580	591	591	0.8	1	0:00:09.838306
29600	592	592	0.8	1	0:00:09.832393
29620	592	592	0.8	1	0:00:09.836737
29640	592	769	0.0188	0	0:00:09.836083
29660	593	593	0.415	1	0:00:09.840961
29680	593	593	0.494	1	0:00:09.825512
29700	594	594	0.452	1	0:00:09.826775
29720	594	594	0.8	1	0:00:09.951055
29740	594	594	0.153	1	0:00:09.951336
29760	595	595	0.662	1	0:00:09.952503
29780	595	866	0.8	0	0:00:09.842504
29800	596	596	0.379	1	0:00:09.838948
29820	596	596	0.179	1	0:00:09.831365
29840	596	587	0.311	0	0:00:09.820760
29860	597	597	0.8	1	0:00:09.816841
29880	597	764	0.0719	0	0:00:09.836605
29900	598	-1	0.0	0	0:00:09.842962
29920	598	598	0.272	1	0:00:09.824080
29940	598	598	0.373	1	0:00:09.944190
29960	599	599	0.8	1	0:00:09.843800
29980	599	973	0.206	0	0:00:09.852777
30000	600	600	0.363	1	0:00:09.834467
30020	600	-1	0.0	0	0:00:09.837246
30040	600	488	0.212	0	0:00:09.829509
30060	601	-1	0.0	0	0:00:09.829013
30080	601	601	0.625	1	0:00:09.841398
30100	602	602	0.8	1	0:00:09.825806
30120	602	602	0.735	1	0:00:09.841565
30140	602	890	0.344	0	0:00:09.837880
30160	603	612	0.104	0	0:00:09.962756
30180	603	603	0.8	1	0:00:09.830553
30200	604	604	0.599	1	0:00:09.835329
30220	604	604	0.778	1	0:00:09.840250
30240	604	604	0.696	1	0:00:09.832100
30260	605	605	0.0172	1	0:00:09.833344
30280	605	605	0.8	1	0:00:09.821638
30300	606	606	0.8	1	0:00:09.807199
30320	606	606	0.147	1	0:00:09.844967
30340	606	606	0.8	1	0:00:09.967195
30360	607	607	0.8	1	0:00:09.949249
30380	607	607	0.8	1	0:00:09.957084
30400	608	608	0.301	1	0:00:09.858059
30420	608	608	0.8	1	0:00:09.838492
30440	608	515	0.315	0	0:00:09.834183
30460	609	609	0.581	1	0:00:09.845574
30480	609	609	0.8	1	0:00:09.831744
30500	610	610	0.154	1	0:00:09.820849
30520	610	610	0.291	1	0:00:09.837721
30540	610	610	0.743	1	0:00:09.847512
30560	611	772	0.286	0	0:00:09.951325
30580	611	611	0.506	1	0:00:09.963137
30600	612	612	0.8	1	0:00:09.949745
30620	612	612	0.8	1	0:00:09.842562
30640	612	612	0.8	1	0:00:09.846627
30660	613	613	0.621	1	0:00:09.818985
30680	613	613	0.61	1	0:00:09.829111
30700	614	614	0.628	1	0:00:09.831333
30720	614	-1	0.0	0	0:00:09.815474
30740	614	614	0.463	1	0:00:09.845736
30760	615	615	0.8	1	0:00:09.829752
30780	615	615	0.8	1	0:00:09.937675
30800	616	-1	0.0	0	0:00:09.837040
30820	616	491	0.192	0	0:00:09.851467
30840	616	616	0.8	1	0:00:09.828622
30860	617	-1	0.0	0	0:00:09.836260
30880	617	617	0.8	1	0:00:09.815141
30900	618	-1	0.0	0	0:00:09.840923
30920	618	-1	0.0	0	0:00:09.838488
30940	618	-1	0.0	0	0:00:09.826519
30960	619	905	0.728	0	0:00:09.826447
30980	619	-1	0.0	0	0:00:09.806021
31000	620	620	0.393	1	0:00:09.935001
31020	620	527	0.8	0	0:00:09.836303
31040	620	620	0.8	1	0:00:09.809182
31060	621	621	0.8	1	0:00:09.825470
31080	621	621	0.362	1	0:00:09.819306
31100	622	622	0.8	1	0:00:09.818876
31120	622	551	0.108	0	0:00:09.822802
31140	622	-1	0.0	0	0:00:09.829857
31160	623	-1	0.0	0	0:00:09.818422
31180	623	917	0.393	0	0:00:10.006479
31200	624	453	0.183	0	0:00:09.939273
31220	624	981	0.0102	0	0:00:09.947246
31240	624	624	0.753	1	0:00:09.839001
31260	625	625	0.8	1	0:00:09.809979
31280	625	625	0.8	1	0:00:09.824752
31300	626	692	0.152	0	0:00:09.817928
31320	626	626	0.357	1	0:00:09.798309
31340	626	626	0.403	1	0:00:09.809321
31360	627	627	0.8	1	0:00:09.825837
31380	627	627	0.677	1	0:00:09.823276
31400	628	628	0.61	1	0:00:09.962724
31420	628	628	0.8	1	0:00:09.935136
31440	628	628	0.8	1	0:00:09.927571
31460	629	629	0.8	1	0:00:09.826694
31480	629	629	0.8	1	0:00:09.801628
31500	630	703	0.743	0	0:00:09.802029
31520	630	630	0.667	1	0:00:09.818282
31540	630	630	0.495	1	0:00:09.809864
31560	631	631	0.8	1	0:00:09.811507
31580	631	585	0.753	0	0:00:09.820005
31600	632	632	0.8	1	0:00:09.822776
31620	632	481	0.0558	0	0:00:09.961578
31640	632	819	0.586	0	0:00:09.818317
31660	633	633	0.436	1	0:00:09.819559
31680	633	622	0.0441	0	0:00:09.827606
31700	634	489	0.8	0	0:00:09.821250
31720	634	-1	0.0	0	0:00:09.826186
31740	634	634	0.265	1	0:00:09.842723
31760	635	635	0.175	1	0:00:09.834885
31780	635	635	0.612	1	0:00:09.844437
31800	636	636	0.8	1	0:00:09.830904
31820	636	636	0.52	1	0:00:09.824475
31840	636	721	0.072	0	0:00:09.924910
31860	637	637	0.8	1	0:00:09.815701
31880	637	637	0.8	1	0:00:09.827625
31900	638	638	0.237	1	0:00:09.815370
31920	638	639	0.753	0	0:00:09.818538
31940	638	639	0.8	0	0:00:09.816987
31960	639	639	0.778	1	0:00:09.808360
31980	639	-1	0.0	0	0:00:09.797845
32000	640	640	0.8	1	0:00:09.813294
32020	640	640	0.8	1	0:00:09.929170
32040	640	-1	0.0	0	0:00:09.946056
32060	641	641	0.155	1	0:00:09.921692
32080	641	641	0.8	1	0:00:09.795984
32100	642	642	0.8	1	0:00:09.803787
32120	642	642	0.8	1	0:00:09.806274
32140	642	642	0.8	1	0:00:09.813195
32160	643	837	0.291	0	0:00:09.809808
32180	643	-1	0.0	0	0:00:09.806956
32200	644	644	0.8	1	0:00:09.828192
32220	644	644	0.502	1	0:00:09.813764
32240	644	644	0.684	1	0:00:09.955432
32260	645	645	0.8	1	0:00:09.991072
32280	645	645	0.8	1	0:00:09.935449
32300	646	545	0.433	0	0:00:09.789733
32320	646	646	0.8	1	0:00:09.826448
32340	646	-1	0.0	0	0:00:09.825800
32360	647	473	0.166	0	0:00:09.802848
32380	647	647	0.7	1	0:00:09.798598
32400	648	648	0.205	1	0:00:09.805625
32420	648	519	0.0831	0	0:00:09.807801
32440	648	648	0.642	1	0:00:09.809822
32460	649	649	0.8	1	0:00:09.889670
32480	649	649	0.753	1	0:00:09.827502
32500	650	546	0.71	0	0:00:09.789290
32520	650	650	0.8	1	0:00:09.797534
32540	650	-1	0.0	0	0:00:09.810853
32560	651	651	0.778	1	0:00:09.816697
32580	651	782	0.231	0	0:00:09.807851
32600	652	715	0.124	0	0:00:09.846602
32620	652	652	0.00721	1	0:00:09.828607
32640	652	652	0.8	1	0:00:09.829474
32660	653	653	0.166	1	0:00:09.825546
32680	653	653	0.8	1	0:00:09.945429
32700	654	-1	0.0	0	0:00:09.831460
32720	654	609	0.753	0	0:00:09.822572
32740	654	627	0.764	0	0:00:09.817820
32760	655	-1	0.0	0	0:00:09.814560
32780	655	-1	0.0	0	0:00:09.805478
32800	656	656	0.106	1	0:00:09.806224
32820	656	654	0.306	0	0:00:09.799997
32840	656	656	0.436	1	0:00:09.803055
32860	657	-1	0.0	0	0:00:09.917348
32880	657	657	0.395	1	0:00:09.938841
32900	658	658	0.638	1	0:00:09.941563
32920	658	658	0.152	1	0:00:09.819571
32940	658	658	0.778	1	0:00:09.816473
32960	659	659	0.8	1	0:00:09.806062
32980	659	729	0.0748	0	0:00:09.804081
33000	660	660	0.778	1	0:00:09.813097
33020	660	660	0.764	1	0:00:09.822547
33040	660	557	0.206	0	0:00:09.800499
33060	661	661	0.8	1	0:00:09.829258
33080	661	661	0.8	1	0:00:09.925455
33100	662	-1	0.0	0	0:00:09.930283
33120	662	662	0.8	1	0:00:09.949110
33140	662	662	0.267	1	0:00:09.795857
33160	663	497	0.332	0	0:00:09.804074
33180	663	663	0.8	1	0:00:09.822307
33200	664	851	0.471	0	0:00:09.818671
33220	664	782	0.8	0	0:00:09.808370
33240	664	851	0.27	0	0:00:09.815886
33260	665	665	0.764	1	0:00:09.814972
33280	665	665	0.8	1	0:00:09.810256
33300	666	666	0.251	1	0:00:09.923363
33320	666	666	0.508	1	0:00:09.818312
33340	666	666	0.303	1	0:00:09.813579
33360	667	400	0.48	0	0:00:09.811463
33380	667	667	0.8	1	0:00:09.800646
33400	668	-1	0.0	0	0:00:09.803822
33420	668	668	0.8	1	0:00:09.819814
33440	668	668	0.284	1	0:00:09.794448
33460	669	669	0.588	1	0:00:09.816963
33480	669	669	0.179	1	0:00:09.804857
33500	670	670	0.8	1	0:00:09.814833
33520	670	670	0.8	1	0:00:09.946864
33540	670	670	0.8	1	0:00:09.821041
33560	671	880	0.0367	0	0:00:09.824031
33580	671	671	0.297	1	0:00:09.793747
33600	672	672	0.568	1	0:00:09.806766
33620	672	672	0.8	1	0:00:09.806386
33640	672	672	0.8	1	0:00:09.805622
33660	673	673	0.778	1	0:00:09.783186
33680	673	673	0.0714	1	0:00:09.816061
33700	674	674	0.673	1	0:00:09.926065
33720	674	674	0.8	1	0:00:09.918089
33740	674	674	0.479	1	0:00:09.903839
33760	675	675	0.8	1	0:00:09.808243
33780	675	867	0.521	0	0:00:09.801346
33800	676	464	0.184	0	0:00:09.810394
33820	676	676	0.8	1	0:00:09.803079
33840	676	676	0.371	1	0:00:09.815145
33860	677	-1	0.0	0	0:00:09.807947
33880	677	695	0.112	0	0:00:09.807694
33900	678	678	0.8	1	0:00:09.815635
33920	678	443	0.413	0	0:00:09.923717
33940	678	678	0.8	1	0:00:09.922051
33960	679	679	0.388	1	0:00:09.927080
33980	679	679	0.453	1	0:00:09.797039
34000	680	-1	0.0	0	0:00:09.794157
34020	680	680	0.536	1	0:00:09.775940
34040	680	680	0.208	1	0:00:09.812677
34060	681	681	0.651	1	0:00:09.799579
34080	681	620	0.728	0	0:00:09.819302
34100	682	682	0.299	1	0:00:09.809535
34120	682	682	0.41	1	0:00:09.842053
34140	682	682	0.8	1	0:00:09.930520
34160	683	683	0.0371	1	0:00:09.811774
34180	683	413	0.275	0	0:00:09.820573
34200	684	684	0.656	1	0:00:09.816478
34220	684	684	0.778	1	0:00:09.823678
34240	684	684	0.8	1	0:00:09.820654
34260	685	685	0.8	1	0:00:09.844788
34280	685	685	0.8	1	0:00:09.829851
34300	686	686	0.042	1	0:00:09.825542
34320	686	-1	0.0	0	0:00:09.809007
34340	686	-1	0.0	0	0:00:09.801496
34360	687	687	0.8	1	0:00:09.937985
34380	687	687	0.8	1	0:00:09.817436
34400	688	688	0.8	1	0:00:09.828614
34420	688	590	0.743	0	0:00:09.841047
34440	688	688	0.8	1	0:00:09.819826
34460	689	689	0.376	1	0:00:09.819073
34480	689	-1	0.0	0	0:00:09.825615
34500	690	690	0.728	1	0:00:09.818640
34520	690	917	0.57	0	0:00:09.823090
34540	690	-1	0.0	0	0:00:09.939944
34560	691	691	0.524	1	0:00:09.946593
34580	691	691	0.0966	1	0:00:09.940914
34600	692	692	0.43	1	0:00:09.802462
34620	692	865	0.462	0	0:00:09.811894
34640	692	692	0.753	1	0:00:09.800964
34660	693	693	0.596	1	0:00:09.806053
34680	693	693	0.0636	1	0:00:09.787754
34700	694	694	0.8	1	0:00:09.805095
34720	694	694	0.8	1	0:00:09.827268
34740	694	694	0.8	1	0:00:09.813722
34760	695	695	0.715	1	0:00:09.929699
34780	695	695	0.0742	1	0:00:09.971809
34800	696	-1	0.0	0	0:00:09.935742
34820	696	463	0.662	0	0:00:09.820382
34840	696	-1	0.0	0	0:00:09.814110
34860	697	697	0.764	1	0:00:09.806154
34880	697	697	0.8	1	0:00:09.824361
34900	698	663	0.307	0	0:00:09.795464
34920	698	483	0.0555	0	0:00:09.811282
34940	698	698	0.8	1	0:00:09.806411
34960	699	699	0.0189	1	0:00:09.810804
34980	699	699	0.41	1	0:00:09.927335
35000	700	700	0.445	1	0:00:09.812568
35020	700	94	0.171	0	0:00:09.811466
35040	700	-1	0.0	0	0:00:09.802498
35060	701	-1	0.0	0	0:00:09.817703
35080	701	701	0.8	1	0:00:09.786799
35100	702	602	0.165	0	0:00:09.810571
35120	702	702	0.8	1	0:00:09.797473
35140	702	702	0.244	1	0:00:09.821057
35160	703	-1	0.0	0	0:00:09.812989
35180	703	-1	0.0	0	0:00:09.808024
35200	704	704	0.8	1	0:00:09.927715
35220	704	704	0.8	1	0:00:09.801343
35240	704	704	0.743	1	0:00:09.808152
35260	705	705	0.764	1	0:00:09.799701
35280	705	874	0.8	0	0:00:09.819004
35300	706	762	0.0368	0	0:00:09.800235
35320	706	706	0.216	1	0:00:09.827827
35340	706	706	0.16	1	0:00:09.829875
35360	707	707	0.743	1	0:00:09.828670
35380	707	707	0.8	1	0:00:09.950936
35400	708	682	0.451	0	0:00:09.920286
35420	708	708	0.467	1	0:00:09.972920
35440	708	708	0.601	1	0:00:09.799836
35460	709	709	0.151	1	0:00:09.807983
35480	709	-1	0.0	0	0:00:09.808280
35500	710	710	0.0901	1	0:00:09.827917
35520	710	710	0.108	1	0:00:09.809544
35540	710	-1	0.0	0	0:00:09.813479
35560	711	-1	0.0	0	0:00:09.813977
35580	711	916	0.541	0	0:00:09.804732
35600	712	712	0.8	1	0:00:09.929154
35620	712	-1	0.0	0	0:00:09.971186
35640	712	712	0.8	1	0:00:10.018788
35660	713	713	0.8	1	0:00:09.802292
35680	713	713	0.8	1	0:00:09.792624
35700	714	714	0.528	1	0:00:09.787094
35720	714	451	0.00332	0	0:00:09.791793
35740	714	714	0.8	1	0:00:09.806695
35760	715	715	0.8	1	0:00:09.799826
35780	715	715	0.422	1	0:00:09.798745
35800	716	716	0.8	1	0:00:09.810747
35820	716	716	0.8	1	0:00:09.938095
35840	716	716	0.8	1	0:00:09.828267
35860	717	717	0.242	1	0:00:09.824331
35880	717	717	0.119	1	0:00:09.804538
35900	718	449	0.434	0	0:00:09.809120
35920	718	517	0.258	0	0:00:09.809821
35940	718	718	0.396	1	0:00:09.804074
35960	719	-1	0.0	0	0:00:09.818113
35980	719	719	0.0772	1	0:00:09.807588
36000	720	720	0.173	1	0:00:09.801561
36020	720	720	0.465	1	0:00:09.821949
36040	720	720	0.764	1	0:00:09.938085
36060	721	721	0.721	1	0:00:09.828552
36080	721	-1	0.0	0	0:00:09.826724
36100	722	722	0.8	1	0:00:09.813061
36120	722	722	0.8	1	0:00:09.809985
36140	722	722	0.8	1	0:00:09.803232
36160	723	723	0.8	1	0:00:09.797586
36180	723	723	0.649	1	0:00:09.797098
36200	724	780	0.8	0	0:00:09.790889
36220	724	484	0.0577	0	0:00:09.926920
36240	724	724	0.632	1	0:00:09.929616
36260	725	725	0.225	1	0:00:09.951402
36280	725	-1	0.0	0	0:00:09.804925
36300	726	726	0.8	1	0:00:09.824883
36320	726	726	0.8	1	0:00:09.830189
36340	726	-1	0.0	0	0:00:09.847765
36360	727	727	0.8	1	0:00:09.833153
36380	727	727	0.534	1	0:00:09.824257
36400	728	728	0.446	1	0:00:09.817196
36420	728	-1	0.0	0	0:00:09.801627
36440	728	728	0.349	1	0:00:09.955245
36460	729	729	0.778	1	0:00:09.921728
36480	729	659	0.375	0	0:00:09.920865
36500	730	856	0.133	0	0:00:09.807689
36520	730	730	0.615	1	0:00:09.812153
36540	730	730	0.753	1	0:00:09.813733
36560	731	-1	0.0	0	0:00:09.807182
36580	731	577	0.163	0	0:00:09.799807
36600	732	732	0.8	1	0:00:09.804044
36620	732	732	0.287	1	0:00:09.820681
36640	732	732	0.8	1	0:00:09.822372
36660	733	-1	0.0	0	0:00:09.937261
36680	733	399	0.00658	0	0:00:09.812494
36700	734	734	0.8	1	0:00:09.833148
36720	734	734	0.8	1	0:00:09.823792
36740	734	734	0.562	1	0:00:09.814523
36760	735	735	0.8	1	0:00:09.806028
36780	735	735	0.539	1	0:00:09.822167
36800	736	736	0.8	1	0:00:09.796810
36820	736	736	0.322	1	0:00:09.824133
36840	736	736	0.8	1	0:00:09.799321
36860	737	737	0.285	1	0:00:09.799404
36880	737	760	0.778	0	0:00:09.922248
36900	738	738	0.511	1	0:00:09.828327
36920	738	738	0.8	1	0:00:09.841537
36940	738	738	0.8	1	0:00:09.826606
36960	739	739	0.615	1	0:00:09.834628
36980	739	739	0.595	1	0:00:09.824788
37000	740	-1	0.0	0	0:00:09.805898
37020	740	740	0.0939	1	0:00:09.812236
37040	740	740	0.8	1	0:00:09.810152
37060	741	-1	0.0	0	0:00:09.951220
37080	741	887	0.231	0	0:00:09.957363
37100	742	-1	0.0	0	0:00:09.940939
37120	742	742	0.124	1	0:00:09.794081
37140	742	713	0.764	0	0:00:09.805160
37160	743	-1	0.0	0	0:00:09.822151
37180	743	743	0.8	1	0:00:09.819411
37200	744	657	0.8	0	0:00:09.818032
37220	744	-1	0.0	0	0:00:09.813323
37240	744	657	0.778	0	0:00:09.801605
37260	745	745	0.211	1	0:00:09.828512
37280	745	745	0.8	1	0:00:09.931250
37300	746	746	0.8	1	0:00:09.927824
37320	746	746	0.705	1	0:00:09.927357
37340	746	746	0.8	1	0:00:09.800738
37360	747	747	0.8	1	0:00:09.819698
37380	747	747	0.8	1	0:00:09.799039
37400	748	748	0.67	1	0:00:09.817045
37420	748	823	0.105	0	0:00:09.818448
37440	748	748	0.8	1	0:00:09.806546
37460	749	749	0.259	1	0:00:09.815404
37480	749	749	0.673	1	0:00:09.806378
37500	750	-1	0.0	0	0:00:09.939244
37520	750	750	0.8	1	0:00:09.825977
37540	750	-1	0.0	0	0:00:09.827302
37560	751	751	0.8	1	0:00:09.819492
37580	751	751	0.8	1	0:00:09.812012
37600	752	-1	0.0	0	0:00:09.806997
37620	752	752	0.415	1	0:00:09.823723
37640	752	752	0.673	1	0:00:09.802620
37660	753	-1	0.0	0	0:00:09.813082
37680	753	753	0.59	1	0:00:09.821867
37700	754	848	0.0558	0	0:00:09.816467
37720	754	688	0.173	0	0:00:09.944102
37740	754	-1	0.0	0	0:00:09.784869
37760	755	755	0.8	1	0:00:09.818776
37780	755	755	0.8	1	0:00:09.817984
37800	756	756	0.49	1	0:00:09.808324
37820	756	463	0.438	0	0:00:09.816919
37840	756	756	0.71	1	0:00:09.815564
37860	757	-1	0.0	0	0:00:09.828345
37880	757	757	0.8	1	0:00:09.830470
37900	758	758	0.533	1	0:00:09.951055
37920	758	758	0.124	1	0:00:10.001488
37940	758	758	0.612	1	0:00:09.934315
37960	759	759	0.8	1	0:00:09.808704
37980	759	589	0.181	0	0:00:09.810716
38000	760	760	0.126	1	0:00:09.808852
38020	760	760	0.124	1	0:00:09.788679
38040	760	550	0.364	0	0:00:09.815139
38060	761	761	0.52	1	0:00:09.803020
38080	761	761	0.764	1	0:00:09.815452
38100	762	762	0.414	1	0:00:09.822016
38120	762	762	0.8	1	0:00:09.931914
38140	762	907	0.00426	0	0:00:09.998503
38160	763	763	0.258	1	0:00:09.936299
38180	763	763	0.8	1	0:00:09.801465
38200	764	-1	0.0	0	0:00:09.801318
38220	764	764	0.71	1	0:00:09.810539
38240	764	764	0.562	1	0:00:09.824414
38260	765	765	0.8	1	0:00:09.813030
38280	765	765	0.8	1	0:00:09.818461
38300	766	766	0.8	1	0:00:09.803986
38320	766	-1	0.0	0	0:00:09.820972
38340	766	771	0.133	0	0:00:09.940930
38360	767	767	0.182	1	0:00:09.814227
38380	767	-1	0.0	0	0:00:09.808928
38400	768	768	0.331	1	0:00:09.807021
38420	768	768	0.601	1	0:00:09.821543
38440	768	768	0.8	1	0:00:09.814146
38460	769	542	0.123	0	0:00:09.817369
38480	769	769	0.8	1	0:00:09.810966
38500	770	770	0.346	1	0:00:09.805277
38520	770	770	0.204	1	0:00:09.793002
38540	770	770	0.0598	1	0:00:09.796057
38560	771	771	0.163	1	0:00:09.918334
38580	771	771	0.8	1	0:00:09.811032
38600	772	772	0.764	1	0:00:09.814482
38620	772	-1	0.0	0	0:00:09.811333
38640	772	695	0.0412	0	0:00:09.787694
38660	773	773	0.8	1	0:00:09.800014
38680	773	773	0.8	1	0:00:09.793776
38700	774	774	0.8	1	0:00:09.823187
38720	774	774	0.654	1	0:00:09.827133
38740	774	615	0.251	0	0:00:09.941598
38760	775	775	0.075	1	0:00:09.935230
38780	775	775	0.659	1	0:00:09.956936
38800	776	683	0.0904	0	0:00:09.813177
38820	776	776	0.8	1	0:00:09.805379
38840	776	916	0.61	0	0:00:09.794624
38860	777	777	0.8	1	0:00:09.795924
38880	777	777	0.319	1	0:00:09.818441
38900	778	-1	0.0	0	0:00:09.807824
38920	778	778	0.378	1	0:00:09.806043
38940	778	778	0.67	1	0:00:09.815458
38960	779	779	0.499	1	0:00:09.901778
38980	779	779	0.8	1	0:00:09.926924
39000	780	484	0.162	0	0:00:09.917301
39020	780	780	0.8	1	0:00:09.786917
39040	780	780	0.527	1	0:00:09.794752
39060	781	781	0.8	1	0:00:09.805466
39080	781	807	0.29	0	0:00:09.799466
39100	782	851	0.203	0	0:00:09.802446
39120	782	598	0.11	0	0:00:09.799428
39140	782	664	0.8	0	0:00:09.800626
39160	783	-1	0.0	0	0:00:09.771135
39180	783	783	0.59	1	0:00:09.917793
39200	784	891	0.196	0	0:00:09.829782
39220	784	784	0.753	1	0:00:09.825936
39240	784	-1	0.0	0	0:00:09.823016
39260	785	-1	0.0	0	0:00:09.826247
39280	785	785	0.743	1	0:00:09.830763
39300	786	786	0.324	1	0:00:09.826371
39320	786	786	0.8	1	0:00:09.814990
39340	786	-1	0.0	0	0:00:09.821065
39360	787	787	0.764	1	0:00:09.827803
39380	787	787	0.399	1	0:00:09.829425
39400	788	788	0.174	1	0:00:09.929228
39420	788	788	0.8	1	0:00:09.827466
39440	788	788	0.8	1	0:00:09.810240
39460	789	789	0.8	1	0:00:09.811770
39480	789	789	0.8	1	0:00:09.813128
39500	790	791	0.8	0	0:00:09.798858
39520	790	-1	0.0	0	0:00:09.819289
39540	790	790	0.8	1	0:00:09.794368
39560	791	791	0.347	1	0:00:09.817061
39580	791	791	0.8	1	0:00:09.914434
39600	792	792	0.753	1	0:00:09.920732
39620	792	792	0.43	1	0:00:09.950025
39640	792	792	0.691	1	0:00:09.790450
39660	793	433	0.0945	0	0:00:09.812219
39680	793	740	0.204	0	0:00:09.811472
39700	794	794	0.667	1	0:00:09.799878
39720	794	-1	0.0	0	0:00:09.815503
39740	794	-1	0.0	0	0:00:09.803284
39760	795	970	0.333	0	0:00:09.812313
39780	795	795	0.266	1	0:00:09.807014
39800	796	796	0.8	1	0:00:09.930672
39820	796	424	0.0874	0	0:00:09.934772
39840	796	796	0.163	1	0:00:09.930703
39860	797	797	0.687	1	0:00:09.814633
39880	797	797	0.474	1	0:00:09.812185
39900	798	798	0.265	1	0:00:09.793828
39920	798	798	0.0329	1	0:00:09.805489
39940	798	798	0.684	1	0:00:09.800531
39960	799	799	0.479	1	0:00:09.812016
39980	799	519	0.27	0	0:00:09.808491
40000	800	800	0.8	1	0:00:09.814780
40020	800	800	0.535	1	0:00:09.945472
40040	800	800	0.8	1	0:00:09.788894
40060	801	801	0.258	1	0:00:09.804030
40080	801	801	0.687	1	0:00:09.806621
40100	802	802	0.596	1	0:00:09.823383
40120	802	802	0.735	1	0:00:09.814171
40140	802	802	0.8	1	0:00:09.802890
40160	803	803	0.764	1	0:00:09.806693
40180	803	803	0.8	1	0:00:09.794236
40200	804	804	0.778	1	0:00:09.799500
40220	804	804	0.8	1	0:00:09.802101
40240	804	-1	0.0	0	0:00:09.922191
40260	805	805	0.8	1	0:00:09.790555
40280	805	739	0.115	0	0:00:09.823264
40300	806	806	0.8	1	0:00:09.805361
40320	806	806	0.8	1	0:00:09.793195
40340	806	942	0.146	0	0:00:09.825766
40360	807	540	0.0913	0	0:00:09.798902
40380	807	807	0.8	1	0:00:09.797310
40400	808	808	0.8	1	0:00:09.798424
40420	808	392	0.0858	0	0:00:09.986004
40440	808	879	0.361	0	0:00:09.964498
40460	809	927	0.428	0	0:00:09.913834
40480	809	926	0.569	0	0:00:09.818646
40500	810	810	0.728	1	0:00:09.806361
40520	810	878	0.8	0	0:00:09.817888
40540	810	810	0.00884	1	0:00:09.807839
40560	811	827	0.753	0	0:00:09.811494
40580	811	-1	0.0	0	0:00:09.805142
40600	812	812	0.8	1	0:00:09.818130
40620	812	812	0.8	1	0:00:09.805086
40640	812	812	0.8	1	0:00:09.966736
40660	813	929	0.347	0	0:00:09.919484
40680	813	-1	0.0	0	0:00:09.935258
40700	814	814	0.451	1	0:00:09.803668
40720	814	814	0.8	1	0:00:09.808690
40740	814	814	0.7	1	0:00:09.828506
40760	815	815	0.8	1	0:00:09.826408
40780	815	-1	0.0	0	0:00:09.823677
40800	816	816	0.8	1	0:00:09.825514
40820	816	816	0.778	1	0:00:09.810620
40840	816	816	0.642	1	0:00:09.806944
40860	817	751	0.364	0	0:00:09.932363
40880	817	817	0.8	1	0:00:09.807140
40900	818	745	0.183	0	0:00:09.824274
40920	818	818	0.347	1	0:00:09.807733
40940	818	818	0.444	1	0:00:09.826659
40960	819	819	0.636	1	0:00:09.819061
40980	819	-1	0.0	0	0:00:09.815277
41000	820	820	0.468	1	0:00:09.802066
41020	820	820	0.502	1	0:00:09.804259
41040	820	820	0.8	1	0:00:09.817625
41060	821	821	0.8	1	0:00:09.818048
41080	821	821	0.743	1	0:00:09.923811
41100	822	822	0.8	1	0:00:09.812505
41120	822	822	0.8	1	0:00:09.815564
41140	822	822	0.705	1	0:00:09.808487
41160	823	823	0.146	1	0:00:09.820322
41180	823	823	0.4	1	0:00:09.804348
41200	824	824	0.64	1	0:00:09.814507
41220	824	824	0.217	1	0:00:09.819961
41240	824	-1	0.0	0	0:00:09.806941
41260	825	825	0.8	1	0:00:09.933839
41280	825	611	0.3	0	0:00:09.933753
41300	826	531	0.401	0	0:00:09.935718
41320	826	605	0.8	0	0:00:09.811781
41340	826	826	0.103	1	0:00:09.818645
41360	827	827	0.8	1	0:00:09.811226
41380	827	-1	0.0	0	0:00:09.822884
41400	828	828	0.408	1	0:00:09.794049
41420	828	828	0.8	1	0:00:09.818663
41440	828	904	0.0907	0	0:00:09.827605
41460	829	829	0.8	1	0:00:09.809867
41480	829	-1	0.0	0	0:00:09.944252
41500	830	830	0.427	1	0:00:09.950860
41520	830	596	0.139	0	0:00:09.947891
41540	830	830	0.346	1	0:00:09.839804
41560	831	831	0.8	1	0:00:09.818971
41580	831	831	0.259	1	0:00:09.829580
41600	832	832	0.167	1	0:00:09.819208
41620	832	832	0.316	1	0:00:09.817010
41640	832	832	0.265	1	0:00:09.825767
41660	833	833	0.651	1	0:00:09.808068
41680	833	833	0.8	1	0:00:09.799761
41700	834	861	0.00684	0	0:00:09.932420
41720	834	834	0.58	1	0:00:09.809378
41740	834	834	0.417	1	0:00:09.813353
41760	835	805	0.0514	0	0:00:09.805952
41780	835	835	0.422	1	0:00:09.799757
41800	836	791	0.00564	0	0:00:09.822434
41820	836	-1	0.0	0	0:00:09.813434
41840	836	655	0.467	0	0:00:09.830814
41860	837	615	0.181	0	0:00:09.816482
41880	837	903	0.0184	0	0:00:09.813854
41900	838	838	0.529	1	0:00:09.820689
41920	838	928	0.272	0	0:00:09.926749
41940	838	838	0.8	1	0:00:09.789476
41960	839	833	0.155	0	0:00:09.803304
41980	839	-1	0.0	0	0:00:09.811198
42000	840	840	0.623	1	0:00:09.822780
42020	840	840	0.8	1	0:00:09.808892
42040	840	840	0.8	1	0:00:09.817163
42060	841	-1	0.0	0	0:00:09.819009
42080	841	570	0.171	0	0:00:09.832057
42100	842	842	0.555	1	0:00:10.019593
42120	842	842	0.8	1	0:00:09.940315
42140	842	-1	0.0	0	0:00:09.934836
42160	843	843	0.279	1	0:00:09.810773
42180	843	843	0.504	1	0:00:09.808762
42200	844	844	0.8	1	0:00:09.825131
42220	844	844	0.778	1	0:00:09.808848
42240	844	844	0.8	1	0:00:09.823004
42260	845	845	0.499	1	0:00:09.809238
42280	845	845	0.8	1	0:00:09.809948
42300	846	583	0.332	0	0:00:09.814726
42320	846	619	0.8	0	0:00:09.997286
42340	846	905	0.237	0	0:00:09.938808
42360	847	634	0.151	0	0:00:09.933248
42380	847	847	0.394	1	0:00:09.814424
42400	848	481	0.132	0	0:00:09.819357
42420	848	848	0.0977	1	0:00:09.812071
42440	848	848	0.565	1	0:00:09.831109
42460	849	849	0.8	1	0:00:09.803913
42480	849	849	0.616	1	0:00:09.808913
42500	850	850	0.753	1	0:00:09.822090
42520	850	865	0.8	0	0:00:09.815994
42540	850	850	0.0929	1	0:00:09.945293
42560	851	851	0.304	1	0:00:09.806256
42580	851	-1	0.0	0	0:00:09.810403
42600	852	852	0.8	1	0:00:09.777537
42620	852	733	0.25	0	0:00:09.804474
42640	852	852	0.638	1	0:00:09.822283
42660	853	853	0.483	1	0:00:09.804094
42680	853	853	0.8	1	0:00:09.816929
42700	854	884	0.081	0	0:00:09.819829
42720	854	854	0.184	1	0:00:09.820822
42740	854	-1	0.0	0	0:00:09.837357
42760	855	855	0.8	1	0:00:09.959185
42780	855	855	0.8	1	0:00:09.829271
42800	856	856	0.106	1	0:00:09.817874
42820	856	856	0.8	1	0:00:09.820570
42840	856	565	0.343	0	0:00:09.823056
42860	857	857	0.8	1	0:00:09.821569
42880	857	857	0.8	1	0:00:09.825095
42900	858	-1	0.0	0	0:00:09.810355
42920	858	858	0.8	1	0:00:09.827497
42940	858	698	0.8	0	0:00:09.956843
42960	859	859	0.753	1	0:00:09.939392
42980	859	859	0.119	1	0:00:09.926651
43000	860	455	0.203	0	0:00:09.817435
43020	860	498	0.114	0	0:00:09.810218
43040	860	865	0.0554	0	0:00:09.810195
43060	861	861	0.778	1	0:00:09.808770
43080	861	861	0.753	1	0:00:09.810943
43100	862	862	0.764	1	0:00:09.808852
43120	862	862	0.8	1	0:00:09.809625
43140	862	862	0.609	1	0:00:09.818021
43160	863	863	0.8	1	0:00:09.928519
43180	863	863	0.8	1	0:00:09.950577
43200	864	407	0.185	0	0:00:09.944042
43220	864	-1	0.0	0	0:00:09.812230
43240	864	864	0.231	1	0:00:09.814937
43260	865	865	0.525	1	0:00:09.812598
43280	865	865	0.644	1	0:00:09.816797
43300	866	866	0.592	1	0:00:09.815598
43320	866	866	0.8	1	0:00:09.818411
43340	866	621	0.0688	0	0:00:09.820327
43360	867	867	0.8	1	0:00:09.823050
43380	867	867	0.577	1	0:00:09.942945
43400	868	868	0.419	1	0:00:09.827831
43420	868	962	0.262	0	0:00:09.817062
43440	868	787	0.335	0	0:00:09.795390
43460	869	869	0.32	1	0:00:09.809378
43480	869	869	0.715	1	0:00:09.800239
43500	870	870	0.721	1	0:00:09.816666
43520	870	870	0.625	1	0:00:09.804641
43540	870	870	0.457	1	0:00:09.800135
43560	871	871	0.499	1	0:00:09.796097
43580	871	871	0.8	1	0:00:09.792833
43600	872	872	0.566	1	0:00:09.948308
43620	872	872	0.8	1	0:00:09.818116
43640	872	872	0.361	1	0:00:09.807580
43660	873	873	0.8	1	0:00:09.818150
43680	873	873	0.8	1	0:00:09.812402
43700	874	874	0.8	1	0:00:09.797480
43720	874	874	0.8	1	0:00:09.810843
43740	874	874	0.8	1	0:00:09.795760
43760	875	875	0.8	1	0:00:09.815717
43780	875	875	0.8	1	0:00:10.005182
43800	876	648	0.0455	0	0:00:09.934679
43820	876	-1	0.0	0	0:00:09.939160
43840	876	876	0.3	1	0:00:09.803420
43860	877	877	0.8	1	0:00:09.796924
43880	877	877	0.447	1	0:00:09.799471
43900	878	810	0.0635	0	0:00:09.796688
43920	878	878	0.8	1	0:00:09.803352
43940	878	878	0.281	1	0:00:09.816528
43960	879	-1	0.0	0	0:00:09.812274
43980	879	879	0.0222	1	0:00:09.795394
44000	880	880	0.257	1	0:00:09.988464
44020	880	880	0.8	1	0:00:09.919829
44040	880	880	0.684	1	0:00:09.940089
44060	881	881	0.343	1	0:00:09.792819
44080	881	881	0.517	1	0:00:09.818961
44100	882	882	0.199	1	0:00:09.798719
44120	882	-1	0.0	0	0:00:09.809741
44140	882	162	0.00784	0	0:00:09.809775
44160	883	532	0.0372	0	0:00:09.802429
44180	883	716	0.136	0	0:00:09.802785
44200	884	884	0.778	1	0:00:09.803221
44220	884	884	0.37	1	0:00:09.930648
44240	884	884	0.163	1	0:00:09.815276
44260	885	-1	0.0	0	0:00:09.802494
44280	885	-1	0.0	0	0:00:09.803286
44300	886	886	0.8	1	0:00:09.792907
44320	886	886	0.8	1	0:00:09.799755
44340	886	886	0.8	1	0:00:09.820476
44360	887	-1	0.0	0	0:00:09.810372
44380	887	887	0.8	1	0:00:09.809239
44400	888	821	0.531	0	0:00:09.786720
44420	888	888	0.8	1	0:00:09.804307
44440	888	888	0.027	1	0:00:09.925338
44460	889	889	0.8	1	0:00:09.812578
44480	889	889	0.61	1	0:00:09.807706
44500	890	890	0.103	1	0:00:09.806535
44520	890	890	0.8	1	0:00:09.820882
44540	890	890	0.721	1	0:00:09.800340
44560	891	-1	0.0	0	0:00:09.805447
44580	891	-1	0.0	0	0:00:09.800594
44600	892	442	0.8	0	0:00:09.810452
44620	892	409	0.217	0	0:00:09.942559
44640	892	892	0.8	1	0:00:09.925768
44660	893	893	0.119	1	0:00:09.929745
44680	893	893	0.647	1	0:00:09.803892
44700	894	894	0.594	1	0:00:09.811884
44720	894	799	0.0532	0	0:00:09.782695
44740	894	-1	0.0	0	0:00:09.811351
44760	895	895	0.8	1	0:00:09.818512
44780	895	404	0.0551	0	0:00:09.795142
44800	896	896	0.251	1	0:00:09.829750
44820	896	896	0.8	1	0:00:09.819616
44840	896	896	0.753	1	0:00:09.933351
44860	897	-1	0.0	0	0:00:09.919427
44880	897	897	0.8	1	0:00:09.929717
44900	898	-1	0.0	0	0:00:09.815092
44920	898	737	0.463	0	0:00:09.816431
44940	898	-1	0.0	0	0:00:09.814469
44960	899	756	0.247	0	0:00:09.801265
44980	899	899	0.0355	1	0:00:09.819246
45000	900	900	0.8	1	0:00:09.799772
45020	900	900	0.753	1	0:00:09.806701
45040	900	900	0.8	1	0:00:09.806806
45060	901	653	0.778	0	0:00:09.940122
45080	901	901	0.753	1	0:00:09.809939
45100	902	902	0.8	1	0:00:09.791806
45120	902	902	0.8	1	0:00:09.825721
45140	902	902	0.8	1	0:00:09.801142
45160	903	903	0.728	1	0:00:09.801584
45180	903	903	0.186	1	0:00:09.814130
45200	904	905	0.179	0	0:00:09.817581
45220	904	904	0.8	1	0:00:09.803832
45240	904	828	0.19	0	0:00:09.831755
45260	905	794	0.0287	0	0:00:09.819146
45280	905	394	0.0404	0	0:00:09.918964
45300	906	906	0.8	1	0:00:09.816872
45320	906	616	0.172	0	0:00:09.812280
45340	906	834	0.8	0	0:00:09.822621
45360	907	966	0.388	0	0:00:09.812381
45380	907	966	0.11	0	0:00:09.814075
45400	908	895	0.568	0	0:00:09.808411
45420	908	908	0.764	1	0:00:09.809480
45440	908	404	0.71	0	0:00:09.805190
45460	909	926	0.337	0	0:00:09.926975
45480	909	909	0.171	1	0:00:09.926509
45500	910	641	0.203	0	0:00:09.933283
45520	910	940	0.117	0	0:00:09.798337
45540	910	910	0.778	1	0:00:09.802413
45560	911	938	0.505	0	0:00:09.806796
45580	911	911	0.11	1	0:00:09.798329
45600	912	912	0.764	1	0:00:09.811289
45620	912	912	0.8	1	0:00:09.804778
45640	912	912	0.307	1	0:00:09.810410
45660	913	913	0.00157	1	0:00:09.819571
45680	913	913	0.8	1	0:00:09.980055
45700	914	914	0.8	1	0:00:09.935247
45720	914	914	0.753	1	0:00:09.923422
45740	914	914	0.778	1	0:00:09.801172
45760	915	915	0.764	1	0:00:09.812429
45780	915	915	0.8	1	0:00:09.806818
45800	916	916	0.8	1	0:00:09.795193
45820	916	916	0.8	1	0:00:09.797132
45840	916	916	0.8	1	0:00:09.788551
45860	917	917	0.778	1	0:00:09.816039
45880	917	921	0.477	0	0:00:09.807532
45900	918	918	0.8	1	0:00:09.933078
45920	918	918	0.8	1	0:00:09.813106
45940	918	918	0.8	1	0:00:09.808558
45960	919	770	0.0983	0	0:00:09.829613
45980	919	919	0.8	1	0:00:09.824085
46000	920	-1	0.0	0	0:00:09.821886
46020	920	920	0.607	1	0:00:09.810932
46040	920	920	0.8	1	0:00:09.808612
46060	921	921	0.451	1	0:00:09.832639
46080	921	424	0.458	0	0:00:09.818023
46100	922	922	0.565	1	0:00:09.809409
46120	922	922	0.318	1	0:00:09.972046
46140	922	921	0.396	0	0:00:09.800517
46160	923	923	0.453	1	0:00:09.828694
46180	923	926	0.314	0	0:00:09.813816
46200	924	924	0.778	1	0:00:09.823552
46220	924	965	0.136	0	0:00:09.811898
46240	924	924	0.687	1	0:00:09.810776
46260	925	925	0.778	1	0:00:09.811625
46280	925	925	0.753	1	0:00:09.816274
46300	926	926	0.8	1	0:00:09.917549
46320	926	926	0.664	1	0:00:09.936018
46340	926	926	0.753	1	0:00:09.948667
46360	927	927	0.8	1	0:00:09.821348
46380	927	927	0.8	1	0:00:09.824467
46400	928	927	0.0414	0	0:00:09.819572
46420	928	-1	0.0	0	0:00:09.827142
46440	928	928	0.778	1	0:00:09.814857
46460	929	-1	0.0	0	0:00:09.799745
46480	929	929	0.453	1	0:00:09.807686
46500	930	930	0.162	1	0:00:09.813442
46520	930	930	0.684	1	0:00:09.940401
46540	930	930	0.8	1	0:00:09.947371
46560	931	931	0.607	1	0:00:09.920140
46580	931	931	0.496	1	0:00:09.807752
46600	932	932	0.475	1	0:00:09.802670
46620	932	932	0.509	1	0:00:09.816360
46640	932	932	0.8	1	0:00:09.804252
46660	933	933	0.67	1	0:00:09.808519
46680	933	965	0.223	0	0:00:09.803111
46700	934	934	0.564	1	0:00:09.802163
46720	934	-1	0.0	0	0:00:09.802154
46740	934	934	0.8	1	0:00:09.915719
46760	935	940	0.0091	0	0:00:09.804030
46780	935	935	0.0722	1	0:00:09.815161
46800	936	936	0.71	1	0:00:09.820681
46820	936	936	0.8	1	0:00:09.802040
46840	936	936	0.8	1	0:00:09.794503
46860	937	937	0.8	1	0:00:09.809030
46880	937	937	0.8	1	0:00:09.806773
46900	938	938	0.404	1	0:00:09.804275
46920	938	938	0.71	1	0:00:09.793338
46940	938	924	0.161	0	0:00:09.809591
46960	939	939	0.464	1	0:00:09.930636
46980	939	939	0.8	1	0:00:09.817077
47000	940	940	0.16	1	0:00:09.808367
47020	940	940	0.8	1	0:00:09.805162
47040	940	940	0.46	1	0:00:09.815553
47060	941	941	0.443	1	0:00:09.817462
47080	941	941	0.8	1	0:00:09.810444
47100	942	942	0.8	1	0:00:09.808550
47120	942	-1	0.0	0	0:00:09.801762
47140	942	942	0.8	1	0:00:09.942861
47160	943	943	0.8	1	0:00:09.942518
47180	943	943	0.691	1	0:00:09.935442
47200	944	946	0.314	0	0:00:09.816227
47220	944	944	0.8	1	0:00:09.810894
47240	944	944	0.8	1	0:00:09.813093
47260	945	945	0.8	1	0:00:09.810056
47280	945	945	0.192	1	0:00:09.817275
47300	946	946	0.8	1	0:00:09.823440
47320	946	946	0.764	1	0:00:09.817634
47340	946	946	0.464	1	0:00:09.812881
47360	947	947	0.735	1	0:00:09.919451
47380	947	947	0.592	1	0:00:09.918160
47400	948	948	0.8	1	0:00:09.908799
47420	948	948	0.743	1	0:00:09.804238
47440	948	948	0.8	1	0:00:09.796279
47460	949	949	0.461	1	0:00:09.807337
47480	949	949	0.8	1	0:00:09.816320
47500	950	950	0.753	1	0:00:09.806349
47520	950	951	0.594	0	0:00:09.812999
47540	950	951	0.217	0	0:00:09.813113
47560	951	950	0.8	0	0:00:09.810052
47580	951	951	0.743	1	0:00:09.939820
47600	952	90	0.8	0	0:00:09.812915
47620	952	952	0.8	1	0:00:09.817396
47640	952	948	0.308	0	0:00:09.813262
47660	953	953	0.8	1	0:00:09.809510
47680	953	953	0.778	1	0:00:09.802820
47700	954	996	0.175	0	0:00:09.806082
47720	954	950	0.469	0	0:00:09.806623
47740	954	940	0.0812	0	0:00:09.805854
47760	955	955	0.272	1	0:00:09.816641
47780	955	955	0.8	1	0:00:09.815436
47800	956	956	0.735	1	0:00:09.939096
47820	956	956	0.8	1	0:00:09.812274
47840	956	936	0.27	0	0:00:09.812361
47860	957	949	0.102	0	0:00:09.821212
47880	957	952	0.164	0	0:00:09.815789
47900	958	663	0.154	0	0:00:09.809530
47920	958	958	0.8	1	0:00:09.832256
47940	958	958	0.0763	1	0:00:09.803176
47960	959	-1	0.0	0	0:00:09.798398
47980	959	959	0.8	1	0:00:09.928225
48000	960	960	0.223	1	0:00:09.934015
48020	960	-1	0.0	0	0:00:09.938802
48040	960	960	0.324	1	0:00:09.800319
48060	961	963	0.8	0	0:00:09.805308
48080	961	930	0.735	0	0:00:09.799528
48100	962	962	0.735	1	0:00:09.808310
48120	962	962	0.778	1	0:00:09.802949
48140	962	-1	0.0	0	0:00:09.814021
48160	963	963	0.595	1	0:00:09.806037
48180	963	335	0.172	0	0:00:09.813112
48200	964	964	0.407	1	0:00:09.922683
48220	964	964	0.735	1	0:00:09.984905
48240	964	-1	0.0	0	0:00:09.929755
48260	965	965	0.21	1	0:00:09.807942
48280	965	965	0.0463	1	0:00:09.817970
48300	966	966	0.0359	1	0:00:09.825473
48320	966	966	0.778	1	0:00:09.805992
48340	966	966	0.8	1	0:00:09.811899
48360	967	967	0.338	1	0:00:09.820542
48380	967	967	0.735	1	0:00:09.793828
48400	968	968	0.385	1	0:00:09.799298
48420	968	504	0.8	0	0:00:09.933406
48440	968	968	0.292	1	0:00:09.812755
48460	969	968	0.0293	0	0:00:09.805817
48480	969	-1	0.0	0	0:00:09.814986
48500	970	795	0.8	0	0:00:09.791833
48520	970	970	0.0649	1	0:00:09.788201
48540	970	979	0.241	0	0:00:09.807587
48560	971	971	0.8	1	0:00:09.811172
48580	971	971	0.8	1	0:00:09.808451
48600	972	979	0.339	0	0:00:09.821058
48620	972	972	0.56	1	0:00:09.806954
48640	972	972	0.26	1	0:00:09.944742
48660	973	973	0.487	1	0:00:09.829972
48680	973	973	0.154	1	0:00:09.786215
48700	974	974	0.8	1	0:00:09.794279
48720	974	974	0.778	1	0:00:09.827983
48740	974	974	0.8	1	0:00:09.813917
48760	975	975	0.764	1	0:00:09.809373
48780	975	975	0.489	1	0:00:09.812119
48800	976	-1	0.0	0	0:00:09.811550
48820	976	976	0.276	1	0:00:09.929607
48840	976	976	0.467	1	0:00:09.945781
48860	977	977	0.0444	1	0:00:09.945960
48880	977	976	0.638	0	0:00:09.820521
48900	978	978	0.116	1	0:00:09.820006
48920	978	-1	0.0	0	0:00:09.815649
48940	978	-1	0.0	0	0:00:09.807744
48960	979	979	0.8	1	0:00:09.803801
48980	979	970	0.254	0	0:00:09.801647
49000	980	980	0.8	1	0:00:09.818023
49020	980	601	0.0549	0	0:00:09.807382
49040	980	970	0.0666	0	0:00:09.921968
49060	981	981	0.778	1	0:00:09.929965
49080	981	981	0.8	1	0:00:09.931258
49100	982	982	0.8	1	0:00:09.801121
49120	982	982	0.8	1	0:00:09.825921
49140	982	-1	0.0	0	0:00:09.817126
49160	983	983	0.108	1	0:00:09.810381
49180	983	983	0.8	1	0:00:09.792123
49200	984	984	0.8	1	0:00:09.813864
49220	984	984	0.8	1	0:00:09.788870
49240	984	984	0.8	1	0:00:09.806145
49260	985	985	0.8	1	0:00:09.928796
49280	985	985	0.8	1	0:00:09.806144
49300	986	986	0.8	1	0:00:09.815561
49320	986	986	0.8	1	0:00:09.819649
49340	986	986	0.8	1	0:00:09.827132
49360	987	998	0.735	0	0:00:09.830811
49380	987	987	0.715	1	0:00:09.809724
49400	988	988	0.267	1	0:00:09.820785
49420	988	988	0.425	1	0:00:09.820307
49440	988	988	0.753	1	0:00:09.800902
49460	989	989	0.728	1	0:00:09.809927
49480	989	-1	0.0	0	0:00:09.924249
49500	990	990	0.502	1	0:00:09.811626
49520	990	113	0.306	0	0:00:09.792037
49540	990	990	0.8	1	0:00:09.808647
49560	991	991	0.8	1	0:00:09.826598
49580	991	991	0.8	1	0:00:09.788973
49600	992	992	0.8	1	0:00:09.818211
49620	992	947	0.8	0	0:00:09.806283
49640	992	997	0.0671	0	0:00:09.810214
49660	993	993	0.8	1	0:00:09.941013
49680	993	993	0.8	1	0:00:10.006670
49700	994	994	0.8	1	0:00:09.938524
49720	994	994	0.8	1	0:00:09.805326
49740	994	994	0.636	1	0:00:09.799883
49760	995	995	0.8	1	0:00:09.818644
49780	995	995	0.8	1	0:00:09.804772
49800	996	996	0.8	1	0:00:09.825960
49820	996	996	0.16	1	0:00:09.807502
49840	996	996	0.8	1	0:00:09.814188
49860	997	997	0.654	1	0:00:09.812305
49880	997	997	0.67	1	0:00:09.930677
49900	998	987	0.8	0	0:00:09.994634
49920	998	998	0.8	1	0:00:09.939899
49940	998	987	0.8	0	0:00:09.806117
49960	999	999	0.157	1	0:00:09.804734
49980	999	-1	0.0	0	0:00:09.812754
