idx	label	predict	radius	correct	time
0	3	3	0.239	1	0:00:02.370517
20	7	7	0.0455	1	0:00:02.196871
40	4	4	0.366	1	0:00:02.194459
60	7	7	0.662	1	0:00:02.195342
80	8	8	0.604	1	0:00:02.195495
100	4	4	0.0315	1	0:00:02.194390
120	8	8	0.126	1	0:00:02.195062
140	6	6	0.125	1	0:00:02.195651
160	2	2	0.174	1	0:00:02.194647
180	0	0	0.0938	1	0:00:02.196313
200	5	5	0.213	1	0:00:02.196805
220	7	7	0.475	1	0:00:02.197204
240	1	1	0.8	1	0:00:02.196713
260	8	8	0.517	1	0:00:02.197943
280	9	9	0.381	1	0:00:02.199061
300	6	6	0.293	1	0:00:02.198317
320	3	3	0.295	1	0:00:02.199405
340	2	-1	0.0	0	0:00:02.198654
360	9	9	0.662	1	0:00:02.198400
380	6	6	0.218	1	0:00:02.198412
400	9	9	0.743	1	0:00:02.199988
420	4	4	0.322	1	0:00:02.199928
440	1	1	0.387	1	0:00:02.200434
460	5	5	0.466	1	0:00:02.200102
480	8	-1	0.0	0	0:00:02.201465
500	4	4	0.183	1	0:00:02.200891
520	5	5	0.522	1	0:00:02.200813
540	1	1	0.394	1	0:00:02.201230
560	0	0	0.8	1	0:00:02.202222
580	4	4	0.344	1	0:00:02.202580
600	8	8	0.574	1	0:00:02.202183
620	7	7	0.428	1	0:00:02.203487
640	5	-1	0.0	0	0:00:02.202516
660	9	9	0.49	1	0:00:02.202409
680	9	9	0.0336	1	0:00:02.203092
700	7	7	0.8	1	0:00:02.202793
720	4	-1	0.0	0	0:00:02.202406
740	2	5	0.705	0	0:00:02.203005
760	3	3	0.488	1	0:00:02.202183
780	9	9	0.735	1	0:00:02.202520
800	7	7	0.8	1	0:00:02.202823
820	6	1	0.0686	0	0:00:02.203618
840	7	7	0.8	1	0:00:02.202491
860	4	4	0.415	1	0:00:02.202884
880	8	8	0.628	1	0:00:02.203409
900	2	-1	0.0	0	0:00:02.202894
920	6	6	0.328	1	0:00:02.202848
940	9	9	0.728	1	0:00:02.203377
960	9	9	0.764	1	0:00:02.203589
980	2	-1	0.0	0	0:00:02.203321
1000	5	5	0.778	1	0:00:02.203437
1020	1	1	0.778	1	0:00:02.203769
1040	7	5	0.253	0	0:00:02.203064
1060	9	9	0.8	1	0:00:02.204167
1080	6	6	0.453	1	0:00:02.205248
1100	7	8	0.0234	0	0:00:02.204651
1120	5	5	0.459	1	0:00:02.204370
1140	6	6	0.0151	1	0:00:02.204926
1160	8	8	0.636	1	0:00:02.203848
1180	3	3	0.276	1	0:00:02.204089
1200	8	8	0.509	1	0:00:02.204090
1220	9	6	0.0301	0	0:00:02.204351
1240	2	6	0.126	0	0:00:02.204373
1260	1	9	0.423	0	0:00:02.203966
1280	3	3	0.306	1	0:00:02.204307
1300	4	3	0.243	0	0:00:02.204315
1320	7	7	0.239	1	0:00:02.204826
1340	1	1	0.424	1	0:00:02.205247
1360	7	7	0.5	1	0:00:02.204055
1380	4	5	0.101	0	0:00:02.204648
1400	5	-1	0.0	0	0:00:02.203765
1420	4	7	0.127	0	0:00:02.203756
1440	0	8	0.159	0	0:00:02.203860
1460	6	6	0.5	1	0:00:02.203843
1480	1	1	0.373	1	0:00:02.204909
1500	1	1	0.374	1	0:00:02.204611
1520	7	4	0.0455	0	0:00:02.204604
1540	8	8	0.8	1	0:00:02.204877
1560	7	7	0.8	1	0:00:02.204602
1580	6	-1	0.0	0	0:00:02.204689
1600	8	9	0.0862	0	0:00:02.205571
1620	5	-1	0.0	0	0:00:02.204237
1640	7	7	0.0486	1	0:00:02.204559
1660	3	3	0.449	1	0:00:02.205115
1680	6	6	0.24	1	0:00:02.204215
1700	5	5	0.121	1	0:00:02.204474
1720	4	4	0.372	1	0:00:02.204108
1740	1	1	0.389	1	0:00:02.204695
1760	0	0	0.434	1	0:00:02.204457
1780	7	7	0.527	1	0:00:02.204086
1800	4	4	0.126	1	0:00:02.203810
1820	8	8	0.228	1	0:00:02.204166
1840	8	9	0.142	0	0:00:02.204234
1860	8	8	0.687	1	0:00:02.205229
1880	1	1	0.8	1	0:00:02.205409
1900	8	8	0.778	1	0:00:02.204106
1920	2	2	0.778	1	0:00:02.205465
1940	5	2	0.0479	0	0:00:02.205109
1960	2	5	0.571	0	0:00:02.204692
1980	9	9	0.644	1	0:00:02.204236
2000	1	1	0.00696	1	0:00:02.203572
2020	9	9	0.667	1	0:00:02.204036
2040	0	0	0.7	1	0:00:02.205083
2060	5	3	0.138	0	0:00:02.204552
2080	1	9	0.135	0	0:00:02.204297
2100	2	2	0.188	1	0:00:02.204371
2120	4	3	0.19	0	0:00:02.206918
2140	9	9	0.8	1	0:00:02.204693
2160	0	0	0.305	1	0:00:02.205746
2180	4	4	0.63	1	0:00:02.205950
2200	0	2	0.303	0	0:00:02.205905
2220	1	1	0.8	1	0:00:02.205203
2240	9	9	0.457	1	0:00:02.204721
2260	4	4	0.111	1	0:00:02.204594
2280	4	-1	0.0	0	0:00:02.204447
2300	3	-1	0.0	0	0:00:02.204499
2320	5	2	0.163	0	0:00:02.204323
2340	7	7	0.464	1	0:00:02.204548
2360	7	7	0.649	1	0:00:02.204798
2380	8	8	0.59	1	0:00:02.205901
2400	0	0	0.8	1	0:00:02.204638
2420	8	1	0.106	0	0:00:02.204108
2440	7	7	0.222	1	0:00:02.204805
2460	9	9	0.365	1	0:00:02.204953
2480	8	8	0.444	1	0:00:02.205186
2500	4	-1	0.0	0	0:00:02.206062
2520	1	1	0.53	1	0:00:02.205483
2540	2	6	0.15	0	0:00:02.205096
2560	7	7	0.267	1	0:00:02.205824
2580	6	5	0.0586	0	0:00:02.205519
2600	8	8	0.673	1	0:00:02.205849
2620	1	1	0.454	1	0:00:02.206073
2640	7	7	0.705	1	0:00:02.205449
2660	3	3	0.0263	1	0:00:02.205271
2680	0	0	0.8	1	0:00:02.204505
2700	9	9	0.245	1	0:00:02.205370
2720	3	-1	0.0	0	0:00:02.205106
2740	1	1	0.289	1	0:00:02.206323
2760	2	2	0.356	1	0:00:02.205414
2780	7	7	0.753	1	0:00:02.204897
2800	4	4	0.416	1	0:00:02.205495
2820	6	6	0.634	1	0:00:02.205133
2840	3	3	0.8	1	0:00:02.205094
2860	5	5	0.0178	1	0:00:02.204766
2880	4	4	0.662	1	0:00:02.204844
2900	3	5	0.26	0	0:00:02.205147
2920	2	-1	0.0	0	0:00:02.205469
2940	3	0	0.464	0	0:00:02.205269
2960	9	0	0.207	0	0:00:02.205532
2980	8	8	0.0608	1	0:00:02.205537
3000	5	5	0.778	1	0:00:02.204808
3020	1	1	0.565	1	0:00:02.204770
3040	7	7	0.8	1	0:00:02.205175
3060	7	7	0.691	1	0:00:02.205104
3080	1	1	0.309	1	0:00:02.204770
3100	0	0	0.437	1	0:00:02.204892
3120	4	4	0.0893	1	0:00:02.205134
3140	8	8	0.644	1	0:00:02.205396
3160	6	4	0.000188	0	0:00:02.204851
3180	3	3	0.21	1	0:00:02.205353
3200	5	7	0.109	0	0:00:02.205265
3220	3	9	0.0887	0	0:00:02.205521
3240	4	-1	0.0	0	0:00:02.204943
3260	7	7	0.721	1	0:00:02.205197
3280	3	3	0.0893	1	0:00:02.206054
3300	4	4	0.269	1	0:00:02.206975
3320	2	7	0.347	0	0:00:02.205740
3340	6	6	0.0872	1	0:00:02.206080
3360	4	4	0.459	1	0:00:02.205508
3380	8	8	0.8	1	0:00:02.204784
3400	6	4	0.311	0	0:00:02.205239
3420	5	-1	0.0	0	0:00:02.205170
3440	2	3	0.179	0	0:00:02.205845
3460	1	1	0.71	1	0:00:02.205643
3480	2	2	0.8	1	0:00:02.204993
3500	1	1	0.171	1	0:00:02.205397
3520	1	1	0.753	1	0:00:02.205507
3540	6	6	0.426	1	0:00:02.204742
3560	1	9	0.292	0	0:00:02.204381
3580	4	2	0.0242	0	0:00:02.204680
3600	4	2	0.218	0	0:00:02.205520
3620	0	0	0.105	1	0:00:02.205245
3640	6	2	0.179	0	0:00:02.205386
3660	0	0	0.351	1	0:00:02.204564
3680	0	0	0.256	1	0:00:02.204655
3700	3	3	0.25	1	0:00:02.205369
3720	2	2	0.571	1	0:00:02.205383
3740	0	0	0.8	1	0:00:02.205416
3760	7	7	0.715	1	0:00:02.204450
3780	4	4	0.233	1	0:00:02.205607
3800	9	9	0.319	1	0:00:02.205843
3820	0	-1	0.0	0	0:00:02.205824
3840	6	-1	0.0	0	0:00:02.206097
3860	7	7	0.8	1	0:00:02.204838
3880	6	6	0.243	1	0:00:02.205967
3900	3	6	0.29	0	0:00:02.204609
3920	7	5	0.000125	0	0:00:02.205185
3940	6	6	0.00539	1	0:00:02.205586
3960	2	2	0.579	1	0:00:02.204531
3980	9	-1	0.0	0	0:00:02.204149
4000	8	-1	0.0	0	0:00:02.204784
4020	8	8	0.157	1	0:00:02.205105
4040	0	0	0.705	1	0:00:02.205307
4060	6	6	0.322	1	0:00:02.204542
4080	1	1	0.8	1	0:00:02.205487
4100	7	7	0.8	1	0:00:02.204547
4120	4	4	0.8	1	0:00:02.204789
4140	5	3	0.242	0	0:00:02.205375
4160	5	5	0.193	1	0:00:02.204784
4180	0	8	0.0212	0	0:00:02.204394
4200	4	4	0.188	1	0:00:02.205446
4220	4	0	0.347	0	0:00:02.204606
4240	7	7	0.0654	1	0:00:02.205535
4260	8	8	0.696	1	0:00:02.204959
4280	8	0	0.288	0	0:00:02.205192
4300	8	8	0.546	1	0:00:02.205195
4320	1	-1	0.0	0	0:00:02.204191
4340	0	0	0.651	1	0:00:02.204523
4360	6	6	0.401	1	0:00:02.205283
4380	9	9	0.743	1	0:00:02.205180
4400	3	6	0.0324	0	0:00:02.204901
4420	5	5	0.396	1	0:00:02.205174
4440	2	2	0.142	1	0:00:02.204756
4460	9	9	0.651	1	0:00:02.204613
4480	9	9	0.313	1	0:00:02.205611
4500	3	3	0.325	1	0:00:02.204281
4520	3	3	0.0683	1	0:00:02.204811
4540	9	9	0.407	1	0:00:02.204799
4560	1	1	0.8	1	0:00:02.204899
4580	6	4	0.194	0	0:00:02.204602
4600	4	4	0.445	1	0:00:02.205045
4620	7	7	0.222	1	0:00:02.205031
4640	2	2	0.462	1	0:00:02.205372
4660	7	6	0.0392	0	0:00:02.204867
4680	9	9	0.8	1	0:00:02.204908
4700	6	5	0.0526	0	0:00:02.206191
4720	8	-1	0.0	0	0:00:02.205005
4740	5	5	0.0681	1	0:00:02.206207
4760	3	2	0.204	0	0:00:02.205193
4780	0	0	0.224	1	0:00:02.205948
4800	9	9	0.764	1	0:00:02.205514
4820	3	3	0.0359	1	0:00:02.205333
4840	0	0	0.601	1	0:00:02.203965
4860	5	5	0.743	1	0:00:02.204282
4880	0	8	0.12	0	0:00:02.204931
4900	3	3	0.362	1	0:00:02.205200
4920	7	7	0.8	1	0:00:02.205047
4940	6	6	0.209	1	0:00:02.205158
4960	4	4	0.324	1	0:00:02.205283
4980	1	9	0.0154	0	0:00:02.205278
5000	7	7	0.8	1	0:00:02.205014
5020	8	8	0.649	1	0:00:02.204279
5040	3	3	0.509	1	0:00:02.204563
5060	6	6	0.341	1	0:00:02.204584
5080	7	7	0.565	1	0:00:02.204594
5100	3	3	0.24	1	0:00:02.204973
5120	9	9	0.421	1	0:00:02.204031
5140	8	8	0.696	1	0:00:02.205320
5160	0	0	0.242	1	0:00:02.206724
5180	9	7	0.128	0	0:00:02.205170
5200	3	3	0.374	1	0:00:02.205425
5220	0	0	0.376	1	0:00:02.204544
5240	1	1	0.264	1	0:00:02.204731
5260	0	0	0.8	1	0:00:02.203532
5280	0	9	0.134	0	0:00:02.203731
5300	9	9	0.56	1	0:00:02.204710
5320	7	7	0.131	1	0:00:02.204726
5340	3	4	0.475	0	0:00:02.204988
5360	9	9	0.8	1	0:00:02.205116
5380	1	1	0.0734	1	0:00:02.204561
5400	9	9	0.778	1	0:00:02.204282
5420	6	6	0.533	1	0:00:02.205023
5440	9	9	0.8	1	0:00:02.207085
5460	0	0	0.8	1	0:00:02.205868
5480	1	1	0.41	1	0:00:02.206179
5500	8	8	0.382	1	0:00:02.205813
5520	4	-1	0.0	0	0:00:02.205090
5540	5	5	0.294	1	0:00:02.204767
5560	3	6	0.0443	0	0:00:02.205283
5580	5	6	0.152	0	0:00:02.205240
5600	6	6	0.159	1	0:00:02.205223
5620	3	-1	0.0	0	0:00:02.205230
5640	2	-1	0.0	0	0:00:02.205901
5660	9	9	0.301	1	0:00:02.205286
5680	2	-1	0.0	0	0:00:02.205338
5700	3	5	0.000251	0	0:00:02.205789
5720	9	9	0.764	1	0:00:02.205015
5740	6	4	0.0159	0	0:00:02.204962
5760	2	2	0.105	1	0:00:02.204335
5780	7	7	0.8	1	0:00:02.205738
5800	2	2	0.186	1	0:00:02.204965
5820	5	5	0.377	1	0:00:02.204758
5840	2	2	0.0401	1	0:00:02.204710
5860	0	0	0.483	1	0:00:02.203970
5880	0	0	0.8	1	0:00:02.204201
5900	4	-1	0.0	0	0:00:02.205359
5920	8	8	0.8	1	0:00:02.205074
5940	7	2	0.0564	0	0:00:02.203860
5960	2	-1	0.0	0	0:00:02.204716
5980	9	9	0.778	1	0:00:02.207098
6000	8	8	0.166	1	0:00:02.205758
6020	6	6	0.366	1	0:00:02.206647
6040	2	5	0.0517	0	0:00:02.205770
6060	3	-1	0.0	0	0:00:02.205623
6080	1	1	0.464	1	0:00:02.204986
6100	1	1	0.691	1	0:00:02.204073
6120	5	5	0.521	1	0:00:02.204556
6140	9	9	0.778	1	0:00:02.204375
6160	2	2	0.339	1	0:00:02.204754
6180	0	0	0.291	1	0:00:02.204470
6200	3	-1	0.0	0	0:00:02.204540
6220	2	5	0.232	0	0:00:02.204472
6240	2	2	0.425	1	0:00:02.204761
6260	2	-1	0.0	0	0:00:02.204767
6280	8	-1	0.0	0	0:00:02.204233
6300	1	1	0.551	1	0:00:02.204444
6320	0	0	0.453	1	0:00:02.204310
6340	3	3	0.265	1	0:00:02.205342
6360	2	2	0.0967	1	0:00:02.203841
6380	3	3	0.00891	1	0:00:02.204359
6400	0	0	0.373	1	0:00:02.206622
6420	7	7	0.7	1	0:00:02.205034
6440	3	4	0.0928	0	0:00:02.204748
6460	3	3	0.309	1	0:00:02.203799
6480	0	0	0.469	1	0:00:02.205175
6500	7	-1	0.0	0	0:00:02.204301
6520	6	6	0.273	1	0:00:02.206235
6540	8	8	0.684	1	0:00:02.204188
6560	6	6	0.217	1	0:00:02.205234
6580	1	-1	0.0	0	0:00:02.205158
6600	7	7	0.8	1	0:00:02.205646
6620	7	7	0.667	1	0:00:02.206579
6640	5	3	0.259	0	0:00:02.205915
6660	0	0	0.458	1	0:00:02.204500
6680	3	5	0.239	0	0:00:02.204961
6700	6	6	0.378	1	0:00:02.204739
6720	2	2	0.319	1	0:00:02.205208
6740	2	2	0.295	1	0:00:02.204554
6760	5	5	0.8	1	0:00:02.205024
6780	7	7	0.8	1	0:00:02.205287
6800	6	6	0.109	1	0:00:02.205634
6820	1	1	0.753	1	0:00:02.204940
6840	9	9	0.486	1	0:00:02.205327
6860	0	2	0.278	0	0:00:02.204679
6880	2	7	0.16	0	0:00:02.205135
6900	3	3	0.361	1	0:00:02.205016
6920	5	-1	0.0	0	0:00:02.206081
6940	1	1	0.8	1	0:00:02.205419
6960	9	9	0.303	1	0:00:02.205106
6980	0	0	0.148	1	0:00:02.205287
7000	2	-1	0.0	0	0:00:02.204915
7020	7	7	0.8	1	0:00:02.204849
7040	7	0	0.157	0	0:00:02.204951
7060	8	8	0.601	1	0:00:02.204664
7080	5	4	0.0887	0	0:00:02.205018
7100	9	-1	0.0	0	0:00:02.205436
7120	7	7	0.207	1	0:00:02.204728
7140	4	4	0.178	1	0:00:02.205243
7160	5	5	0.577	1	0:00:02.205384
7180	6	6	0.502	1	0:00:02.204939
7200	4	-1	0.0	0	0:00:02.205316
7220	9	9	0.207	1	0:00:02.204463
7240	0	0	0.45	1	0:00:02.204173
7260	1	1	0.634	1	0:00:02.204464
7280	1	1	0.161	1	0:00:02.205395
7300	3	3	0.0608	1	0:00:02.204772
7320	8	0	0.18	0	0:00:02.204449
7340	2	2	0.148	1	0:00:02.204990
7360	2	5	0.00577	0	0:00:02.205420
7380	7	7	0.644	1	0:00:02.205273
7400	3	-1	0.0	0	0:00:02.204381
7420	3	2	0.131	0	0:00:02.205060
7440	3	3	0.425	1	0:00:02.204510
7460	5	5	0.778	1	0:00:02.204329
7480	1	1	0.247	1	0:00:02.204565
7500	6	6	0.59	1	0:00:02.204396
7520	4	4	0.188	1	0:00:02.205432
7540	5	5	0.8	1	0:00:02.204751
7560	0	0	0.0453	1	0:00:02.204763
7580	8	8	0.316	1	0:00:02.204401
7600	8	9	0.00608	0	0:00:02.204451
7620	5	3	0.32	0	0:00:02.204574
7640	9	9	0.345	1	0:00:02.205758
7660	7	7	0.735	1	0:00:02.205661
7680	3	5	0.19	0	0:00:02.205422
7700	6	6	0.499	1	0:00:02.204850
7720	5	5	0.126	1	0:00:02.204609
7740	4	4	0.0111	1	0:00:02.204796
7760	2	9	0.0412	0	0:00:02.205013
7780	3	8	0.0586	0	0:00:02.204255
7800	0	0	0.455	1	0:00:02.205061
7820	5	3	0.399	0	0:00:02.205528
7840	1	1	0.8	1	0:00:02.205841
7860	8	8	0.531	1	0:00:02.204935
7880	0	0	0.735	1	0:00:02.206741
7900	0	-1	0.0	0	0:00:02.205376
7920	9	9	0.401	1	0:00:02.204397
7940	2	2	0.107	1	0:00:02.204793
7960	0	0	0.1	1	0:00:02.204803
7980	3	-1	0.0	0	0:00:02.204531
8000	9	9	0.691	1	0:00:02.204031
8020	6	3	0.0994	0	0:00:02.204494
8040	2	2	0.436	1	0:00:02.204835
8060	6	6	0.575	1	0:00:02.204958
8080	4	4	0.199	1	0:00:02.204186
8100	6	6	0.525	1	0:00:02.204163
8120	8	9	0.303	0	0:00:02.203655
8140	5	-1	0.0	0	0:00:02.205455
8160	6	6	0.634	1	0:00:02.205968
8180	4	4	0.445	1	0:00:02.204604
8200	3	7	0.194	0	0:00:02.204583
8220	6	-1	0.0	0	0:00:02.203882
8240	7	7	0.167	1	0:00:02.204784
8260	1	1	0.532	1	0:00:02.203561
8280	4	4	0.11	1	0:00:02.204522
8300	5	4	0.0837	0	0:00:02.203697
8320	7	-1	0.0	0	0:00:02.202871
8340	5	3	0.018	0	0:00:02.204159
8360	7	7	0.8	1	0:00:02.204365
8380	9	9	0.743	1	0:00:02.204819
8400	0	-1	0.0	0	0:00:02.203707
8420	3	6	0.231	0	0:00:02.204119
8440	5	3	0.241	0	0:00:02.203801
8460	8	8	0.628	1	0:00:02.203969
8480	2	2	0.26	1	0:00:02.203818
8500	4	4	0.677	1	0:00:02.204825
8520	8	8	0.284	1	0:00:02.202994
8540	4	4	0.0599	1	0:00:02.203871
8560	7	7	0.596	1	0:00:02.203281
8580	3	3	0.116	1	0:00:02.204124
8600	3	-1	0.0	0	0:00:02.203640
8620	3	-1	0.0	0	0:00:02.205237
8640	1	1	0.0761	1	0:00:02.204054
8660	7	7	0.217	1	0:00:02.204824
8680	3	-1	0.0	0	0:00:02.203773
8700	3	3	0.093	1	0:00:02.205813
8720	2	0	0.342	0	0:00:02.205434
8740	2	2	0.168	1	0:00:02.205013
8760	8	8	0.764	1	0:00:02.205875
8780	4	4	0.445	1	0:00:02.205014
8800	0	0	0.8	1	0:00:02.204358
8820	2	2	0.764	1	0:00:02.204257
8840	2	5	0.0538	0	0:00:02.203949
8860	2	2	0.753	1	0:00:02.203951
8880	1	1	0.656	1	0:00:02.204765
8900	2	2	0.343	1	0:00:02.204593
8920	6	6	0.363	1	0:00:02.205025
8940	6	6	0.0793	1	0:00:02.206494
8960	0	-1	0.0	0	0:00:02.203934
8980	9	9	0.8	1	0:00:02.203688
9000	8	8	0.8	1	0:00:02.203666
9020	7	7	0.595	1	0:00:02.204513
9040	2	5	0.743	0	0:00:02.204733
9060	9	9	0.654	1	0:00:02.203696
9080	3	-1	0.0	0	0:00:02.204380
9100	9	9	0.0953	1	0:00:02.203961
9120	3	-1	0.0	0	0:00:02.204345
9140	7	-1	0.0	0	0:00:02.204958
9160	5	3	0.222	0	0:00:02.205067
9180	5	5	0.8	1	0:00:02.203973
9200	8	8	0.469	1	0:00:02.203989
9220	8	0	0.0178	0	0:00:02.204424
9240	8	8	0.245	1	0:00:02.204669
9260	5	3	0.252	0	0:00:02.204924
9280	9	9	0.084	1	0:00:02.204241
9300	5	5	0.0559	1	0:00:02.204611
9320	9	9	0.743	1	0:00:02.205273
9340	1	1	0.753	1	0:00:02.204635
9360	5	0	0.337	0	0:00:02.204196
9380	5	3	0.0104	0	0:00:02.203600
9400	6	6	0.543	1	0:00:02.203794
9420	5	5	0.705	1	0:00:02.204308
9440	8	8	0.735	1	0:00:02.205026
9460	3	3	0.109	1	0:00:02.203729
9480	2	2	0.0139	1	0:00:02.203622
9500	9	9	0.486	1	0:00:02.204221
9520	1	1	0.8	1	0:00:02.204753
9540	5	5	0.691	1	0:00:02.204089
9560	9	0	0.0179	0	0:00:02.204040
9580	1	1	0.735	1	0:00:02.204187
9600	8	8	0.478	1	0:00:02.203418
9620	4	4	0.041	1	0:00:02.204464
9640	5	-1	0.0	0	0:00:02.204250
9660	6	6	0.764	1	0:00:02.205187
9680	8	8	0.385	1	0:00:02.205091
9700	0	0	0.363	1	0:00:02.203853
9720	8	-1	0.0	0	0:00:02.203484
9740	3	6	0.301	0	0:00:02.203271
9760	9	9	0.337	1	0:00:02.203804
9780	4	4	0.129	1	0:00:02.203931
9800	1	1	0.8	1	0:00:02.203849
9820	0	0	0.0928	1	0:00:02.205013
9840	4	7	0.399	0	0:00:02.204275
9860	0	-1	0.0	0	0:00:02.204823
9880	7	7	0.176	1	0:00:02.204440
9900	8	8	0.743	1	0:00:02.203832
9920	6	6	0.373	1	0:00:02.203114
9940	4	-1	0.0	0	0:00:02.203118
9960	2	0	0.8	0	0:00:02.204363
9980	0	0	0.8	1	0:00:02.203713
