idx	label	predict	radius	correct	time
0	3	3	0.237	1	0:00:02.956888
20	7	7	0.517	1	0:00:02.897928
40	4	0	0.352	0	0:00:02.899461
60	7	7	0.8	1	0:00:02.905601
80	8	8	0.526	1	0:00:02.910918
100	4	-1	0.0	0	0:00:02.915165
120	8	8	0.244	1	0:00:02.913339
140	6	-1	0.0	0	0:00:02.916640
160	2	2	0.092	1	0:00:02.917982
180	0	0	0.19	1	0:00:02.916857
200	5	5	0.0363	1	0:00:02.923414
220	7	7	0.583	1	0:00:02.927099
240	1	1	0.8	1	0:00:02.932499
260	8	8	0.144	1	0:00:02.933140
280	9	9	0.278	1	0:00:02.937597
300	6	6	0.743	1	0:00:02.934714
320	3	3	0.178	1	0:00:02.936810
340	2	-1	0.0	0	0:00:02.936435
360	9	9	0.335	1	0:00:02.936949
380	6	6	0.341	1	0:00:02.945857
400	9	9	0.597	1	0:00:02.944390
420	4	4	0.443	1	0:00:02.942399
440	1	1	0.506	1	0:00:02.946494
460	5	5	0.522	1	0:00:02.945273
480	8	8	0.176	1	0:00:02.949711
500	4	6	0.114	0	0:00:02.946519
520	5	5	0.385	1	0:00:02.947629
540	1	1	0.673	1	0:00:02.948166
560	0	0	0.8	1	0:00:02.946864
580	4	4	0.226	1	0:00:02.947495
600	8	8	0.412	1	0:00:02.949108
620	7	7	0.185	1	0:00:02.949589
640	5	3	0.0114	0	0:00:02.951371
660	9	9	0.505	1	0:00:02.949397
680	9	-1	0.0	0	0:00:02.950653
700	7	7	0.412	1	0:00:02.955243
720	4	7	0.00282	0	0:00:02.956116
740	2	5	0.377	0	0:00:02.957326
760	3	9	0.123	0	0:00:02.958948
780	9	9	0.6	1	0:00:02.956782
800	7	7	0.71	1	0:00:02.956192
820	6	-1	0.0	0	0:00:02.956245
840	7	7	0.8	1	0:00:02.957299
860	4	4	0.445	1	0:00:02.957253
880	8	8	0.242	1	0:00:02.955363
900	2	-1	0.0	0	0:00:02.959021
920	6	6	0.705	1	0:00:02.957604
940	9	9	0.551	1	0:00:02.957051
960	9	9	0.468	1	0:00:02.959308
980	2	6	0.205	0	0:00:02.961039
1000	5	5	0.8	1	0:00:02.957085
1020	1	1	0.567	1	0:00:02.960226
1040	7	5	0.357	0	0:00:02.958642
1060	9	9	0.8	1	0:00:02.960519
1080	6	6	0.533	1	0:00:02.957521
1100	7	-1	0.0	0	0:00:02.960207
1120	5	-1	0.0	0	0:00:02.959788
1140	6	6	0.256	1	0:00:02.962126
1160	8	8	0.347	1	0:00:02.958036
1180	3	3	0.466	1	0:00:02.959830
1200	8	8	0.371	1	0:00:02.959218
1220	9	-1	0.0	0	0:00:02.962633
1240	2	6	0.402	0	0:00:02.958393
1260	1	1	0.133	1	0:00:02.961662
1280	3	3	0.355	1	0:00:02.959857
1300	4	-1	0.0	0	0:00:02.958378
1320	7	4	0.027	0	0:00:02.959715
1340	1	-1	0.0	0	0:00:02.960883
1360	7	7	0.379	1	0:00:02.958162
1380	4	5	0.114	0	0:00:02.960896
1400	5	3	0.122	0	0:00:02.958793
1420	4	7	0.257	0	0:00:02.962685
1440	0	0	0.11	1	0:00:02.959309
1460	6	6	0.378	1	0:00:02.963799
1480	1	1	0.0152	1	0:00:02.958552
1500	1	1	0.0698	1	0:00:02.964410
1520	7	7	0.033	1	0:00:02.960642
1540	8	8	0.753	1	0:00:02.962681
1560	7	7	0.8	1	0:00:02.960256
1580	6	-1	0.0	0	0:00:02.962568
1600	8	6	0.15	0	0:00:02.960052
1620	5	-1	0.0	0	0:00:02.959141
1640	7	7	0.542	1	0:00:02.957708
1660	3	5	0.141	0	0:00:02.962021
1680	6	6	0.651	1	0:00:02.957615
1700	5	-1	0.0	0	0:00:02.959262
1720	4	4	0.208	1	0:00:02.961049
1740	1	1	0.487	1	0:00:02.962602
1760	0	0	0.525	1	0:00:02.957321
1780	7	7	0.241	1	0:00:02.961034
1800	4	4	0.0331	1	0:00:02.959443
1820	8	8	0.451	1	0:00:02.960921
1840	8	-1	0.0	0	0:00:02.962858
1860	8	8	0.632	1	0:00:02.960851
1880	1	1	0.8	1	0:00:02.959996
1900	8	8	0.764	1	0:00:02.959092
1920	2	2	0.34	1	0:00:02.960414
1940	5	-1	0.0	0	0:00:02.963530
1960	2	5	0.558	0	0:00:02.959962
1980	9	9	0.405	1	0:00:02.961477
2000	1	1	0.0156	1	0:00:02.963350
2020	9	9	0.638	1	0:00:02.960089
2040	0	0	0.743	1	0:00:02.962110
2060	5	3	0.0609	0	0:00:02.957102
2080	1	1	0.204	1	0:00:02.964953
2100	2	-1	0.0	0	0:00:02.961213
2120	4	-1	0.0	0	0:00:02.960332
2140	9	9	0.715	1	0:00:02.962276
2160	0	0	0.386	1	0:00:02.959084
2180	4	4	0.597	1	0:00:02.958123
2200	0	0	0.32	1	0:00:02.957225
2220	1	1	0.778	1	0:00:02.962589
2240	9	9	0.0171	1	0:00:02.962403
2260	4	-1	0.0	0	0:00:02.966756
2280	4	2	0.1	0	0:00:02.960837
2300	3	4	0.0143	0	0:00:02.960474
2320	5	2	0.437	0	0:00:02.963381
2340	7	7	0.258	1	0:00:02.959107
2360	7	-1	0.0	0	0:00:02.961721
2380	8	8	0.446	1	0:00:02.959343
2400	0	0	0.8	1	0:00:02.963762
2420	8	-1	0.0	0	0:00:02.959351
2440	7	7	0.298	1	0:00:02.963579
2460	9	9	0.23	1	0:00:02.963102
2480	8	8	0.599	1	0:00:02.960479
2500	4	4	0.0654	1	0:00:02.958572
2520	1	1	0.387	1	0:00:02.959732
2540	2	-1	0.0	0	0:00:02.960633
2560	7	7	0.363	1	0:00:02.963249
2580	6	-1	0.0	0	0:00:02.957330
2600	8	8	0.528	1	0:00:02.962371
2620	1	1	0.531	1	0:00:02.960395
2640	7	7	0.743	1	0:00:02.962805
2660	3	-1	0.0	0	0:00:02.958201
2680	0	0	0.8	1	0:00:02.962691
2700	9	1	0.142	0	0:00:02.959982
2720	3	3	0.133	1	0:00:02.963617
2740	1	-1	0.0	0	0:00:02.961878
2760	2	2	0.265	1	0:00:02.966800
2780	7	7	0.8	1	0:00:02.957168
2800	4	6	0.085	0	0:00:02.964797
2820	6	6	0.499	1	0:00:02.957854
2840	3	3	0.575	1	0:00:02.961230
2860	5	4	0.00897	0	0:00:02.960948
2880	4	4	0.764	1	0:00:02.959924
2900	3	3	0.0671	1	0:00:02.959114
2920	2	-1	0.0	0	0:00:02.959697
2940	3	0	0.346	0	0:00:02.957547
2960	9	0	0.0864	0	0:00:02.965362
2980	8	8	0.485	1	0:00:02.962488
3000	5	5	0.8	1	0:00:02.959652
3020	1	1	0.8	1	0:00:02.959377
3040	7	7	0.8	1	0:00:02.960646
3060	7	7	0.67	1	0:00:02.960241
3080	1	1	0.342	1	0:00:02.961123
3100	0	0	0.31	1	0:00:02.959384
3120	4	2	0.0124	0	0:00:02.962311
3140	8	8	0.328	1	0:00:02.959372
3160	6	2	0.0273	0	0:00:02.960190
3180	3	6	0.0145	0	0:00:02.960671
3200	5	7	0.498	0	0:00:02.957911
3220	3	3	0.206	1	0:00:02.962225
3240	4	-1	0.0	0	0:00:02.962657
3260	7	7	0.443	1	0:00:02.962985
3280	3	5	0.143	0	0:00:02.958767
3300	4	4	0.169	1	0:00:02.961895
3320	2	7	0.49	0	0:00:02.958251
3340	6	6	0.591	1	0:00:02.959939
3360	4	-1	0.0	0	0:00:02.960224
3380	8	8	0.8	1	0:00:02.966054
3400	6	-1	0.0	0	0:00:02.958296
3420	5	3	0.113	0	0:00:02.964945
3440	2	3	0.173	0	0:00:02.960243
3460	1	1	0.753	1	0:00:02.961713
3480	2	2	0.64	1	0:00:02.957705
3500	1	1	0.139	1	0:00:02.961250
3520	1	1	0.523	1	0:00:02.960800
3540	6	6	0.519	1	0:00:02.958396
3560	1	1	0.288	1	0:00:02.962420
3580	4	4	0.334	1	0:00:02.956448
3600	4	2	0.493	0	0:00:02.961711
3620	0	-1	0.0	0	0:00:02.959530
3640	6	2	0.431	0	0:00:02.957994
3660	0	0	0.321	1	0:00:02.958025
3680	0	-1	0.0	0	0:00:02.959551
3700	3	5	0.0438	0	0:00:02.963123
3720	2	2	0.743	1	0:00:02.961874
3740	0	0	0.8	1	0:00:02.958938
3760	7	7	0.8	1	0:00:02.963496
3780	4	4	0.0484	1	0:00:02.958873
3800	9	9	0.26	1	0:00:02.962153
3820	0	2	0.131	0	0:00:02.960413
3840	6	-1	0.0	0	0:00:02.963120
3860	7	7	0.8	1	0:00:02.958848
3880	6	6	0.471	1	0:00:02.963235
3900	3	-1	0.0	0	0:00:02.956119
3920	7	-1	0.0	0	0:00:02.961441
3940	6	-1	0.0	0	0:00:02.960466
3960	2	2	0.461	1	0:00:02.962551
3980	9	-1	0.0	0	0:00:02.962749
4000	8	-1	0.0	0	0:00:02.962111
4020	8	8	0.667	1	0:00:02.962318
4040	0	0	0.677	1	0:00:02.960888
4060	6	6	0.504	1	0:00:02.962017
4080	1	1	0.778	1	0:00:02.960076
4100	7	7	0.8	1	0:00:02.963773
4120	4	0	0.307	0	0:00:02.961383
4140	5	3	0.225	0	0:00:02.958119
4160	5	5	0.21	1	0:00:02.959396
4180	0	8	0.343	0	0:00:02.964826
4200	4	4	0.328	1	0:00:02.960511
4220	4	0	0.305	0	0:00:02.954739
4240	7	7	0.0514	1	0:00:02.961641
4260	8	8	0.649	1	0:00:02.959277
4280	8	8	0.0617	1	0:00:02.959429
4300	8	8	0.494	1	0:00:02.960877
4320	1	0	0.195	0	0:00:02.960930
4340	0	0	0.498	1	0:00:02.959735
4360	6	6	0.244	1	0:00:02.962933
4380	9	9	0.341	1	0:00:02.964403
4400	3	6	0.0416	0	0:00:02.958822
4420	5	5	0.0862	1	0:00:02.965061
4440	2	-1	0.0	0	0:00:02.959843
4460	9	9	0.263	1	0:00:02.965227
4480	9	9	0.545	1	0:00:02.961207
4500	3	3	0.0488	1	0:00:02.963890
4520	3	-1	0.0	0	0:00:02.959042
4540	9	9	0.588	1	0:00:02.964680
4560	1	1	0.705	1	0:00:02.963744
4580	6	6	0.00219	1	0:00:02.959602
4600	4	7	0.0408	0	0:00:02.962179
4620	7	7	0.192	1	0:00:02.960601
4640	2	2	0.157	1	0:00:02.958710
4660	7	-1	0.0	0	0:00:02.961790
4680	9	9	0.764	1	0:00:02.959486
4700	6	4	0.261	0	0:00:02.961160
4720	8	0	0.142	0	0:00:02.964592
4740	5	3	0.158	0	0:00:02.958979
4760	3	2	0.368	0	0:00:02.962727
4780	0	0	0.0233	1	0:00:02.958990
4800	9	9	0.778	1	0:00:02.964946
4820	3	3	0.228	1	0:00:02.961095
4840	0	0	0.285	1	0:00:02.965343
4860	5	5	0.649	1	0:00:02.962972
4880	0	-1	0.0	0	0:00:02.960566
4900	3	3	0.16	1	0:00:02.961958
4920	7	0	0.126	0	0:00:02.963235
4940	6	6	0.437	1	0:00:02.961815
4960	4	4	0.0188	1	0:00:02.962369
4980	1	9	0.035	0	0:00:02.965145
5000	7	7	0.8	1	0:00:02.965645
5020	8	8	0.636	1	0:00:02.963227
5040	3	-1	0.0	0	0:00:02.961622
5060	6	6	0.209	1	0:00:02.965246
5080	7	7	0.509	1	0:00:02.961139
5100	3	3	0.372	1	0:00:02.964747
5120	9	9	0.302	1	0:00:02.962393
5140	8	8	0.462	1	0:00:02.967584
5160	0	0	0.606	1	0:00:02.960822
5180	9	7	0.0803	0	0:00:02.962140
5200	3	2	0.0207	0	0:00:02.960495
5220	0	0	0.392	1	0:00:02.964953
5240	1	9	0.499	0	0:00:02.965491
5260	0	0	0.778	1	0:00:02.960527
5280	0	0	0.24	1	0:00:02.962363
5300	9	9	0.583	1	0:00:02.964854
5320	7	2	0.0876	0	0:00:02.961578
5340	3	4	0.0621	0	0:00:02.964718
5360	9	9	0.497	1	0:00:02.963295
5380	1	1	0.0751	1	0:00:02.959465
5400	9	9	0.5	1	0:00:02.960559
5420	6	6	0.474	1	0:00:02.961754
5440	9	9	0.53	1	0:00:02.963907
5460	0	0	0.484	1	0:00:02.962410
5480	1	1	0.715	1	0:00:02.964733
5500	8	8	0.446	1	0:00:02.964290
5520	4	-1	0.0	0	0:00:02.962183
5540	5	5	0.0409	1	0:00:02.960771
5560	3	5	0.0244	0	0:00:02.964914
5580	5	5	0.0253	1	0:00:02.965244
5600	6	6	0.288	1	0:00:02.966372
5620	3	2	0.107	0	0:00:02.958597
5640	2	5	0.0781	0	0:00:02.959264
5660	9	9	0.18	1	0:00:02.961766
5680	2	2	0.0801	1	0:00:02.961437
5700	3	-1	0.0	0	0:00:02.960798
5720	9	9	0.764	1	0:00:02.961738
5740	6	6	0.062	1	0:00:02.957042
5760	2	2	0.317	1	0:00:02.964735
5780	7	7	0.778	1	0:00:02.961442
5800	2	4	0.109	0	0:00:02.961953
5820	5	5	0.376	1	0:00:02.962159
5840	2	-1	0.0	0	0:00:02.962643
5860	0	0	0.00389	1	0:00:02.962568
5880	0	0	0.621	1	0:00:02.960622
5900	4	2	0.0355	0	0:00:02.962017
5920	8	8	0.396	1	0:00:02.958904
5940	7	-1	0.0	0	0:00:02.967164
5960	2	-1	0.0	0	0:00:02.962231
5980	9	9	0.778	1	0:00:02.959696
6000	8	-1	0.0	0	0:00:02.962184
6020	6	6	0.434	1	0:00:02.966024
6040	2	-1	0.0	0	0:00:02.963520
6060	3	-1	0.0	0	0:00:02.966324
6080	1	1	0.343	1	0:00:02.965135
6100	1	1	0.511	1	0:00:02.966429
6120	5	5	0.328	1	0:00:02.962302
6140	9	9	0.705	1	0:00:02.964345
6160	2	3	0.0635	0	0:00:02.966682
6180	0	0	0.366	1	0:00:02.963084
6200	3	-1	0.0	0	0:00:02.964355
6220	2	5	0.001	0	0:00:02.961185
6240	2	2	0.0332	1	0:00:02.967926
6260	2	-1	0.0	0	0:00:02.962911
6280	8	4	0.0671	0	0:00:02.967097
6300	1	1	0.466	1	0:00:02.964235
6320	0	0	0.273	1	0:00:02.963758
6340	3	3	0.161	1	0:00:02.962693
6360	2	2	0.0885	1	0:00:02.961421
6380	3	-1	0.0	0	0:00:02.961478
6400	0	0	0.104	1	0:00:02.961525
6420	7	-1	0.0	0	0:00:02.963201
6440	3	-1	0.0	0	0:00:02.964140
6460	3	3	0.0887	1	0:00:02.960790
6480	0	0	0.301	1	0:00:02.966320
6500	7	-1	0.0	0	0:00:02.964073
6520	6	6	0.554	1	0:00:02.961476
6540	8	8	0.586	1	0:00:02.962906
6560	6	6	0.354	1	0:00:02.962659
6580	1	-1	0.0	0	0:00:02.965059
6600	7	7	0.8	1	0:00:02.961838
6620	7	7	0.547	1	0:00:02.961102
6640	5	3	0.107	0	0:00:02.962912
6660	0	0	0.638	1	0:00:02.957945
6680	3	-1	0.0	0	0:00:02.960785
6700	6	6	0.417	1	0:00:02.966777
6720	2	2	0.19	1	0:00:02.961096
6740	2	2	0.0591	1	0:00:02.961926
6760	5	5	0.8	1	0:00:02.963614
6780	7	7	0.8	1	0:00:02.961437
6800	6	6	0.242	1	0:00:02.959670
6820	1	1	0.339	1	0:00:02.963958
6840	9	9	0.491	1	0:00:02.961447
6860	0	0	0.456	1	0:00:02.961882
6880	2	-1	0.0	0	0:00:02.962833
6900	3	3	0.171	1	0:00:02.960234
6920	5	-1	0.0	0	0:00:02.961668
6940	1	1	0.8	1	0:00:02.964656
6960	9	8	0.0712	0	0:00:02.959898
6980	0	-1	0.0	0	0:00:02.964951
7000	2	-1	0.0	0	0:00:02.960536
7020	7	7	0.603	1	0:00:02.963277
7040	7	0	0.118	0	0:00:02.962686
7060	8	8	0.778	1	0:00:02.964018
7080	5	-1	0.0	0	0:00:02.963810
7100	9	3	0.286	0	0:00:02.962768
7120	7	7	0.042	1	0:00:02.962685
7140	4	4	0.244	1	0:00:02.964011
7160	5	5	0.359	1	0:00:02.959715
7180	6	6	0.501	1	0:00:02.962389
7200	4	6	0.073	0	0:00:02.960436
7220	9	9	0.238	1	0:00:02.963826
7240	0	0	0.301	1	0:00:02.965035
7260	1	1	0.6	1	0:00:02.960416
7280	1	9	0.451	0	0:00:02.962830
7300	3	3	0.0652	1	0:00:02.961410
7320	8	0	0.368	0	0:00:02.959433
7340	2	2	0.227	1	0:00:02.964839
7360	2	-1	0.0	0	0:00:02.960773
7380	7	7	0.538	1	0:00:02.962326
7400	3	3	0.0943	1	0:00:02.964421
7420	3	2	0.182	0	0:00:02.958386
7440	3	3	0.493	1	0:00:02.962838
7460	5	5	0.764	1	0:00:02.959436
7480	1	-1	0.0	0	0:00:02.965548
7500	6	6	0.48	1	0:00:02.961602
7520	4	4	0.252	1	0:00:02.959798
7540	5	5	0.8	1	0:00:02.961896
7560	0	0	0.0675	1	0:00:02.966003
7580	8	-1	0.0	0	0:00:02.963001
7600	8	0	0.00307	0	0:00:02.962335
7620	5	-1	0.0	0	0:00:02.962802
7640	9	9	0.165	1	0:00:02.961855
7660	7	7	0.209	1	0:00:02.962741
7680	3	-1	0.0	0	0:00:02.961900
7700	6	6	0.647	1	0:00:02.960738
7720	5	2	0.0515	0	0:00:02.964742
7740	4	4	0.0227	1	0:00:02.961334
7760	2	-1	0.0	0	0:00:02.966129
7780	3	9	0.135	0	0:00:02.962841
7800	0	0	0.684	1	0:00:02.962800
7820	5	-1	0.0	0	0:00:02.960220
7840	1	1	0.8	1	0:00:02.961494
7860	8	8	0.104	1	0:00:02.960971
7880	0	0	0.547	1	0:00:02.961119
7900	0	0	0.297	1	0:00:02.963158
7920	9	-1	0.0	0	0:00:02.965096
7940	2	6	0.0839	0	0:00:02.963368
7960	0	-1	0.0	0	0:00:02.964291
7980	3	3	0.167	1	0:00:02.960146
8000	9	9	0.609	1	0:00:02.959132
8020	6	3	0.28	0	0:00:02.962974
8040	2	2	0.422	1	0:00:02.961982
8060	6	6	0.8	1	0:00:02.963221
8080	4	4	0.135	1	0:00:02.961682
8100	6	6	0.494	1	0:00:02.962742
8120	8	9	0.0249	0	0:00:02.962258
8140	5	-1	0.0	0	0:00:02.959975
8160	6	6	0.203	1	0:00:02.961403
8180	4	4	0.365	1	0:00:02.957702
8200	3	7	0.0613	0	0:00:02.960562
8220	6	-1	0.0	0	0:00:02.967122
8240	7	7	0.691	1	0:00:02.959368
8260	1	1	0.526	1	0:00:02.960664
8280	4	3	0.0289	0	0:00:02.963301
8300	5	-1	0.0	0	0:00:02.961917
8320	7	4	0.135	0	0:00:02.961556
8340	5	5	0.073	1	0:00:02.959451
8360	7	7	0.735	1	0:00:02.958747
8380	9	9	0.8	1	0:00:02.966267
8400	0	0	0.304	1	0:00:02.961935
8420	3	6	0.407	0	0:00:02.962231
8440	5	5	0.229	1	0:00:02.959780
8460	8	8	0.609	1	0:00:02.960337
8480	2	2	0.0101	1	0:00:02.957915
8500	4	4	0.721	1	0:00:02.959962
8520	8	8	0.151	1	0:00:02.962019
8540	4	4	0.113	1	0:00:02.963428
8560	7	7	0.316	1	0:00:02.962914
8580	3	0	0.187	0	0:00:02.960039
8600	3	-1	0.0	0	0:00:02.959712
8620	3	-1	0.0	0	0:00:02.959843
8640	1	1	0.358	1	0:00:02.960435
8660	7	5	0.592	0	0:00:02.959541
8680	3	-1	0.0	0	0:00:02.962188
8700	3	3	0.0163	1	0:00:02.961007
8720	2	0	0.753	0	0:00:02.960536
8740	2	2	0.322	1	0:00:02.960634
8760	8	8	0.705	1	0:00:02.964109
8780	4	4	0.337	1	0:00:02.960401
8800	0	0	0.8	1	0:00:02.959308
8820	2	2	0.3	1	0:00:02.958914
8840	2	-1	0.0	0	0:00:02.959760
8860	2	2	0.63	1	0:00:02.960726
8880	1	1	0.735	1	0:00:02.961769
8900	2	4	0.174	0	0:00:02.956160
8920	6	6	0.576	1	0:00:02.963257
8940	6	5	0.015	0	0:00:02.958044
8960	0	0	0.0745	1	0:00:02.959182
8980	9	9	0.778	1	0:00:02.960304
9000	8	8	0.778	1	0:00:02.961949
9020	7	7	0.368	1	0:00:02.959844
9040	2	5	0.735	0	0:00:02.963299
9060	9	9	0.246	1	0:00:02.960853
9080	3	2	0.0483	0	0:00:02.959588
9100	9	1	0.136	0	0:00:02.961322
9120	3	-1	0.0	0	0:00:02.961593
9140	7	7	0.037	1	0:00:02.962100
9160	5	3	0.0645	0	0:00:02.963292
9180	5	5	0.764	1	0:00:02.960494
9200	8	8	0.64	1	0:00:02.959395
9220	8	8	0.187	1	0:00:02.960755
9240	8	8	0.468	1	0:00:02.963605
9260	5	5	0.142	1	0:00:02.957250
9280	9	-1	0.0	0	0:00:02.960373
9300	5	-1	0.0	0	0:00:02.959273
9320	9	9	0.291	1	0:00:02.963093
9340	1	1	0.8	1	0:00:02.961464
9360	5	0	0.337	0	0:00:02.960433
9380	5	3	0.263	0	0:00:02.960497
9400	6	6	0.8	1	0:00:02.962914
9420	5	5	0.282	1	0:00:02.963050
9440	8	8	0.262	1	0:00:02.961521
9460	3	-1	0.0	0	0:00:02.964744
9480	2	2	0.174	1	0:00:02.959511
9500	9	9	0.323	1	0:00:02.961883
9520	1	9	0.217	0	0:00:02.963204
9540	5	5	0.49	1	0:00:02.958390
9560	9	7	0.0441	0	0:00:02.961122
9580	1	1	0.8	1	0:00:02.959530
9600	8	8	0.544	1	0:00:02.961138
9620	4	7	0.0651	0	0:00:02.962271
9640	5	-1	0.0	0	0:00:02.961521
9660	6	6	0.735	1	0:00:02.962140
9680	8	8	0.423	1	0:00:02.963466
9700	0	0	0.53	1	0:00:02.959202
9720	8	-1	0.0	0	0:00:02.963077
9740	3	6	0.623	0	0:00:02.961965
9760	9	-1	0.0	0	0:00:02.962752
9780	4	-1	0.0	0	0:00:02.961317
9800	1	1	0.8	1	0:00:02.959476
9820	0	-1	0.0	0	0:00:02.961059
9840	4	7	0.174	0	0:00:02.958635
9860	0	2	0.0164	0	0:00:02.962919
9880	7	7	0.0544	1	0:00:02.959596
9900	8	8	0.62	1	0:00:02.957924
9920	6	6	0.778	1	0:00:02.960192
9940	4	6	0.0264	0	0:00:02.959820
9960	2	0	0.8	0	0:00:02.956769
9980	0	0	0.603	1	0:00:02.958370
