idx	label	predict	radius	correct	time
0	3	3	0.274	1	0:00:02.282544
20	7	7	0.422	1	0:00:02.194865
40	4	0	0.432	0	0:00:02.194538
60	7	7	0.433	1	0:00:02.195725
80	8	8	0.584	1	0:00:02.195668
100	4	-1	0.0	0	0:00:02.195843
120	8	8	0.333	1	0:00:02.197134
140	6	-1	0.0	0	0:00:02.196915
160	2	2	0.149	1	0:00:02.197068
180	0	-1	0.0	0	0:00:02.197515
200	5	3	0.0672	0	0:00:02.197919
220	7	7	0.247	1	0:00:02.199190
240	1	1	0.764	1	0:00:02.199051
260	8	8	0.188	1	0:00:02.198771
280	9	9	0.516	1	0:00:02.198563
300	6	6	0.537	1	0:00:02.199457
320	3	3	0.0442	1	0:00:02.200033
340	2	4	0.0195	0	0:00:02.200748
360	9	9	0.25	1	0:00:02.200351
380	6	6	0.251	1	0:00:02.200845
400	9	9	0.659	1	0:00:02.201336
420	4	4	0.381	1	0:00:02.201242
440	1	1	0.562	1	0:00:02.201813
460	5	5	0.441	1	0:00:02.201872
480	8	8	0.0653	1	0:00:02.202469
500	4	6	0.249	0	0:00:02.202331
520	5	5	0.0941	1	0:00:02.202837
540	1	1	0.443	1	0:00:02.202910
560	0	0	0.8	1	0:00:02.202800
580	4	4	0.338	1	0:00:02.203092
600	8	8	0.651	1	0:00:02.203716
620	7	7	0.000878	1	0:00:02.203778
640	5	3	0.165	0	0:00:02.203453
660	9	9	0.371	1	0:00:02.204233
680	9	-1	0.0	0	0:00:02.203961
700	7	7	0.463	1	0:00:02.204187
720	4	7	0.23	0	0:00:02.203853
740	2	5	0.418	0	0:00:02.204093
760	3	9	0.246	0	0:00:02.204321
780	9	9	0.61	1	0:00:02.204071
800	7	7	0.67	1	0:00:02.204378
820	6	-1	0.0	0	0:00:02.204331
840	7	7	0.8	1	0:00:02.204201
860	4	4	0.691	1	0:00:02.203983
880	8	8	0.416	1	0:00:02.203656
900	2	4	0.166	0	0:00:02.203850
920	6	6	0.591	1	0:00:02.204821
940	9	9	0.664	1	0:00:02.204026
960	9	9	0.612	1	0:00:02.204046
980	2	6	0.0869	0	0:00:02.205122
1000	5	5	0.591	1	0:00:02.204777
1020	1	1	0.493	1	0:00:02.204505
1040	7	5	0.0872	0	0:00:02.204394
1060	9	9	0.8	1	0:00:02.204278
1080	6	6	0.778	1	0:00:02.204222
1100	7	8	0.0367	0	0:00:02.204340
1120	5	5	0.223	1	0:00:02.203992
1140	6	6	0.0126	1	0:00:02.204618
1160	8	8	0.309	1	0:00:02.204332
1180	3	3	0.498	1	0:00:02.204296
1200	8	8	0.234	1	0:00:02.204073
1220	9	-1	0.0	0	0:00:02.204212
1240	2	6	0.234	0	0:00:02.204168
1260	1	1	0.0849	1	0:00:02.204484
1280	3	5	0.0742	0	0:00:02.204875
1300	4	2	0.0526	0	0:00:02.204476
1320	7	7	0.127	1	0:00:02.204238
1340	1	8	0.0649	0	0:00:02.204538
1360	7	-1	0.0	0	0:00:02.204293
1380	4	-1	0.0	0	0:00:02.204386
1400	5	3	0.175	0	0:00:02.204785
1420	4	7	0.433	0	0:00:02.204778
1440	0	0	0.257	1	0:00:02.204373
1460	6	6	0.529	1	0:00:02.204725
1480	1	-1	0.0	0	0:00:02.204495
1500	1	1	0.117	1	0:00:02.204616
1520	7	7	0.196	1	0:00:02.204236
1540	8	8	0.8	1	0:00:02.204705
1560	7	7	0.662	1	0:00:02.204666
1580	6	1	0.0301	0	0:00:02.204750
1600	8	-1	0.0	0	0:00:02.204980
1620	5	8	0.00232	0	0:00:02.204679
1640	7	7	0.457	1	0:00:02.204541
1660	3	-1	0.0	0	0:00:02.206287
1680	6	6	0.29	1	0:00:02.204371
1700	5	3	0.0161	0	0:00:02.204568
1720	4	4	0.259	1	0:00:02.204220
1740	1	1	0.8	1	0:00:02.204227
1760	0	0	0.293	1	0:00:02.204215
1780	7	7	0.0193	1	0:00:02.204635
1800	4	4	0.193	1	0:00:02.204447
1820	8	8	0.569	1	0:00:02.204120
1840	8	-1	0.0	0	0:00:02.204879
1860	8	8	0.577	1	0:00:02.204216
1880	1	1	0.8	1	0:00:02.204533
1900	8	8	0.764	1	0:00:02.204265
1920	2	2	0.103	1	0:00:02.204159
1940	5	3	0.332	0	0:00:02.204355
1960	2	5	0.361	0	0:00:02.204532
1980	9	9	0.301	1	0:00:02.205988
2000	1	1	0.217	1	0:00:02.204434
2020	9	9	0.355	1	0:00:02.204350
2040	0	0	0.515	1	0:00:02.204264
2060	5	3	0.134	0	0:00:02.204476
2080	1	1	0.279	1	0:00:02.204302
2100	2	2	0.0246	1	0:00:02.204618
2120	4	8	0.0348	0	0:00:02.204377
2140	9	9	0.313	1	0:00:02.204557
2160	0	0	0.214	1	0:00:02.204383
2180	4	4	0.589	1	0:00:02.204039
2200	0	0	0.293	1	0:00:02.204636
2220	1	1	0.8	1	0:00:02.204212
2240	9	9	0.235	1	0:00:02.204520
2260	4	4	0.178	1	0:00:02.204559
2280	4	-1	0.0	0	0:00:02.203941
2300	3	2	0.00157	0	0:00:02.204387
2320	5	2	0.0564	0	0:00:02.204364
2340	7	7	0.352	1	0:00:02.204966
2360	7	5	0.0843	0	0:00:02.204305
2380	8	8	0.696	1	0:00:02.204182
2400	0	0	0.715	1	0:00:02.204409
2420	8	-1	0.0	0	0:00:02.204243
2440	7	-1	0.0	0	0:00:02.204233
2460	9	9	0.27	1	0:00:02.204021
2480	8	8	0.401	1	0:00:02.204479
2500	4	4	0.00872	1	0:00:02.204187
2520	1	-1	0.0	0	0:00:02.204215
2540	2	-1	0.0	0	0:00:02.204502
2560	7	7	0.443	1	0:00:02.204699
2580	6	5	0.172	0	0:00:02.204733
2600	8	8	0.659	1	0:00:02.204433
2620	1	1	0.523	1	0:00:02.203701
2640	7	7	0.721	1	0:00:02.204317
2660	3	-1	0.0	0	0:00:02.203952
2680	0	0	0.667	1	0:00:02.204414
2700	9	1	0.126	0	0:00:02.204437
2720	3	-1	0.0	0	0:00:02.204204
2740	1	1	0.116	1	0:00:02.204657
2760	2	2	0.262	1	0:00:02.204252
2780	7	7	0.743	1	0:00:02.204810
2800	4	-1	0.0	0	0:00:02.204412
2820	6	6	0.285	1	0:00:02.204580
2840	3	3	0.158	1	0:00:02.204609
2860	5	-1	0.0	0	0:00:02.204528
2880	4	4	0.68	1	0:00:02.204796
2900	3	5	0.00884	0	0:00:02.204500
2920	2	3	0.00144	0	0:00:02.204187
2940	3	0	0.0867	0	0:00:02.204594
2960	9	-1	0.0	0	0:00:02.204384
2980	8	8	0.344	1	0:00:02.204638
3000	5	5	0.511	1	0:00:02.204938
3020	1	1	0.481	1	0:00:02.204517
3040	7	7	0.8	1	0:00:02.204388
3060	7	7	0.636	1	0:00:02.204394
3080	1	1	0.0634	1	0:00:02.204603
3100	0	0	0.487	1	0:00:02.204371
3120	4	2	0.0466	0	0:00:02.204586
3140	8	8	0.408	1	0:00:02.204561
3160	6	-1	0.0	0	0:00:02.204212
3180	3	3	0.223	1	0:00:02.204519
3200	5	7	0.597	0	0:00:02.204554
3220	3	9	0.0864	0	0:00:02.204268
3240	4	-1	0.0	0	0:00:02.204593
3260	7	7	0.328	1	0:00:02.204745
3280	3	-1	0.0	0	0:00:02.204975
3300	4	4	0.112	1	0:00:02.204594
3320	2	-1	0.0	0	0:00:02.204190
3340	6	6	0.372	1	0:00:02.204143
3360	4	4	0.021	1	0:00:02.204351
3380	8	8	0.8	1	0:00:02.204504
3400	6	4	0.144	0	0:00:02.204386
3420	5	3	0.18	0	0:00:02.204123
3440	2	3	0.203	0	0:00:02.204666
3460	1	1	0.735	1	0:00:02.204138
3480	2	2	0.743	1	0:00:02.204423
3500	1	9	0.0201	0	0:00:02.204315
3520	1	1	0.306	1	0:00:02.204113
3540	6	6	0.604	1	0:00:02.204205
3560	1	1	0.0567	1	0:00:02.204197
3580	4	-1	0.0	0	0:00:02.204169
3600	4	2	0.149	0	0:00:02.204416
3620	0	-1	0.0	0	0:00:02.204298
3640	6	2	0.513	0	0:00:02.204330
3660	0	0	0.255	1	0:00:02.204618
3680	0	4	0.0712	0	0:00:02.205273
3700	3	3	0.362	1	0:00:02.205231
3720	2	2	0.753	1	0:00:02.204474
3740	0	0	0.753	1	0:00:02.204580
3760	7	7	0.8	1	0:00:02.204429
3780	4	4	0.31	1	0:00:02.204606
3800	9	9	0.464	1	0:00:02.204853
3820	0	0	0.0105	1	0:00:02.204674
3840	6	-1	0.0	0	0:00:02.204485
3860	7	7	0.8	1	0:00:02.204654
3880	6	6	0.316	1	0:00:02.204044
3900	3	6	0.221	0	0:00:02.204237
3920	7	-1	0.0	0	0:00:02.204916
3940	6	6	0.0705	1	0:00:02.204408
3960	2	2	0.316	1	0:00:02.204352
3980	9	-1	0.0	0	0:00:02.204206
4000	8	-1	0.0	0	0:00:02.204943
4020	8	8	0.664	1	0:00:02.204756
4040	0	0	0.226	1	0:00:02.204126
4060	6	6	0.149	1	0:00:02.204540
4080	1	1	0.499	1	0:00:02.204189
4100	7	7	0.8	1	0:00:02.204093
4120	4	4	0.502	1	0:00:02.204223
4140	5	3	0.437	0	0:00:02.204365
4160	5	5	0.628	1	0:00:02.204898
4180	0	8	0.27	0	0:00:02.204601
4200	4	4	0.161	1	0:00:02.204983
4220	4	0	0.377	0	0:00:02.204562
4240	7	7	0.182	1	0:00:02.204302
4260	8	8	0.735	1	0:00:02.204211
4280	8	-1	0.0	0	0:00:02.204033
4300	8	8	0.349	1	0:00:02.204499
4320	1	-1	0.0	0	0:00:02.203907
4340	0	0	0.677	1	0:00:02.203952
4360	6	6	0.416	1	0:00:02.204312
4380	9	9	0.496	1	0:00:02.204209
4400	3	6	0.0892	0	0:00:02.204543
4420	5	-1	0.0	0	0:00:02.204670
4440	2	-1	0.0	0	0:00:02.204206
4460	9	9	0.12	1	0:00:02.204493
4480	9	9	0.516	1	0:00:02.204354
4500	3	-1	0.0	0	0:00:02.203868
4520	3	3	0.135	1	0:00:02.204000
4540	9	9	0.632	1	0:00:02.204615
4560	1	1	0.334	1	0:00:02.204590
4580	6	4	0.163	0	0:00:02.204388
4600	4	7	0.471	0	0:00:02.204916
4620	7	7	0.111	1	0:00:02.204515
4640	2	2	0.362	1	0:00:02.204244
4660	7	-1	0.0	0	0:00:02.204500
4680	9	9	0.339	1	0:00:02.204401
4700	6	-1	0.0	0	0:00:02.204726
4720	8	0	0.222	0	0:00:02.204237
4740	5	3	0.111	0	0:00:02.204597
4760	3	2	0.0131	0	0:00:02.203953
4780	0	8	0.0106	0	0:00:02.204562
4800	9	9	0.778	1	0:00:02.204684
4820	3	3	0.356	1	0:00:02.204386
4840	0	0	0.41	1	0:00:02.204508
4860	5	5	0.51	1	0:00:02.204685
4880	0	-1	0.0	0	0:00:02.204033
4900	3	3	0.0574	1	0:00:02.204014
4920	7	7	0.455	1	0:00:02.204010
4940	6	6	0.238	1	0:00:02.204458
4960	4	-1	0.0	0	0:00:02.204259
4980	1	1	0.0799	1	0:00:02.204474
5000	7	7	0.8	1	0:00:02.204472
5020	8	8	0.8	1	0:00:02.204128
5040	3	3	0.175	1	0:00:02.203918
5060	6	6	0.14	1	0:00:02.205399
5080	7	7	0.565	1	0:00:02.204419
5100	3	3	0.159	1	0:00:02.205028
5120	9	9	0.311	1	0:00:02.204163
5140	8	8	0.538	1	0:00:02.203988
5160	0	0	0.328	1	0:00:02.204560
5180	9	-1	0.0	0	0:00:02.204529
5200	3	3	0.00389	1	0:00:02.204710
5220	0	0	0.236	1	0:00:02.204209
5240	1	-1	0.0	0	0:00:02.204388
5260	0	0	0.735	1	0:00:02.204454
5280	0	9	0.0293	0	0:00:02.204623
5300	9	9	0.563	1	0:00:02.204809
5320	7	-1	0.0	0	0:00:02.204736
5340	3	4	0.189	0	0:00:02.204452
5360	9	9	0.753	1	0:00:02.204513
5380	1	1	0.284	1	0:00:02.204284
5400	9	9	0.252	1	0:00:02.204372
5420	6	6	0.402	1	0:00:02.204297
5440	9	9	0.521	1	0:00:02.204253
5460	0	2	0.523	0	0:00:02.204600
5480	1	1	0.664	1	0:00:02.204608
5500	8	8	0.157	1	0:00:02.204757
5520	4	-1	0.0	0	0:00:02.205312
5540	5	5	0.262	1	0:00:02.204942
5560	3	3	0.0947	1	0:00:02.204785
5580	5	3	0.304	0	0:00:02.204505
5600	6	6	0.247	1	0:00:02.204771
5620	3	2	0.165	0	0:00:02.204393
5640	2	-1	0.0	0	0:00:02.204689
5660	9	9	0.282	1	0:00:02.204588
5680	2	2	0.255	1	0:00:02.204583
5700	3	2	0.0436	0	0:00:02.204511
5720	9	9	0.778	1	0:00:02.204409
5740	6	2	0.174	0	0:00:02.204239
5760	2	2	0.226	1	0:00:02.204487
5780	7	7	0.8	1	0:00:02.204343
5800	2	7	0.118	0	0:00:02.204504
5820	5	5	0.0999	1	0:00:02.204747
5840	2	-1	0.0	0	0:00:02.203901
5860	0	0	0.0508	1	0:00:02.204472
5880	0	0	0.673	1	0:00:02.204287
5900	4	2	0.206	0	0:00:02.204154
5920	8	8	0.503	1	0:00:02.204612
5940	7	6	0.0571	0	0:00:02.205198
5960	2	6	0.127	0	0:00:02.204530
5980	9	9	0.8	1	0:00:02.205129
6000	8	9	0.21	0	0:00:02.204941
6020	6	6	0.426	1	0:00:02.204620
6040	2	7	0.173	0	0:00:02.204301
6060	3	-1	0.0	0	0:00:02.204288
6080	1	1	0.504	1	0:00:02.204236
6100	1	1	0.213	1	0:00:02.204704
6120	5	5	0.529	1	0:00:02.204793
6140	9	9	0.651	1	0:00:02.204446
6160	2	-1	0.0	0	0:00:02.203745
6180	0	0	0.531	1	0:00:02.204686
6200	3	3	0.063	1	0:00:02.204491
6220	2	5	0.172	0	0:00:02.204359
6240	2	2	0.0493	1	0:00:02.204787
6260	2	-1	0.0	0	0:00:02.204713
6280	8	-1	0.0	0	0:00:02.204742
6300	1	1	0.192	1	0:00:02.204655
6320	0	0	0.214	1	0:00:02.204599
6340	3	3	0.165	1	0:00:02.204202
6360	2	2	0.0766	1	0:00:02.204508
6380	3	-1	0.0	0	0:00:02.204361
6400	0	0	0.263	1	0:00:02.204439
6420	7	-1	0.0	0	0:00:02.204963
6440	3	6	0.0172	0	0:00:02.204669
6460	3	8	0.0269	0	0:00:02.204717
6480	0	-1	0.0	0	0:00:02.204192
6500	7	4	0.119	0	0:00:02.204251
6520	6	6	0.206	1	0:00:02.204990
6540	8	8	0.626	1	0:00:02.204459
6560	6	6	0.171	1	0:00:02.204322
6580	1	-1	0.0	0	0:00:02.204419
6600	7	7	0.8	1	0:00:02.204577
6620	7	7	0.446	1	0:00:02.204634
6640	5	3	0.0721	0	0:00:02.204764
6660	0	0	0.18	1	0:00:02.204232
6680	3	3	0.192	1	0:00:02.204268
6700	6	6	0.449	1	0:00:02.205064
6720	2	2	0.168	1	0:00:02.204576
6740	2	4	0.0135	0	0:00:02.204194
6760	5	5	0.8	1	0:00:02.204503
6780	7	7	0.8	1	0:00:02.204602
6800	6	2	0.101	0	0:00:02.204339
6820	1	1	0.0615	1	0:00:02.205141
6840	9	9	0.277	1	0:00:02.205002
6860	0	0	0.135	1	0:00:02.204878
6880	2	-1	0.0	0	0:00:02.205076
6900	3	7	0.0682	0	0:00:02.204641
6920	5	2	0.246	0	0:00:02.204370
6940	1	1	0.721	1	0:00:02.204724
6960	9	8	0.155	0	0:00:02.204345
6980	0	-1	0.0	0	0:00:02.204153
7000	2	8	0.124	0	0:00:02.204797
7020	7	7	0.696	1	0:00:02.205033
7040	7	-1	0.0	0	0:00:02.204954
7060	8	8	0.8	1	0:00:02.205275
7080	5	-1	0.0	0	0:00:02.204409
7100	9	-1	0.0	0	0:00:02.204729
7120	7	7	0.153	1	0:00:02.204522
7140	4	4	0.259	1	0:00:02.204175
7160	5	5	0.346	1	0:00:02.204939
7180	6	6	0.445	1	0:00:02.204722
7200	4	6	0.00232	0	0:00:02.205049
7220	9	9	0.0349	1	0:00:02.204794
7240	0	0	0.151	1	0:00:02.204606
7260	1	1	0.376	1	0:00:02.204282
7280	1	9	0.225	0	0:00:02.204588
7300	3	-1	0.0	0	0:00:02.203989
7320	8	0	0.051	0	0:00:02.205001
7340	2	2	0.159	1	0:00:02.204843
7360	2	7	0.0027	0	0:00:02.204636
7380	7	7	0.277	1	0:00:02.204632
7400	3	3	0.148	1	0:00:02.204329
7420	3	2	0.132	0	0:00:02.204827
7440	3	3	0.364	1	0:00:02.204904
7460	5	5	0.764	1	0:00:02.204623
7480	1	8	0.02	0	0:00:02.204677
7500	6	6	0.59	1	0:00:02.204455
7520	4	4	0.31	1	0:00:02.204189
7540	5	5	0.8	1	0:00:02.204763
7560	0	9	0.107	0	0:00:02.204462
7580	8	8	0.428	1	0:00:02.204603
7600	8	0	0.0702	0	0:00:02.204781
7620	5	-1	0.0	0	0:00:02.204170
7640	9	-1	0.0	0	0:00:02.204608
7660	7	7	0.395	1	0:00:02.204603
7680	3	5	0.249	0	0:00:02.204306
7700	6	6	0.549	1	0:00:02.204635
7720	5	2	0.0628	0	0:00:02.204833
7740	4	4	0.0332	1	0:00:02.204425
7760	2	9	0.125	0	0:00:02.204978
7780	3	8	0.143	0	0:00:02.204928
7800	0	0	0.616	1	0:00:02.204570
7820	5	8	0.0709	0	0:00:02.205060
7840	1	1	0.778	1	0:00:02.204814
7860	8	8	0.397	1	0:00:02.204408
7880	0	0	0.628	1	0:00:02.203919
7900	0	-1	0.0	0	0:00:02.204304
7920	9	9	0.148	1	0:00:02.204741
7940	2	6	0.000251	0	0:00:02.204667
7960	0	-1	0.0	0	0:00:02.204586
7980	3	3	0.0476	1	0:00:02.204550
8000	9	9	0.715	1	0:00:02.203992
8020	6	3	0.364	0	0:00:02.204745
8040	2	2	0.3	1	0:00:02.204728
8060	6	6	0.536	1	0:00:02.204429
8080	4	4	0.183	1	0:00:02.204117
8100	6	6	0.25	1	0:00:02.204899
8120	8	9	0.259	0	0:00:02.205109
8140	5	3	0.0303	0	0:00:02.204792
8160	6	6	0.272	1	0:00:02.204739
8180	4	4	0.334	1	0:00:02.204046
8200	3	-1	0.0	0	0:00:02.204592
8220	6	-1	0.0	0	0:00:02.204213
8240	7	7	0.8	1	0:00:02.204840
8260	1	1	0.673	1	0:00:02.204307
8280	4	7	0.038	0	0:00:02.205009
8300	5	3	0.0171	0	0:00:02.204229
8320	7	4	0.0469	0	0:00:02.204796
8340	5	5	0.178	1	0:00:02.204176
8360	7	7	0.778	1	0:00:02.204830
8380	9	9	0.414	1	0:00:02.204667
8400	0	0	0.161	1	0:00:02.204034
8420	3	6	0.292	0	0:00:02.204952
8440	5	-1	0.0	0	0:00:02.204272
8460	8	8	0.691	1	0:00:02.204550
8480	2	2	0.0556	1	0:00:02.204686
8500	4	4	0.594	1	0:00:02.204643
8520	8	-1	0.0	0	0:00:02.204459
8540	4	4	0.111	1	0:00:02.204519
8560	7	7	0.644	1	0:00:02.204538
8580	3	3	0.096	1	0:00:02.204203
8600	3	-1	0.0	0	0:00:02.204051
8620	3	6	0.00897	0	0:00:02.204561
8640	1	1	0.345	1	0:00:02.204316
8660	7	5	0.509	0	0:00:02.204435
8680	3	-1	0.0	0	0:00:02.204014
8700	3	3	0.101	1	0:00:02.204047
8720	2	0	0.8	0	0:00:02.204441
8740	2	2	0.403	1	0:00:02.204705
8760	8	8	0.664	1	0:00:02.204400
8780	4	4	0.393	1	0:00:02.204597
8800	0	0	0.8	1	0:00:02.204354
8820	2	2	0.334	1	0:00:02.204482
8840	2	-1	0.0	0	0:00:02.204864
8860	2	2	0.537	1	0:00:02.204552
8880	1	1	0.778	1	0:00:02.203967
8900	2	4	0.353	0	0:00:02.204343
8920	6	6	0.285	1	0:00:02.204351
8940	6	3	0.157	0	0:00:02.204905
8960	0	2	0.0198	0	0:00:02.204170
8980	9	9	0.549	1	0:00:02.204277
9000	8	8	0.8	1	0:00:02.204242
9020	7	7	0.175	1	0:00:02.204850
9040	2	5	0.535	0	0:00:02.204743
9060	9	9	0.518	1	0:00:02.204741
9080	3	3	0.0764	1	0:00:02.204500
9100	9	9	0.185	1	0:00:02.204098
9120	3	3	0.0289	1	0:00:02.204496
9140	7	-1	0.0	0	0:00:02.204466
9160	5	3	0.0708	0	0:00:02.204667
9180	5	5	0.8	1	0:00:02.204489
9200	8	8	0.585	1	0:00:02.204464
9220	8	8	0.365	1	0:00:02.204223
9240	8	8	0.467	1	0:00:02.205233
9260	5	5	0.258	1	0:00:02.204413
9280	9	9	0.192	1	0:00:02.204073
9300	5	-1	0.0	0	0:00:02.203730
9320	9	9	0.225	1	0:00:02.204486
9340	1	1	0.778	1	0:00:02.203888
9360	5	0	0.334	0	0:00:02.204859
9380	5	3	0.143	0	0:00:02.204376
9400	6	6	0.728	1	0:00:02.204368
9420	5	5	0.328	1	0:00:02.204324
9440	8	8	0.352	1	0:00:02.205045
9460	3	3	0.135	1	0:00:02.204303
9480	2	-1	0.0	0	0:00:02.204732
9500	9	9	0.0392	1	0:00:02.204978
9520	1	1	0.581	1	0:00:02.204843
9540	5	5	0.644	1	0:00:02.204316
9560	9	-1	0.0	0	0:00:02.204563
9580	1	1	0.647	1	0:00:02.204070
9600	8	8	0.469	1	0:00:02.205090
9620	4	7	0.201	0	0:00:02.205103
9640	5	-1	0.0	0	0:00:02.204396
9660	6	6	0.377	1	0:00:02.204374
9680	8	8	0.264	1	0:00:02.204330
9700	0	0	0.126	1	0:00:02.203922
9720	8	8	0.0893	1	0:00:02.204337
9740	3	6	0.743	0	0:00:02.204837
9760	9	-1	0.0	0	0:00:02.204765
9780	4	4	0.0382	1	0:00:02.204280
9800	1	1	0.8	1	0:00:02.204273
9820	0	8	0.252	0	0:00:02.204453
9840	4	7	0.764	0	0:00:02.204693
9860	0	-1	0.0	0	0:00:02.204090
9880	7	-1	0.0	0	0:00:02.204136
9900	8	8	0.176	1	0:00:02.204181
9920	6	6	0.63	1	0:00:02.205003
9940	4	-1	0.0	0	0:00:02.204603
9960	2	0	0.764	0	0:00:02.204288
9980	0	0	0.52	1	0:00:02.204252
