idx	label	predict	radius	correct	time
0	0	0	0.169	1	0:00:57.969525
20	0	0	0.8	1	0:00:12.720811
40	0	0	0.8	1	0:00:13.038420
60	1	927	0.0509	0	0:00:12.729730
80	1	1	0.0912	1	0:00:12.761130
100	2	2	0.424	1	0:00:12.699971
120	2	2	0.764	1	0:00:12.417258
140	2	2	0.27	1	0:00:12.449393
160	3	3	0.282	1	0:00:12.431894
180	3	3	0.68	1	0:00:12.703192
200	4	-1	0.0	0	0:00:12.255510
220	4	-1	0.0	0	0:00:12.731366
240	4	111	0.0466	0	0:00:12.325766
260	5	5	0.227	1	0:00:12.297867
280	5	5	0.625	1	0:00:12.655996
300	6	5	0.219	0	0:00:12.632636
320	6	-1	0.0	0	0:00:12.663018
340	6	-1	0.0	0	0:00:12.707514
360	7	7	0.319	1	0:00:12.642847
380	7	7	0.488	1	0:00:12.715567
400	8	8	0.8	1	0:00:12.698152
420	8	-1	0.0	0	0:00:12.673043
440	8	8	0.273	1	0:00:12.226159
460	9	9	0.691	1	0:00:12.739827
480	9	9	0.0919	1	0:00:12.762062
500	10	10	0.337	1	0:00:12.563051
520	10	82	0.136	0	0:00:12.530550
540	10	10	0.242	1	0:00:12.701600
560	11	11	0.268	1	0:00:12.612999
580	11	11	0.743	1	0:00:12.518723
600	12	-1	0.0	0	0:00:12.573881
620	12	12	0.778	1	0:00:12.654308
640	12	-1	0.0	0	0:00:12.671808
660	13	13	0.8	1	0:00:12.781830
680	13	13	0.164	1	0:00:12.700995
700	14	14	0.573	1	0:00:12.700894
720	14	14	0.526	1	0:00:12.648950
740	14	14	0.753	1	0:00:12.766369
760	15	15	0.8	1	0:00:12.660440
780	15	15	0.211	1	0:00:12.669825
800	16	16	0.0975	1	0:00:12.364165
820	16	16	0.138	1	0:00:12.678395
840	16	16	0.778	1	0:00:12.394428
860	17	17	0.71	1	0:00:12.678767
880	17	17	0.167	1	0:00:12.695417
900	18	18	0.0613	1	0:00:12.683249
920	18	18	0.541	1	0:00:12.390899
940	18	18	0.8	1	0:00:12.698883
960	19	19	0.0258	1	0:00:12.722313
980	19	505	0.0484	0	0:00:12.687418
1000	20	20	0.642	1	0:00:12.651762
1020	20	20	0.8	1	0:00:12.483367
1040	20	20	0.8	1	0:00:12.602942
1060	21	22	0.0831	0	0:00:12.744498
1080	21	21	0.0213	1	0:00:12.711204
1100	22	21	0.322	0	0:00:12.641538
1120	22	22	0.8	1	0:00:12.489826
1140	22	22	0.8	1	0:00:12.644026
1160	23	23	0.8	1	0:00:12.226471
1180	23	23	0.684	1	0:00:12.652284
1200	24	24	0.8	1	0:00:12.698249
1220	24	24	0.109	1	0:00:12.702977
1240	24	24	0.8	1	0:00:12.295017
1260	25	-1	0.0	0	0:00:12.722131
1280	25	25	0.8	1	0:00:12.628059
1300	26	26	0.108	1	0:00:12.597369
1320	26	464	0.089	0	0:00:12.747982
1340	26	26	0.8	1	0:00:12.809264
1360	27	27	0.8	1	0:00:12.644207
1380	27	27	0.778	1	0:00:12.509400
1400	28	-1	0.0	0	0:00:12.624282
1420	28	28	0.8	1	0:00:12.202490
1440	28	28	0.351	1	0:00:12.652788
1460	29	29	0.705	1	0:00:12.672367
1480	29	-1	0.0	0	0:00:12.670714
1500	30	30	0.662	1	0:00:12.505555
1520	30	-1	0.0	0	0:00:12.525808
1540	30	32	0.326	0	0:00:12.685609
1560	31	31	0.506	1	0:00:12.451526
1580	31	31	0.8	1	0:00:12.633422
1600	32	302	0.022	0	0:00:12.468870
1620	32	32	0.687	1	0:00:12.336383
1640	32	-1	0.0	0	0:00:12.643937
1660	33	-1	0.0	0	0:00:12.586967
1680	33	33	0.179	1	0:00:12.728215
1700	34	-1	0.0	0	0:00:12.337664
1720	34	447	0.0239	0	0:00:12.696964
1740	34	-1	0.0	0	0:00:12.381949
1760	35	35	0.735	1	0:00:12.737734
1780	35	35	0.000815	1	0:00:12.697550
1800	36	35	0.61	0	0:00:12.679622
1820	36	-1	0.0	0	0:00:12.428321
1840	36	35	0.239	0	0:00:12.486451
1860	37	35	0.338	0	0:00:12.654137
1880	37	37	0.0886	1	0:00:12.672901
1900	38	38	0.324	1	0:00:12.760489
1920	38	32	0.0776	0	0:00:12.636204
1940	38	38	0.00972	1	0:00:12.713459
1960	39	39	0.235	1	0:00:12.475740
1980	39	39	0.0193	1	0:00:12.628355
2000	40	40	0.449	1	0:00:12.414092
2020	40	40	0.651	1	0:00:12.687526
2040	40	40	0.684	1	0:00:12.636155
2060	41	41	0.8	1	0:00:12.681864
2080	41	41	0.0139	1	0:00:12.485072
2100	42	48	0.369	0	0:00:12.450892
2120	42	42	0.219	1	0:00:12.578895
2140	42	-1	0.0	0	0:00:12.502818
2160	43	43	0.0105	1	0:00:12.412936
2180	43	-1	0.0	0	0:00:12.620417
2200	44	-1	0.0	0	0:00:12.359622
2220	44	44	0.8	1	0:00:12.716739
2240	44	44	0.8	1	0:00:12.659770
2260	45	45	0.8	1	0:00:12.543940
2280	45	45	0.632	1	0:00:12.390840
2300	46	40	0.62	0	0:00:12.609954
2320	46	-1	0.0	0	0:00:12.643063
2340	46	-1	0.0	0	0:00:12.562211
2360	47	26	0.124	0	0:00:12.428401
2380	47	47	0.0257	1	0:00:12.636496
2400	48	-1	0.0	0	0:00:12.367019
2420	48	48	0.179	1	0:00:12.679534
2440	48	-1	0.0	0	0:00:12.614373
2460	49	50	0.472	0	0:00:12.408835
2480	49	-1	0.0	0	0:00:12.625767
2500	50	50	0.213	1	0:00:12.618905
2520	50	50	0.171	1	0:00:12.802118
2540	50	-1	0.0	0	0:00:12.725394
2560	51	51	0.607	1	0:00:12.696530
2580	51	51	0.601	1	0:00:12.669677
2600	52	-1	0.0	0	0:00:12.447158
2620	52	52	0.0983	1	0:00:12.476820
2640	52	53	0.572	0	0:00:12.563655
2660	53	53	0.539	1	0:00:12.640516
2680	53	-1	0.0	0	0:00:12.758725
2700	54	57	0.8	0	0:00:12.377417
2720	54	57	0.8	0	0:00:12.742548
2740	54	54	0.735	1	0:00:12.697096
2760	55	55	0.3	1	0:00:12.616587
2780	55	-1	0.0	0	0:00:12.448630
2800	56	56	0.507	1	0:00:12.640195
2820	56	56	0.496	1	0:00:12.587652
2840	56	56	0.583	1	0:00:12.689995
2860	57	57	0.664	1	0:00:12.370958
2880	57	57	0.359	1	0:00:12.686659
2900	58	114	0.0986	0	0:00:12.360139
2920	58	-1	0.0	0	0:00:12.595744
2940	58	65	0.0909	0	0:00:12.672026
2960	59	59	0.778	1	0:00:12.478916
2980	59	59	0.8	1	0:00:12.447697
3000	60	61	0.61	0	0:00:12.576373
3020	60	66	0.8	0	0:00:12.596165
3040	60	-1	0.0	0	0:00:12.333372
3060	61	61	0.00194	1	0:00:12.593549
3080	61	61	0.715	1	0:00:12.662959
3100	62	61	0.365	0	0:00:12.288995
3120	62	-1	0.0	0	0:00:12.679883
3140	62	-1	0.0	0	0:00:12.616746
3160	63	63	0.8	1	0:00:12.634721
3180	63	63	0.483	1	0:00:12.620705
3200	64	64	0.8	1	0:00:12.656986
3220	64	59	0.183	0	0:00:12.562086
3240	64	-1	0.0	0	0:00:12.307369
3260	65	65	0.153	1	0:00:12.694779
3280	65	65	0.0829	1	0:00:12.526904
3300	66	42	0.0939	0	0:00:12.680745
3320	66	-1	0.0	0	0:00:12.555934
3340	66	-1	0.0	0	0:00:12.405149
3360	67	868	0.0768	0	0:00:12.607933
3380	67	67	0.542	1	0:00:12.723536
3400	68	60	0.0721	0	0:00:12.735531
3420	68	68	0.6	1	0:00:12.320413
3440	68	66	0.778	0	0:00:12.627199
3460	69	112	0.026	0	0:00:12.761657
3480	69	69	0.735	1	0:00:12.560029
3500	70	70	0.8	1	0:00:12.447965
3520	70	70	0.226	1	0:00:12.608617
3540	70	70	0.8	1	0:00:12.599446
3560	71	-1	0.0	0	0:00:12.275176
3580	71	71	0.584	1	0:00:12.721029
3600	72	72	0.8	1	0:00:12.665603
3620	72	72	0.8	1	0:00:12.581821
3640	72	72	0.8	1	0:00:12.552979
3660	73	-1	0.0	0	0:00:12.646396
3680	73	815	0.446	0	0:00:12.535055
3700	74	74	0.238	1	0:00:12.351246
3720	74	74	0.343	1	0:00:12.654258
3740	74	73	0.246	0	0:00:12.595912
3760	75	75	0.778	1	0:00:12.765135
3780	75	75	0.636	1	0:00:12.657269
3800	76	76	0.491	1	0:00:12.575862
3820	76	76	0.687	1	0:00:12.228804
3840	76	76	0.715	1	0:00:12.680479
3860	77	77	0.208	1	0:00:12.685817
3880	77	303	0.098	0	0:00:12.707753
3900	78	78	0.551	1	0:00:12.495858
3920	78	73	0.0468	0	0:00:12.482437
3940	78	78	0.8	1	0:00:12.523609
3960	79	314	0.0272	0	0:00:12.513167
3980	79	126	0.327	0	0:00:12.567737
4000	80	80	0.8	1	0:00:12.585985
4020	80	80	0.64	1	0:00:12.672136
4040	80	80	0.458	1	0:00:12.696083
4060	81	81	0.11	1	0:00:12.572661
4080	81	81	0.8	1	0:00:12.757026
4100	82	82	0.504	1	0:00:12.648719
4120	82	82	0.8	1	0:00:12.678861
4140	82	82	0.715	1	0:00:12.692127
4160	83	-1	0.0	0	0:00:12.474779
4180	83	83	0.8	1	0:00:12.483652
4200	84	84	0.491	1	0:00:12.602936
4220	84	84	0.753	1	0:00:12.539160
4240	84	84	0.8	1	0:00:12.722606
4260	85	86	0.565	0	0:00:12.589955
4280	85	85	0.8	1	0:00:12.517704
4300	86	86	0.8	1	0:00:12.488568
4320	86	86	0.8	1	0:00:12.666583
4340	86	86	0.8	1	0:00:12.680251
4360	87	87	0.8	1	0:00:12.398506
4380	87	87	0.0289	1	0:00:12.579759
4400	88	88	0.479	1	0:00:12.526068
4420	88	21	0.0787	0	0:00:12.646160
4440	88	88	0.8	1	0:00:12.736749
4460	89	89	0.8	1	0:00:12.685200
4480	89	99	0.00589	0	0:00:12.524070
4500	90	90	0.743	1	0:00:12.540441
4520	90	90	0.8	1	0:00:12.572433
4540	90	90	0.8	1	0:00:12.450378
4560	91	91	0.8	1	0:00:12.674116
4580	91	91	0.8	1	0:00:12.663300
4600	92	-1	0.0	0	0:00:12.706106
4620	92	92	0.8	1	0:00:12.381664
4640	92	92	0.322	1	0:00:12.660128
4660	93	93	0.8	1	0:00:12.312243
4680	93	93	0.8	1	0:00:12.290404
4700	94	94	0.8	1	0:00:12.548940
4720	94	94	0.0901	1	0:00:12.715678
4740	94	94	0.544	1	0:00:12.557389
4760	95	95	0.8	1	0:00:12.395772
4780	95	95	0.8	1	0:00:12.582521
4800	96	96	0.8	1	0:00:12.597001
4820	96	96	0.8	1	0:00:12.510710
4840	96	96	0.8	1	0:00:12.555442
4860	97	97	0.8	1	0:00:12.595993
4880	97	97	0.8	1	0:00:12.292454
4900	98	98	0.378	1	0:00:12.520525
4920	98	98	0.8	1	0:00:12.332480
4940	98	-1	0.0	0	0:00:12.668297
4960	99	99	0.208	1	0:00:12.636791
4980	99	99	0.0409	1	0:00:12.639117
5000	100	100	0.8	1	0:00:12.822749
5020	100	100	0.764	1	0:00:12.752669
5040	100	-1	0.0	0	0:00:12.671260
5060	101	101	0.385	1	0:00:12.349358
5080	101	-1	0.0	0	0:00:12.276941
5100	102	102	0.8	1	0:00:12.529248
5120	102	102	0.8	1	0:00:12.239663
5140	102	102	0.8	1	0:00:12.760453
5160	103	103	0.67	1	0:00:12.718617
5180	103	103	0.753	1	0:00:12.651954
5200	104	104	0.467	1	0:00:12.510668
5220	104	-1	0.0	0	0:00:12.633793
5240	104	-1	0.0	0	0:00:12.370955
5260	105	105	0.574	1	0:00:12.545992
5280	105	105	0.0813	1	0:00:12.705553
5300	106	106	0.735	1	0:00:12.659884
5320	106	106	0.158	1	0:00:12.275969
5340	106	106	0.152	1	0:00:12.682065
5360	107	-1	0.0	0	0:00:12.684637
5380	107	107	0.495	1	0:00:12.343294
5400	108	1	0.0818	0	0:00:12.624575
5420	108	108	0.753	1	0:00:12.584794
5440	108	108	0.437	1	0:00:12.446287
5460	109	109	0.00665	1	0:00:12.635934
5480	109	109	0.409	1	0:00:12.669272
5500	110	110	0.8	1	0:00:12.727697
5520	110	110	0.8	1	0:00:12.398128
5540	110	110	0.45	1	0:00:12.643812
5560	111	108	0.365	0	0:00:12.366490
5580	111	111	0.225	1	0:00:12.709867
5600	112	-1	0.0	0	0:00:12.698550
5620	112	-1	0.0	0	0:00:12.758109
5640	112	-1	0.0	0	0:00:12.640495
5660	113	-1	0.0	0	0:00:12.660347
5680	113	113	0.304	1	0:00:12.630290
5700	114	113	0.108	0	0:00:12.315496
5720	114	114	0.157	1	0:00:12.706360
5740	114	114	0.638	1	0:00:12.637284
5760	115	584	0.0343	0	0:00:12.402852
5780	115	-1	0.0	0	0:00:12.630364
5800	116	116	0.8	1	0:00:12.732663
5820	116	116	0.188	1	0:00:12.684211
5840	116	305	0.187	0	0:00:12.510034
5860	117	-1	0.0	0	0:00:12.549140
5880	117	117	0.8	1	0:00:12.649325
5900	118	118	0.8	1	0:00:12.436656
5920	118	118	0.438	1	0:00:12.591931
5940	118	124	0.118	0	0:00:12.588345
5960	119	-1	0.0	0	0:00:12.538078
5980	119	125	0.138	0	0:00:12.421485
6000	120	-1	0.0	0	0:00:12.737899
6020	120	-1	0.0	0	0:00:12.306246
6040	120	120	0.8	1	0:00:12.691189
6060	121	121	0.735	1	0:00:12.562621
6080	121	121	0.8	1	0:00:12.397912
6100	122	122	0.71	1	0:00:12.694191
6120	122	122	0.8	1	0:00:12.688233
6140	122	122	0.27	1	0:00:12.742537
6160	123	119	0.126	0	0:00:12.656697
6180	123	123	0.615	1	0:00:12.642787
6200	124	-1	0.0	0	0:00:12.629445
6220	124	121	0.129	0	0:00:12.596092
6240	124	-1	0.0	0	0:00:12.783175
6260	125	125	0.509	1	0:00:12.577588
6280	125	125	0.551	1	0:00:12.665633
6300	126	126	0.302	1	0:00:12.663497
6320	126	-1	0.0	0	0:00:12.683297
6340	126	-1	0.0	0	0:00:12.447851
6360	127	127	0.8	1	0:00:12.588258
6380	127	127	0.145	1	0:00:12.682917
6400	128	128	0.8	1	0:00:12.624830
6420	128	128	0.778	1	0:00:12.479603
6440	128	128	0.764	1	0:00:12.265851
6460	129	129	0.8	1	0:00:12.581517
6480	129	129	0.8	1	0:00:12.644212
6500	130	130	0.647	1	0:00:12.687988
6520	130	130	0.8	1	0:00:12.721920
6540	130	-1	0.0	0	0:00:12.710271
6560	131	131	0.00941	1	0:00:12.765764
6580	131	132	0.45	0	0:00:12.657408
6600	132	132	0.417	1	0:00:12.685225
6620	132	132	0.778	1	0:00:12.480621
6640	132	132	0.274	1	0:00:12.423857
6660	133	337	0.173	0	0:00:12.593874
6680	133	133	0.243	1	0:00:12.678555
6700	134	132	0.462	0	0:00:12.480156
6720	134	134	0.249	1	0:00:12.615670
6740	134	134	0.0516	1	0:00:12.497250
6760	135	135	0.8	1	0:00:12.574001
6780	135	135	0.607	1	0:00:12.631958
6800	136	136	0.8	1	0:00:12.709258
6820	136	136	0.8	1	0:00:12.511415
6840	136	136	0.743	1	0:00:12.577231
6860	137	137	0.778	1	0:00:12.645687
6880	137	148	0.252	0	0:00:12.516306
6900	138	138	0.419	1	0:00:12.669305
6920	138	138	0.721	1	0:00:12.628375
6940	138	-1	0.0	0	0:00:12.614983
6960	139	139	0.8	1	0:00:12.557887
6980	139	139	0.71	1	0:00:12.549102
7000	140	140	0.8	1	0:00:12.306609
7020	140	140	0.0525	1	0:00:12.682214
7040	140	140	0.529	1	0:00:12.609621
7060	141	141	0.0226	1	0:00:12.696640
7080	141	141	0.308	1	0:00:12.582685
7100	142	142	0.764	1	0:00:12.377035
7120	142	142	0.705	1	0:00:12.651227
7140	142	142	0.8	1	0:00:12.718289
7160	143	525	0.0468	0	0:00:12.713336
7180	143	143	0.391	1	0:00:12.697879
7200	144	-1	0.0	0	0:00:12.687868
7220	144	144	0.338	1	0:00:12.745613
7240	144	144	0.295	1	0:00:12.726917
7260	145	145	0.8	1	0:00:12.646326
7280	145	145	0.743	1	0:00:12.446501
7300	146	-1	0.0	0	0:00:12.691768
7320	146	146	0.124	1	0:00:12.212711
7340	146	146	0.628	1	0:00:12.512346
7360	147	147	0.735	1	0:00:12.358529
7380	147	147	0.8	1	0:00:12.552264
7400	148	148	0.345	1	0:00:12.724302
7420	148	148	0.8	1	0:00:12.790613
7440	148	148	0.8	1	0:00:12.599674
7460	149	149	0.8	1	0:00:12.572334
7480	149	149	0.8	1	0:00:12.647455
7500	150	360	0.227	0	0:00:12.574106
7520	150	150	0.275	1	0:00:12.723905
7540	150	-1	0.0	0	0:00:12.752014
7560	151	151	0.288	1	0:00:12.308404
7580	151	245	0.0229	0	0:00:12.642298
7600	152	152	0.177	1	0:00:12.707704
7620	152	152	0.414	1	0:00:12.720487
7640	152	152	0.0679	1	0:00:12.725910
7660	153	153	0.575	1	0:00:12.264950
7680	153	-1	0.0	0	0:00:12.743787
7700	154	-1	0.0	0	0:00:12.603835
7720	154	154	0.451	1	0:00:12.509505
7740	154	154	0.186	1	0:00:12.583524
7760	155	-1	0.0	0	0:00:12.213162
7780	155	155	0.231	1	0:00:12.722279
7800	156	156	0.8	1	0:00:12.630065
7820	156	156	0.8	1	0:00:12.675736
7840	156	156	0.474	1	0:00:12.292827
7860	157	157	0.324	1	0:00:12.694080
7880	157	157	0.691	1	0:00:12.645720
7900	158	158	0.281	1	0:00:12.608624
7920	158	195	0.285	0	0:00:12.513664
7940	158	-1	0.0	0	0:00:12.719920
7960	159	159	0.364	1	0:00:12.619117
7980	159	159	0.371	1	0:00:12.476057
8000	160	160	0.659	1	0:00:12.633070
8020	160	-1	0.0	0	0:00:12.643600
8040	160	-1	0.0	0	0:00:12.511181
8060	161	161	0.34	1	0:00:12.404016
8080	161	-1	0.0	0	0:00:12.686839
8100	162	162	0.638	1	0:00:12.676158
8120	162	162	0.246	1	0:00:12.612329
8140	162	162	0.673	1	0:00:12.693480
8160	163	-1	0.0	0	0:00:12.330616
8180	163	281	0.494	0	0:00:12.665384
8200	164	-1	0.0	0	0:00:12.366586
8220	164	-1	0.0	0	0:00:12.630849
8240	164	164	0.8	1	0:00:12.277390
8260	165	179	0.00244	0	0:00:12.709261
8280	165	166	0.272	0	0:00:12.577904
8300	166	-1	0.0	0	0:00:12.623633
8320	166	162	0.175	0	0:00:12.458503
8340	166	166	0.448	1	0:00:12.565150
8360	167	171	0.0199	0	0:00:12.510136
8380	167	166	0.198	0	0:00:12.545444
8400	168	168	0.031	1	0:00:12.562176
8420	168	168	0.197	1	0:00:12.706295
8440	168	168	0.39	1	0:00:12.681580
8460	169	169	0.384	1	0:00:12.659466
8480	169	169	0.68	1	0:00:12.501447
8500	170	354	0.195	0	0:00:12.510895
8520	170	202	0.374	0	0:00:12.660094
8540	170	-1	0.0	0	0:00:12.667582
8560	171	173	0.294	0	0:00:12.447708
8580	171	383	0.0273	0	0:00:12.627636
8600	172	172	0.0027	1	0:00:12.658933
8620	172	172	0.431	1	0:00:12.515214
8640	172	253	0.519	0	0:00:12.597073
8660	173	173	0.778	1	0:00:12.650062
8680	173	173	0.258	1	0:00:12.741835
8700	174	174	0.306	1	0:00:12.575518
8720	174	174	0.12	1	0:00:12.851236
8740	174	174	0.453	1	0:00:12.657414
8760	175	208	0.361	0	0:00:12.443690
8780	175	-1	0.0	0	0:00:12.620564
8800	176	176	0.68	1	0:00:12.614689
8820	176	171	0.045	0	0:00:12.492825
8840	176	176	0.644	1	0:00:12.576190
8860	177	177	0.226	1	0:00:12.662194
8880	177	177	0.0813	1	0:00:12.554701
8900	178	178	0.735	1	0:00:12.569001
8920	178	246	0.301	0	0:00:12.638571
8940	178	178	0.735	1	0:00:12.683693
8960	179	195	0.103	0	0:00:12.456619
8980	179	179	0.108	1	0:00:12.551649
9000	180	243	0.067	0	0:00:12.701005
9020	180	-1	0.0	0	0:00:12.500439
9040	180	-1	0.0	0	0:00:12.625048
9060	181	-1	0.0	0	0:00:12.486201
9080	181	-1	0.0	0	0:00:12.493805
9100	182	-1	0.0	0	0:00:12.496950
9120	182	-1	0.0	0	0:00:12.547854
9140	182	182	0.142	1	0:00:12.586365
9160	183	-1	0.0	0	0:00:12.720853
9180	183	197	0.0927	0	0:00:12.470039
9200	184	-1	0.0	0	0:00:12.587977
9220	184	-1	0.0	0	0:00:12.720779
9240	184	191	0.0213	0	0:00:12.355593
9260	185	185	0.764	1	0:00:12.583375
9280	185	185	0.673	1	0:00:12.636365
9300	186	-1	0.0	0	0:00:12.631184
9320	186	-1	0.0	0	0:00:12.654949
9340	186	-1	0.0	0	0:00:12.335440
9360	187	-1	0.0	0	0:00:12.544804
9380	187	-1	0.0	0	0:00:12.605478
9400	188	188	0.0622	1	0:00:12.598889
9420	188	-1	0.0	0	0:00:12.514542
9440	188	-1	0.0	0	0:00:12.605049
9460	189	189	0.185	1	0:00:12.311218
9480	189	189	0.8	1	0:00:12.679394
9500	190	190	0.67	1	0:00:12.597540
9520	190	-1	0.0	0	0:00:12.700346
9540	190	190	0.778	1	0:00:12.588198
9560	191	191	0.615	1	0:00:12.464577
9580	191	191	0.778	1	0:00:12.520293
9600	192	-1	0.0	0	0:00:12.669003
9620	192	192	0.155	1	0:00:12.721142
9640	192	192	0.0452	1	0:00:12.678992
9660	193	-1	0.0	0	0:00:12.785129
9680	193	186	0.0831	0	0:00:12.760841
9700	194	996	0.138	0	0:00:12.498838
9720	194	194	0.0971	1	0:00:12.614334
9740	194	194	0.445	1	0:00:12.699180
9760	195	195	0.8	1	0:00:12.388580
9780	195	195	0.8	1	0:00:12.560899
9800	196	199	0.743	0	0:00:12.661608
9820	196	196	0.764	1	0:00:12.652029
9840	196	198	0.8	0	0:00:12.657403
9860	197	199	0.0437	0	0:00:12.416739
9880	197	189	0.161	0	0:00:12.687779
9900	198	196	0.117	0	0:00:12.631954
9920	198	198	0.8	1	0:00:12.453656
9940	198	198	0.0641	1	0:00:12.700517
9960	199	203	0.628	0	0:00:12.661012
9980	199	199	0.618	1	0:00:12.653520
10000	200	160	0.0917	0	0:00:12.286077
10020	200	202	0.0725	0	0:00:12.539938
10040	200	200	0.0662	1	0:00:12.715092
10060	201	201	0.565	1	0:00:12.659515
10080	201	-1	0.0	0	0:00:12.623851
10100	202	202	0.532	1	0:00:12.607338
10120	202	-1	0.0	0	0:00:12.564293
10140	202	-1	0.0	0	0:00:12.563196
10160	203	-1	0.0	0	0:00:12.671497
10180	203	203	0.68	1	0:00:12.603487
10200	204	155	0.103	0	0:00:12.485882
10220	204	153	0.374	0	0:00:12.615501
10240	204	155	0.568	0	0:00:12.501154
10260	205	205	0.423	1	0:00:12.520807
10280	205	205	0.203	1	0:00:12.605939
10300	206	206	0.334	1	0:00:12.486061
10320	206	206	0.227	1	0:00:12.528568
10340	206	206	0.366	1	0:00:12.600438
10360	207	207	0.365	1	0:00:12.673787
10380	207	-1	0.0	0	0:00:12.514249
10400	208	208	0.612	1	0:00:12.518088
10420	208	208	0.539	1	0:00:12.616592
10440	208	205	0.00433	0	0:00:12.414445
10460	209	209	0.17	1	0:00:12.656458
10480	209	208	0.19	0	0:00:12.652305
10500	210	210	0.173	1	0:00:12.553524
10520	210	210	0.405	1	0:00:12.421581
10540	210	210	0.8	1	0:00:12.694373
10560	211	227	0.0533	0	0:00:12.313807
10580	211	-1	0.0	0	0:00:12.661719
10600	212	198	0.0152	0	0:00:12.654882
10620	212	-1	0.0	0	0:00:12.611080
10640	212	212	0.572	1	0:00:12.687872
10660	213	213	0.696	1	0:00:12.650141
10680	213	555	0.191	0	0:00:12.255735
10700	214	214	0.162	1	0:00:12.605091
10720	214	-1	0.0	0	0:00:12.657973
10740	214	214	0.609	1	0:00:12.637098
10760	215	-1	0.0	0	0:00:12.543754
10780	215	216	0.0722	0	0:00:12.624208
10800	216	212	0.114	0	0:00:12.695271
10820	216	216	0.764	1	0:00:12.382708
10840	216	212	0.0977	0	0:00:12.653524
10860	217	217	0.715	1	0:00:12.295601
10880	217	217	0.281	1	0:00:12.571219
10900	218	218	0.743	1	0:00:12.593624
10920	218	218	0.589	1	0:00:12.440335
10940	218	218	0.8	1	0:00:12.591822
10960	219	219	0.188	1	0:00:12.658944
10980	219	-1	0.0	0	0:00:12.731046
11000	220	220	0.445	1	0:00:12.592350
11020	220	218	0.205	0	0:00:12.557468
11040	220	220	0.461	1	0:00:12.628295
11060	221	206	0.288	0	0:00:12.279155
11080	221	-1	0.0	0	0:00:12.570601
11100	222	296	0.071	0	0:00:12.705133
11120	222	-1	0.0	0	0:00:12.593744
11140	222	222	0.0673	1	0:00:12.379304
11160	223	223	0.139	1	0:00:12.525843
11180	223	224	0.0955	0	0:00:12.719107
11200	224	-1	0.0	0	0:00:12.695675
11220	224	224	0.67	1	0:00:12.674080
11240	224	224	0.108	1	0:00:12.674664
11260	225	243	0.199	0	0:00:12.621933
11280	225	225	0.8	1	0:00:12.521635
11300	226	160	0.078	0	0:00:12.650634
11320	226	226	0.109	1	0:00:12.484158
11340	226	-1	0.0	0	0:00:12.492797
11360	227	227	0.462	1	0:00:12.418502
11380	227	227	0.67	1	0:00:12.547585
11400	228	228	0.332	1	0:00:12.632711
11420	228	228	0.8	1	0:00:12.448128
11440	228	228	0.8	1	0:00:12.564599
11460	229	229	0.208	1	0:00:12.622490
11480	229	229	0.764	1	0:00:12.315588
11500	230	230	0.437	1	0:00:12.691098
11520	230	230	0.316	1	0:00:12.576375
11540	230	230	0.778	1	0:00:12.672566
11560	231	230	0.654	0	0:00:12.718251
11580	231	231	0.606	1	0:00:12.616829
11600	232	232	0.764	1	0:00:12.519929
11620	232	-1	0.0	0	0:00:12.381399
11640	232	232	0.528	1	0:00:12.651709
11660	233	-1	0.0	0	0:00:12.695713
11680	233	233	0.0379	1	0:00:12.476743
11700	234	214	0.000439	0	0:00:12.638944
11720	234	234	0.562	1	0:00:12.360507
11740	234	234	0.423	1	0:00:12.619358
11760	235	235	0.298	1	0:00:12.606234
11780	235	234	0.264	0	0:00:12.391522
11800	236	-1	0.0	0	0:00:12.605200
11820	236	236	0.764	1	0:00:12.733726
11840	236	234	0.333	0	0:00:12.746158
11860	237	237	0.8	1	0:00:12.653873
11880	237	-1	0.0	0	0:00:12.714218
11900	238	241	0.687	0	0:00:12.318722
11920	238	238	0.479	1	0:00:12.644589
11940	238	241	0.0559	0	0:00:12.651361
11960	239	232	0.0223	0	0:00:12.661778
11980	239	-1	0.0	0	0:00:12.593717
12000	240	238	0.544	0	0:00:12.381747
12020	240	241	0.328	0	0:00:12.658514
12040	240	238	0.346	0	0:00:12.622777
12060	241	241	0.735	1	0:00:12.254590
12080	241	241	0.8	1	0:00:12.694894
12100	242	242	0.078	1	0:00:12.742893
12120	242	-1	0.0	0	0:00:12.649401
12140	242	180	0.0174	0	0:00:12.804453
12160	243	243	0.454	1	0:00:12.490009
12180	243	243	0.266	1	0:00:12.560410
12200	244	244	0.8	1	0:00:12.694449
12220	244	244	0.753	1	0:00:12.469178
12240	244	244	0.8	1	0:00:12.377602
12260	245	245	0.634	1	0:00:12.609295
12280	245	245	0.522	1	0:00:12.636963
12300	246	-1	0.0	0	0:00:12.544310
12320	246	246	0.362	1	0:00:12.341375
12340	246	-1	0.0	0	0:00:12.690211
12360	247	247	0.092	1	0:00:12.349721
12380	247	-1	0.0	0	0:00:12.662280
12400	248	250	0.156	0	0:00:12.674626
12420	248	249	0.185	0	0:00:12.558438
12440	248	249	0.271	0	0:00:12.493433
12460	249	249	0.743	1	0:00:12.488708
12480	249	249	0.0921	1	0:00:12.515610
12500	250	-1	0.0	0	0:00:12.281473
12520	250	250	0.247	1	0:00:12.674155
12540	250	250	0.292	1	0:00:12.741861
12560	251	251	0.8	1	0:00:12.468173
12580	251	251	0.8	1	0:00:12.741062
12600	252	252	0.157	1	0:00:12.651685
12620	252	256	0.117	0	0:00:12.673614
12640	252	252	0.22	1	0:00:12.377568
12660	253	253	0.584	1	0:00:12.547929
12680	253	253	0.487	1	0:00:12.666955
12700	254	254	0.000501	1	0:00:12.680722
12720	254	254	0.513	1	0:00:12.411338
12740	254	254	0.467	1	0:00:12.652133
12760	255	255	0.764	1	0:00:12.743822
12780	255	255	0.753	1	0:00:12.718203
12800	256	256	0.664	1	0:00:12.687675
12820	256	256	0.594	1	0:00:12.617091
12840	256	256	0.245	1	0:00:12.523701
12860	257	257	0.382	1	0:00:12.576846
12880	257	257	0.441	1	0:00:12.586758
12900	258	258	0.182	1	0:00:12.404871
12920	258	-1	0.0	0	0:00:12.645581
12940	258	169	0.226	0	0:00:12.708709
12960	259	259	0.387	1	0:00:12.338268
12980	259	259	0.449	1	0:00:12.649224
13000	260	260	0.52	1	0:00:12.710467
13020	260	260	0.8	1	0:00:12.621992
13040	260	270	0.027	0	0:00:12.482831
13060	261	-1	0.0	0	0:00:12.494947
13080	261	261	0.0379	1	0:00:12.722224
13100	262	262	0.8	1	0:00:12.655732
13120	262	262	0.476	1	0:00:12.691816
13140	262	-1	0.0	0	0:00:12.425451
13160	263	155	0.186	0	0:00:12.411211
13180	263	263	0.45	1	0:00:12.396470
13200	264	264	0.721	1	0:00:12.640573
13220	264	264	0.129	1	0:00:12.650329
13240	264	264	0.273	1	0:00:12.725885
13260	265	266	0.399	0	0:00:12.496275
13280	265	-1	0.0	0	0:00:12.573869
13300	266	194	0.114	0	0:00:12.754799
13320	266	-1	0.0	0	0:00:12.243422
13340	266	-1	0.0	0	0:00:12.687585
13360	267	267	0.46	1	0:00:12.655062
13380	267	-1	0.0	0	0:00:12.737310
13400	268	268	0.67	1	0:00:12.701497
13420	268	268	0.103	1	0:00:12.317058
13440	268	268	0.362	1	0:00:12.611068
13460	269	269	0.191	1	0:00:12.617352
13480	269	249	0.0264	0	0:00:12.745739
13500	270	270	0.29	1	0:00:12.444129
13520	270	270	0.467	1	0:00:12.595930
13540	270	258	0.113	0	0:00:12.374983
13560	271	271	0.595	1	0:00:12.669451
13580	271	-1	0.0	0	0:00:12.635309
13600	272	274	0.258	0	0:00:12.566863
13620	272	272	0.595	1	0:00:12.521108
13640	272	-1	0.0	0	0:00:12.721281
13660	273	273	0.157	1	0:00:12.327512
13680	273	273	0.612	1	0:00:12.772158
13700	274	274	0.502	1	0:00:12.538304
13720	274	-1	0.0	0	0:00:12.595760
13740	274	-1	0.0	0	0:00:12.383781
13760	275	275	0.8	1	0:00:12.720113
13780	275	275	0.8	1	0:00:12.604315
13800	276	276	0.8	1	0:00:12.367756
13820	276	276	0.545	1	0:00:12.583665
13840	276	276	0.222	1	0:00:12.698878
13860	277	277	0.728	1	0:00:12.673790
13880	277	277	0.306	1	0:00:12.514035
13900	278	278	0.572	1	0:00:12.716643
13920	278	-1	0.0	0	0:00:12.675288
13940	278	277	0.094	0	0:00:12.314949
13960	279	279	0.214	1	0:00:12.570579
13980	279	279	0.0295	1	0:00:12.656575
14000	280	280	0.715	1	0:00:12.706816
14020	280	280	0.8	1	0:00:12.671417
14040	280	280	0.414	1	0:00:12.646857
14060	281	281	0.687	1	0:00:12.704284
14080	281	281	0.357	1	0:00:12.715064
14100	282	281	0.566	0	0:00:12.673563
14120	282	290	0.0347	0	0:00:12.312773
14140	282	282	0.0834	1	0:00:12.693659
14160	283	-1	0.0	0	0:00:12.728547
14180	283	283	0.721	1	0:00:12.342854
14200	284	284	0.8	1	0:00:12.702986
14220	284	285	0.8	0	0:00:12.640991
14240	284	284	0.743	1	0:00:12.469687
14260	285	285	0.0634	1	0:00:12.549359
14280	285	285	0.8	1	0:00:12.713926
14300	286	286	0.8	1	0:00:12.553803
14320	286	286	0.654	1	0:00:12.804384
14340	286	500	0.227	0	0:00:12.704811
14360	287	287	0.8	1	0:00:12.627347
14380	287	293	0.8	0	0:00:12.712470
14400	288	288	0.412	1	0:00:12.504923
14420	288	290	0.369	0	0:00:12.544163
14440	288	288	0.8	1	0:00:12.368421
14460	289	289	0.382	1	0:00:12.694643
14480	289	289	0.336	1	0:00:12.695768
14500	290	290	0.623	1	0:00:12.708621
14520	290	-1	0.0	0	0:00:12.659992
14540	290	290	0.8	1	0:00:12.390990
14560	291	-1	0.0	0	0:00:12.468196
14580	291	291	0.8	1	0:00:12.598597
14600	292	290	0.38	0	0:00:12.365852
14620	292	292	0.412	1	0:00:12.682423
14640	292	292	0.8	1	0:00:12.350355
14660	293	293	0.8	1	0:00:12.664346
14680	293	293	0.8	1	0:00:12.676674
14700	294	294	0.651	1	0:00:12.638144
14720	294	294	0.396	1	0:00:12.309163
14740	294	294	0.176	1	0:00:12.654044
14760	295	295	0.411	1	0:00:12.727408
14780	295	295	0.8	1	0:00:12.482481
14800	296	296	0.138	1	0:00:12.496976
14820	296	296	0.328	1	0:00:12.637667
14840	296	-1	0.0	0	0:00:12.665890
14860	297	-1	0.0	0	0:00:12.530446
14880	297	297	0.778	1	0:00:12.577949
14900	298	-1	0.0	0	0:00:12.582827
14920	298	298	0.46	1	0:00:12.859581
14940	298	83	0.0769	0	0:00:12.805869
14960	299	299	0.137	1	0:00:12.373658
14980	299	-1	0.0	0	0:00:12.544401
15000	300	300	0.8	1	0:00:12.706539
15020	300	300	0.778	1	0:00:12.605629
15040	300	302	0.108	0	0:00:12.474643
15060	301	301	0.673	1	0:00:12.549939
15080	301	301	0.753	1	0:00:12.644192
15100	302	-1	0.0	0	0:00:12.726672
15120	302	300	0.8	0	0:00:12.765133
15140	302	-1	0.0	0	0:00:12.611089
15160	303	-1	0.0	0	0:00:12.468336
15180	303	303	0.262	1	0:00:12.648005
15200	304	301	0.537	0	0:00:12.667900
15220	304	304	0.00702	1	0:00:12.392792
15240	304	303	0.527	0	0:00:12.520094
15260	305	305	0.409	1	0:00:12.591894
15280	305	305	0.443	1	0:00:12.662222
15300	306	306	0.516	1	0:00:12.361213
15320	306	306	0.315	1	0:00:12.567273
15340	306	306	0.366	1	0:00:12.580155
15360	307	307	0.294	1	0:00:12.406544
15380	307	307	0.00872	1	0:00:12.331278
15400	308	308	0.327	1	0:00:12.410410
15420	308	308	0.571	1	0:00:12.540112
15440	308	308	0.647	1	0:00:12.394217
15460	309	316	0.209	0	0:00:12.686852
15480	309	309	0.616	1	0:00:12.577539
15500	310	310	0.8	1	0:00:12.504850
15520	310	310	0.00339	1	0:00:12.602033
15540	310	310	0.276	1	0:00:12.740463
15560	311	-1	0.0	0	0:00:12.663245
15580	311	312	0.764	0	0:00:12.502180
15600	312	-1	0.0	0	0:00:12.660570
15620	312	312	0.743	1	0:00:12.664020
15640	312	312	0.466	1	0:00:12.741509
15660	313	313	0.778	1	0:00:12.591206
15680	313	-1	0.0	0	0:00:12.507649
15700	314	314	0.229	1	0:00:12.515241
15720	314	310	0.227	0	0:00:12.613520
15740	314	314	0.331	1	0:00:12.748636
15760	315	955	0.175	0	0:00:12.427926
15780	315	40	0.0509	0	0:00:12.540966
15800	316	316	0.475	1	0:00:12.323072
15820	316	316	0.618	1	0:00:12.273016
15840	316	-1	0.0	0	0:00:12.665953
15860	317	317	0.8	1	0:00:12.731639
15880	317	317	0.8	1	0:00:12.612385
15900	318	308	0.254	0	0:00:12.662278
15920	318	318	0.244	1	0:00:12.699792
15940	318	318	0.34	1	0:00:12.617140
15960	319	41	0.306	0	0:00:12.390441
15980	319	319	0.521	1	0:00:12.661111
16000	320	320	0.8	1	0:00:12.433062
16020	320	320	0.8	1	0:00:12.591475
16040	320	-1	0.0	0	0:00:12.644090
16060	321	321	0.662	1	0:00:12.360110
16080	321	321	0.753	1	0:00:12.569552
16100	322	322	0.31	1	0:00:12.699898
16120	322	322	0.8	1	0:00:12.718850
16140	322	-1	0.0	0	0:00:12.473672
16160	323	323	0.8	1	0:00:12.789650
16180	323	323	0.8	1	0:00:12.642718
16200	324	324	0.499	1	0:00:12.392732
16220	324	985	0.545	0	0:00:12.639248
16240	324	-1	0.0	0	0:00:12.730746
16260	325	325	0.8	1	0:00:12.404078
16280	325	-1	0.0	0	0:00:12.597826
16300	326	326	0.715	1	0:00:12.428988
16320	326	-1	0.0	0	0:00:12.586477
16340	326	326	0.8	1	0:00:12.680420
16360	327	327	0.8	1	0:00:12.679545
16380	327	327	0.735	1	0:00:12.732574
16400	328	328	0.8	1	0:00:12.685781
16420	328	328	0.8	1	0:00:12.631864
16440	328	995	0.136	0	0:00:12.657423
16460	329	65	0.0652	0	0:00:12.341022
16480	329	390	0.0955	0	0:00:12.672194
16500	330	330	0.19	1	0:00:12.716322
16520	330	330	0.62	1	0:00:12.380177
16540	330	331	0.038	0	0:00:12.645525
16560	331	331	0.8	1	0:00:12.652289
16580	331	331	0.8	1	0:00:12.588803
16600	332	-1	0.0	0	0:00:12.435116
16620	332	332	0.0495	1	0:00:12.680703
16640	332	332	0.485	1	0:00:12.717249
16660	333	333	0.8	1	0:00:12.513892
16680	333	333	0.8	1	0:00:12.400176
16700	334	334	0.459	1	0:00:12.605273
16720	334	334	0.463	1	0:00:12.368429
16740	334	-1	0.0	0	0:00:12.299998
16760	335	376	0.124	0	0:00:12.579964
16780	335	335	0.208	1	0:00:12.761990
16800	336	336	0.628	1	0:00:12.720528
16820	336	336	0.132	1	0:00:12.560575
16840	336	336	0.667	1	0:00:12.721995
16860	337	337	0.255	1	0:00:12.663163
16880	337	337	0.621	1	0:00:12.700970
16900	338	617	0.157	0	0:00:12.693809
16920	338	338	0.443	1	0:00:12.550577
16940	338	332	0.461	0	0:00:12.439469
16960	339	339	0.222	1	0:00:12.618813
16980	339	339	0.623	1	0:00:12.424205
17000	340	340	0.8	1	0:00:12.613181
17020	340	340	0.8	1	0:00:12.588176
17040	340	340	0.8	1	0:00:12.554811
17060	341	341	0.438	1	0:00:12.570409
17080	341	-1	0.0	0	0:00:12.611398
17100	342	-1	0.0	0	0:00:12.730474
17120	342	350	0.0917	0	0:00:12.707102
17140	342	342	0.778	1	0:00:12.720785
17160	343	343	0.466	1	0:00:12.714814
17180	343	343	0.0886	1	0:00:12.366031
17200	344	344	0.401	1	0:00:12.678023
17220	344	690	0.615	0	0:00:12.601844
17240	344	344	0.477	1	0:00:12.496987
17260	345	690	0.525	0	0:00:12.709823
17280	345	346	0.0994	0	0:00:12.291953
17300	346	-1	0.0	0	0:00:12.652223
17320	346	346	0.43	1	0:00:12.684098
17340	346	346	0.8	1	0:00:12.656337
17360	347	347	0.112	1	0:00:12.735606
17380	347	347	0.8	1	0:00:12.373798
17400	348	-1	0.0	0	0:00:12.603173
17420	348	350	0.253	0	0:00:12.682566
17440	348	349	0.8	0	0:00:12.742322
17460	349	349	0.553	1	0:00:12.732169
17480	349	349	0.8	1	0:00:12.694301
17500	350	350	0.8	1	0:00:12.497420
17520	350	350	0.8	1	0:00:12.661578
17540	350	350	0.445	1	0:00:12.581518
17560	351	351	0.275	1	0:00:12.434173
17580	351	351	0.8	1	0:00:12.649260
17600	352	352	0.469	1	0:00:12.588023
17620	352	352	0.445	1	0:00:12.401850
17640	352	352	0.488	1	0:00:12.643349
17660	353	-1	0.0	0	0:00:12.484637
17680	353	352	0.397	0	0:00:12.585666
17700	354	354	0.778	1	0:00:12.676404
17720	354	354	0.513	1	0:00:12.813627
17740	354	354	0.3	1	0:00:12.572975
17760	355	355	0.8	1	0:00:12.382249
17780	355	355	0.715	1	0:00:12.601980
17800	356	-1	0.0	0	0:00:12.689850
17820	356	360	0.778	0	0:00:12.388195
17840	356	362	0.68	0	0:00:12.567074
17860	357	-1	0.0	0	0:00:12.656514
17880	357	103	0.00627	0	0:00:12.575035
17900	358	-1	0.0	0	0:00:12.518427
17920	358	356	0.269	0	0:00:12.575104
17940	358	358	0.538	1	0:00:12.648128
17960	359	359	0.339	1	0:00:12.370648
17980	359	-1	0.0	0	0:00:12.617927
18000	360	360	0.18	1	0:00:12.703673
18020	360	360	0.303	1	0:00:12.635967
18040	360	360	0.127	1	0:00:12.522542
18060	361	361	0.8	1	0:00:12.534575
18080	361	223	0.165	0	0:00:12.542142
18100	362	362	0.8	1	0:00:12.413703
18120	362	106	0.233	0	0:00:12.683306
18140	362	362	0.8	1	0:00:12.373136
18160	363	363	0.8	1	0:00:12.582224
18180	363	363	0.8	1	0:00:12.619502
18200	364	364	0.107	1	0:00:12.282651
18220	364	364	0.227	1	0:00:12.611673
18240	364	364	0.735	1	0:00:12.656854
18260	365	365	0.721	1	0:00:12.660390
18280	365	365	0.8	1	0:00:12.336018
18300	366	366	0.155	1	0:00:12.716108
18320	366	366	0.522	1	0:00:12.580703
18340	366	366	0.561	1	0:00:12.457939
18360	367	367	0.17	1	0:00:12.666508
18380	367	-1	0.0	0	0:00:12.599285
18400	368	368	0.229	1	0:00:12.327448
18420	368	368	0.555	1	0:00:12.685678
18440	368	368	0.227	1	0:00:12.619057
18460	369	-1	0.0	0	0:00:12.557488
18480	369	369	0.435	1	0:00:12.455067
18500	370	370	0.764	1	0:00:12.681036
18520	370	-1	0.0	0	0:00:12.586381
18540	370	370	0.0716	1	0:00:12.531047
18560	371	372	0.615	0	0:00:12.412012
18580	371	371	0.452	1	0:00:12.512378
18600	372	-1	0.0	0	0:00:12.607333
18620	372	373	0.119	0	0:00:12.623804
18640	372	372	0.326	1	0:00:12.592289
18660	373	373	0.141	1	0:00:12.749957
18680	373	373	0.296	1	0:00:12.628630
18700	374	367	0.198	0	0:00:12.618279
18720	374	374	0.14	1	0:00:12.678494
18740	374	382	0.667	0	0:00:12.327604
18760	375	375	0.764	1	0:00:12.697082
18780	375	375	0.395	1	0:00:12.360801
18800	376	376	0.503	1	0:00:12.265269
18820	376	376	0.485	1	0:00:12.594683
18840	376	376	0.8	1	0:00:12.671363
18860	377	377	0.505	1	0:00:12.241105
18880	377	382	0.8	0	0:00:12.683681
18900	378	-1	0.0	0	0:00:12.701760
18920	378	379	0.504	0	0:00:12.474234
18940	378	378	0.139	1	0:00:12.646004
18960	379	379	0.407	1	0:00:12.348959
18980	379	379	0.764	1	0:00:12.509503
19000	380	380	0.338	1	0:00:12.178608
19020	380	380	0.416	1	0:00:12.644499
19040	380	-1	0.0	0	0:00:12.607959
19060	381	381	0.054	1	0:00:12.462073
19080	381	381	0.441	1	0:00:12.626384
19100	382	382	0.8	1	0:00:12.627254
19120	382	382	0.778	1	0:00:12.498072
19140	382	382	0.0448	1	0:00:12.412104
19160	383	383	0.8	1	0:00:12.645828
19180	383	383	0.606	1	0:00:12.498338
19200	384	384	0.194	1	0:00:12.438579
19220	384	369	0.226	0	0:00:12.564056
19240	384	384	0.506	1	0:00:12.685141
19260	385	385	0.159	1	0:00:12.552002
19280	385	385	0.341	1	0:00:12.688747
19300	386	101	0.0387	0	0:00:12.592782
19320	386	101	0.58	0	0:00:12.661931
19340	386	101	0.0284	0	0:00:12.692723
19360	387	387	0.778	1	0:00:12.378316
19380	387	387	0.647	1	0:00:12.641400
19400	388	388	0.397	1	0:00:12.707822
19420	388	388	0.8	1	0:00:12.375978
19440	388	-1	0.0	0	0:00:12.226506
19460	389	2	0.0754	0	0:00:12.578060
19480	389	389	0.553	1	0:00:12.649951
19500	390	390	0.651	1	0:00:12.359853
19520	390	390	0.304	1	0:00:12.636070
19540	390	6	0.176	0	0:00:12.257452
19560	391	391	0.343	1	0:00:12.661187
19580	391	97	0.00734	0	0:00:12.739598
19600	392	397	0.696	0	0:00:12.600766
19620	392	392	0.8	1	0:00:12.639870
19640	392	392	0.8	1	0:00:12.406394
19660	393	393	0.571	1	0:00:12.516282
19680	393	393	0.8	1	0:00:12.408920
19700	394	395	0.0932	0	0:00:12.579458
19720	394	103	0.42	0	0:00:12.640282
19740	394	149	0.381	0	0:00:12.682544
19760	395	395	0.3	1	0:00:12.480232
19780	395	395	0.287	1	0:00:12.484735
19800	396	396	0.8	1	0:00:12.575685
19820	396	396	0.8	1	0:00:12.563139
19840	396	396	0.8	1	0:00:12.397518
19860	397	397	0.0803	1	0:00:12.545248
19880	397	397	0.8	1	0:00:12.687014
19900	398	398	0.312	1	0:00:12.662023
19920	398	398	0.392	1	0:00:12.395787
19940	398	784	0.618	0	0:00:12.151466
19960	399	399	0.0705	1	0:00:12.634338
19980	399	399	0.534	1	0:00:12.673576
20000	400	-1	0.0	0	0:00:12.685502
20020	400	400	0.324	1	0:00:12.364485
20040	400	667	0.764	0	0:00:12.607649
20060	401	401	0.753	1	0:00:12.607093
20080	401	401	0.218	1	0:00:12.508235
20100	402	420	0.162	0	0:00:12.581060
20120	402	-1	0.0	0	0:00:12.598627
20140	402	402	0.453	1	0:00:12.494922
20160	403	403	0.8	1	0:00:12.598991
20180	403	403	0.538	1	0:00:12.597237
20200	404	404	0.8	1	0:00:12.683079
20220	404	404	0.183	1	0:00:12.668162
20240	404	895	0.753	0	0:00:12.650105
20260	405	405	0.743	1	0:00:12.704014
20280	405	405	0.721	1	0:00:12.593910
20300	406	406	0.778	1	0:00:12.734106
20320	406	857	0.124	0	0:00:12.476897
20340	406	406	0.529	1	0:00:12.579980
20360	407	407	0.8	1	0:00:12.705719
20380	407	407	0.8	1	0:00:12.295887
20400	408	847	0.8	0	0:00:12.719759
20420	408	408	0.133	1	0:00:12.709841
20440	408	408	0.16	1	0:00:12.400794
20460	409	442	0.8	0	0:00:12.615488
20480	409	409	0.0907	1	0:00:12.651853
20500	410	-1	0.0	0	0:00:12.676613
20520	410	410	0.764	1	0:00:12.611613
20540	410	410	0.227	1	0:00:12.283070
20560	411	411	0.286	1	0:00:12.748130
20580	411	614	0.0114	0	0:00:12.609894
20600	412	412	0.179	1	0:00:12.423191
20620	412	448	0.312	0	0:00:12.594496
20640	412	412	0.64	1	0:00:12.361748
20660	413	413	0.212	1	0:00:12.528921
20680	413	491	0.0966	0	0:00:12.665189
20700	414	414	0.8	1	0:00:12.651478
20720	414	413	0.101	0	0:00:12.654883
20740	414	869	0.257	0	0:00:12.602049
20760	415	857	0.537	0	0:00:12.443915
20780	415	928	0.753	0	0:00:12.719430
20800	416	416	0.778	1	0:00:12.722412
20820	416	416	0.329	1	0:00:12.726519
20840	416	416	0.71	1	0:00:12.655966
20860	417	417	0.8	1	0:00:12.332695
20880	417	714	0.0501	0	0:00:12.667459
20900	418	563	0.8	0	0:00:12.114454
20920	418	418	0.0934	1	0:00:12.670615
20940	418	542	0.52	0	0:00:12.488796
20960	419	419	0.189	1	0:00:12.508164
20980	419	419	0.196	1	0:00:12.316511
21000	420	-1	0.0	0	0:00:12.664663
21020	420	-1	0.0	0	0:00:12.625821
21040	420	607	0.0199	0	0:00:12.461633
21060	421	421	0.735	1	0:00:12.568216
21080	421	421	0.0533	1	0:00:12.651448
21100	422	543	0.134	0	0:00:12.736542
21120	422	422	0.743	1	0:00:12.678288
21140	422	422	0.8	1	0:00:12.667892
21160	423	423	0.471	1	0:00:12.599637
21180	423	424	0.398	0	0:00:12.560566
21200	424	415	0.479	0	0:00:12.425589
21220	424	-1	0.0	0	0:00:12.686368
21240	424	960	0.0977	0	0:00:12.332548
21260	425	915	0.281	0	0:00:12.645807
21280	425	-1	0.0	0	0:00:12.617845
21300	426	426	0.8	1	0:00:12.343217
21320	426	426	0.8	1	0:00:12.653648
21340	426	426	0.8	1	0:00:12.703707
21360	427	427	0.8	1	0:00:12.682487
21380	427	885	0.0754	0	0:00:12.317346
21400	428	428	0.594	1	0:00:12.706623
21420	428	428	0.164	1	0:00:12.608135
21440	428	428	0.0576	1	0:00:12.674704
21460	429	429	0.8	1	0:00:12.735262
21480	429	429	0.8	1	0:00:12.289640
21500	430	430	0.047	1	0:00:12.528517
21520	430	430	0.449	1	0:00:12.384149
21540	430	450	0.0282	0	0:00:12.563275
21560	431	431	0.463	1	0:00:12.739794
21580	431	431	0.8	1	0:00:12.566196
21600	432	432	0.8	1	0:00:12.301975
21620	432	432	0.8	1	0:00:12.607918
21640	432	513	0.412	0	0:00:12.536879
21660	433	433	0.0366	1	0:00:12.568426
21680	433	433	0.8	1	0:00:12.689031
21700	434	-1	0.0	0	0:00:12.442170
21720	434	793	0.209	0	0:00:12.593593
21740	434	644	0.169	0	0:00:12.578504
21760	435	435	0.467	1	0:00:12.634856
21780	435	876	0.133	0	0:00:12.655172
21800	436	436	0.235	1	0:00:12.634314
21820	436	436	0.778	1	0:00:12.634911
21840	436	627	0.163	0	0:00:12.324307
21860	437	978	0.189	0	0:00:12.634137
21880	437	833	0.122	0	0:00:12.587980
21900	438	-1	0.0	0	0:00:12.568961
21920	438	438	0.613	1	0:00:12.509513
21940	438	957	0.559	0	0:00:12.457475
21960	439	439	0.8	1	0:00:12.652895
21980	439	541	0.67	0	0:00:12.679868
22000	440	440	0.431	1	0:00:12.647365
22020	440	440	0.422	1	0:00:12.669964
22040	440	440	0.721	1	0:00:12.439157
22060	441	441	0.8	1	0:00:12.731130
22080	441	441	0.529	1	0:00:12.464727
22100	442	442	0.531	1	0:00:12.561913
22120	442	483	0.169	0	0:00:12.617247
22140	442	-1	0.0	0	0:00:12.436345
22160	443	443	0.44	1	0:00:12.595795
22180	443	643	0.0752	0	0:00:12.495776
22200	444	612	0.0329	0	0:00:12.620972
22220	444	444	0.451	1	0:00:12.369327
22240	444	444	0.8	1	0:00:12.661409
22260	445	445	0.34	1	0:00:12.609850
22280	445	445	0.778	1	0:00:12.548895
22300	446	446	0.494	1	0:00:12.464440
22320	446	831	0.191	0	0:00:12.677035
22340	446	478	0.289	0	0:00:12.673711
22360	447	447	0.55	1	0:00:12.789799
22380	447	-1	0.0	0	0:00:12.638306
22400	448	448	0.292	1	0:00:12.579990
22420	448	448	0.8	1	0:00:12.520764
22440	448	448	0.505	1	0:00:12.678869
22460	449	449	0.778	1	0:00:12.576676
22480	449	449	0.133	1	0:00:12.429352
22500	450	-1	0.0	0	0:00:12.639254
22520	450	450	0.307	1	0:00:12.603728
22540	450	450	0.199	1	0:00:12.714339
22560	451	451	0.483	1	0:00:12.354624
22580	451	451	0.8	1	0:00:12.598867
22600	452	-1	0.0	0	0:00:12.654057
22620	452	960	0.0351	0	0:00:12.429941
22640	452	-1	0.0	0	0:00:12.646787
22660	453	453	0.8	1	0:00:12.609386
22680	453	453	0.528	1	0:00:12.762436
22700	454	454	0.479	1	0:00:12.706850
22720	454	454	0.512	1	0:00:12.371469
22740	454	819	0.0782	0	0:00:12.468420
22760	455	455	0.8	1	0:00:12.662134
22780	455	611	0.728	0	0:00:12.672680
22800	456	522	0.422	0	0:00:12.650976
22820	456	456	0.261	1	0:00:12.361618
22840	456	-1	0.0	0	0:00:12.666671
22860	457	906	0.299	0	0:00:12.430718
22880	457	457	0.0545	1	0:00:12.623985
22900	458	458	0.148	1	0:00:12.601183
22920	458	458	0.8	1	0:00:12.626537
22940	458	458	0.662	1	0:00:12.356389
22960	459	445	0.328	0	0:00:12.659165
22980	459	459	0.71	1	0:00:12.712692
23000	460	-1	0.0	0	0:00:12.645739
23020	460	913	0.012	0	0:00:12.666772
23040	460	460	0.498	1	0:00:12.684136
23060	461	461	0.102	1	0:00:12.469651
23080	461	787	0.8	0	0:00:12.516930
23100	462	500	0.0748	0	0:00:12.548605
23120	462	462	0.778	1	0:00:12.569336
23140	462	462	0.721	1	0:00:12.702516
23160	463	463	0.19	1	0:00:12.621170
23180	463	-1	0.0	0	0:00:12.392508
23200	464	-1	0.0	0	0:00:12.615484
23220	464	464	0.121	1	0:00:12.705355
23240	464	464	0.185	1	0:00:12.634927
23260	465	610	0.519	0	0:00:12.457151
23280	465	830	0.4	0	0:00:12.633004
23300	466	466	0.778	1	0:00:12.657085
23320	466	466	0.8	1	0:00:12.263587
23340	466	466	0.53	1	0:00:12.679039
23360	467	467	0.743	1	0:00:12.260993
23380	467	467	0.8	1	0:00:12.258339
23400	468	468	0.8	1	0:00:12.661725
23420	468	468	0.8	1	0:00:12.623420
23440	468	609	0.254	0	0:00:12.636980
23460	469	469	0.8	1	0:00:12.349041
23480	469	-1	0.0	0	0:00:12.692123
23500	470	-1	0.0	0	0:00:12.595073
23520	470	470	0.0827	1	0:00:12.529670
23540	470	692	0.294	0	0:00:12.642923
23560	471	517	0.106	0	0:00:12.185397
23580	471	603	0.0764	0	0:00:12.411636
23600	472	472	0.8	1	0:00:12.520222
23620	472	472	0.778	1	0:00:12.593815
23640	472	472	0.295	1	0:00:12.315185
23660	473	473	0.0665	1	0:00:12.718948
23680	473	777	0.529	0	0:00:12.555075
23700	474	-1	0.0	0	0:00:12.678352
23720	474	474	0.8	1	0:00:12.366421
23740	474	568	0.474	0	0:00:12.550063
23760	475	818	0.464	0	0:00:12.719685
23780	475	475	0.8	1	0:00:12.681672
23800	476	476	0.612	1	0:00:12.708679
23820	476	476	0.8	1	0:00:12.673088
23840	476	476	0.367	1	0:00:12.490821
23860	477	477	0.331	1	0:00:12.623347
23880	477	-1	0.0	0	0:00:12.394648
23900	478	478	0.314	1	0:00:12.532681
23920	478	419	0.113	0	0:00:12.717731
23940	478	615	0.393	0	0:00:12.646855
23960	479	751	0.274	0	0:00:12.602705
23980	479	511	0.0558	0	0:00:12.500913
24000	480	582	0.376	0	0:00:12.506707
24020	480	480	0.133	1	0:00:12.649085
24040	480	-1	0.0	0	0:00:12.382292
24060	481	592	0.202	0	0:00:12.663340
24080	481	881	0.0928	0	0:00:12.693261
24100	482	865	0.0825	0	0:00:12.275163
24120	482	482	0.8	1	0:00:12.663394
24140	482	848	0.504	0	0:00:12.348813
24160	483	483	0.71	1	0:00:12.609528
24180	483	698	0.8	0	0:00:12.683049
24200	484	-1	0.0	0	0:00:12.616998
24220	484	871	0.0456	0	0:00:12.820947
24240	484	871	0.235	0	0:00:12.671847
24260	485	-1	0.0	0	0:00:12.626291
24280	485	754	0.331	0	0:00:12.568819
24300	486	486	0.519	1	0:00:12.376584
24320	486	486	0.8	1	0:00:12.611724
24340	486	-1	0.0	0	0:00:12.718866
24360	487	487	0.8	1	0:00:12.284993
24380	487	487	0.8	1	0:00:12.416761
24400	488	63	0.0119	0	0:00:12.697618
24420	488	488	0.8	1	0:00:12.417024
24440	488	839	0.32	0	0:00:12.530657
24460	489	489	0.684	1	0:00:12.619994
24480	489	-1	0.0	0	0:00:12.523779
24500	490	-1	0.0	0	0:00:12.415241
24520	490	490	0.8	1	0:00:12.684710
24540	490	490	0.735	1	0:00:12.639618
24560	491	491	0.159	1	0:00:12.693846
24580	491	634	0.0348	0	0:00:12.678617
24600	492	-1	0.0	0	0:00:12.403184
24620	492	519	0.285	0	0:00:12.672527
24640	492	-1	0.0	0	0:00:12.612480
24660	493	-1	0.0	0	0:00:12.587875
24680	493	799	0.0341	0	0:00:12.432624
24700	494	907	0.205	0	0:00:12.571594
24720	494	494	0.289	1	0:00:12.542849
24740	494	494	0.8	1	0:00:12.630541
24760	495	495	0.8	1	0:00:12.476490
24780	495	495	0.8	1	0:00:12.564894
24800	496	411	0.0636	0	0:00:12.575889
24820	496	496	0.636	1	0:00:12.440827
24840	496	496	0.8	1	0:00:12.352315
24860	497	406	0.134	0	0:00:12.492523
24880	497	497	0.364	1	0:00:12.553320
24900	498	498	0.8	1	0:00:12.624520
24920	498	781	0.363	0	0:00:12.661490
24940	498	743	0.0338	0	0:00:12.434581
24960	499	424	0.0549	0	0:00:12.578179
24980	499	-1	0.0	0	0:00:12.569177
25000	500	500	0.696	1	0:00:12.565364
25020	500	500	0.56	1	0:00:12.459441
25040	500	500	0.307	1	0:00:12.551302
25060	501	568	0.319	0	0:00:12.493773
25080	501	568	0.0767	0	0:00:12.547503
25100	502	502	0.764	1	0:00:12.608419
25120	502	502	0.353	1	0:00:12.729787
25140	502	788	0.0641	0	0:00:12.668566
25160	503	503	0.8	1	0:00:12.584986
25180	503	950	0.595	0	0:00:12.699758
25200	504	504	0.144	1	0:00:12.465544
25220	504	-1	0.0	0	0:00:12.391779
25240	504	925	0.235	0	0:00:12.581050
25260	505	-1	0.0	0	0:00:12.373068
25280	505	-1	0.0	0	0:00:12.564958
25300	506	643	0.108	0	0:00:12.211305
25320	506	745	0.0406	0	0:00:12.682754
25340	506	-1	0.0	0	0:00:12.656970
25360	507	489	0.295	0	0:00:12.631303
25380	507	507	0.397	1	0:00:12.444170
25400	508	508	0.735	1	0:00:12.544106
25420	508	508	0.8	1	0:00:12.634524
25440	508	891	0.0976	0	0:00:12.350567
25460	509	509	0.721	1	0:00:12.657218
25480	509	582	0.343	0	0:00:12.573036
25500	510	510	0.8	1	0:00:12.570848
25520	510	-1	0.0	0	0:00:12.421161
25540	510	510	0.371	1	0:00:12.652084
25560	511	511	0.158	1	0:00:12.660568
25580	511	-1	0.0	0	0:00:12.603582
25600	512	-1	0.0	0	0:00:12.706840
25620	512	512	0.8	1	0:00:12.604397
25640	512	512	0.18	1	0:00:12.588615
25660	513	513	0.354	1	0:00:12.458215
25680	513	513	0.108	1	0:00:12.465458
25700	514	514	0.684	1	0:00:12.571998
25720	514	788	0.8	0	0:00:12.536855
25740	514	514	0.654	1	0:00:12.626457
25760	515	808	0.345	0	0:00:12.662320
25780	515	-1	0.0	0	0:00:12.606669
25800	516	850	0.201	0	0:00:12.686415
25820	516	516	0.363	1	0:00:12.573029
25840	516	431	0.503	0	0:00:12.714159
25860	517	540	0.00979	0	0:00:12.377988
25880	517	517	0.0037	1	0:00:12.572430
25900	518	518	0.155	1	0:00:12.652812
25920	518	518	0.113	1	0:00:12.386746
25940	518	518	0.418	1	0:00:12.580720
25960	519	519	0.471	1	0:00:12.663301
25980	519	-1	0.0	0	0:00:12.393956
26000	520	520	0.223	1	0:00:12.571587
26020	520	516	0.0355	0	0:00:12.433299
26040	520	520	0.625	1	0:00:12.389376
26060	521	521	0.0245	1	0:00:12.651948
26080	521	521	0.8	1	0:00:12.542315
26100	522	522	0.8	1	0:00:12.759003
26120	522	522	0.194	1	0:00:12.666817
26140	522	522	0.8	1	0:00:12.613434
26160	523	-1	0.0	0	0:00:12.662161
26180	523	762	0.397	0	0:00:12.447249
26200	524	-1	0.0	0	0:00:12.592470
26220	524	461	0.54	0	0:00:12.665016
26240	524	524	0.0737	1	0:00:12.672075
26260	525	525	0.436	1	0:00:12.712484
26280	525	-1	0.0	0	0:00:12.392013
26300	526	526	0.169	1	0:00:12.671130
26320	526	526	0.0736	1	0:00:12.701421
26340	526	526	0.32	1	0:00:12.487046
26360	527	527	0.0524	1	0:00:12.423782
26380	527	527	0.409	1	0:00:12.656119
26400	528	-1	0.0	0	0:00:12.607834
26420	528	528	0.8	1	0:00:12.716558
26440	528	528	0.8	1	0:00:12.309846
26460	529	-1	0.0	0	0:00:12.652353
26480	529	529	0.196	1	0:00:12.597371
26500	530	531	0.609	0	0:00:12.541009
26520	530	745	0.0461	0	0:00:12.559523
26540	530	530	0.8	1	0:00:12.564466
26560	531	409	0.0805	0	0:00:12.413383
26580	531	530	0.322	0	0:00:12.579274
26600	532	846	0.504	0	0:00:12.560161
26620	532	532	0.8	1	0:00:12.503623
26640	532	532	0.64	1	0:00:12.505536
26660	533	533	0.656	1	0:00:12.727427
26680	533	735	0.124	0	0:00:12.419658
26700	534	-1	0.0	0	0:00:12.643329
26720	534	687	0.266	0	0:00:12.608791
26740	534	-1	0.0	0	0:00:12.553177
26760	535	535	0.8	1	0:00:12.347847
26780	535	490	0.0368	0	0:00:12.664298
26800	536	403	0.42	0	0:00:12.614252
26820	536	-1	0.0	0	0:00:12.445643
26840	536	517	0.195	0	0:00:12.398100
26860	537	537	0.743	1	0:00:12.619449
26880	537	537	0.8	1	0:00:12.554852
26900	538	538	0.8	1	0:00:12.737883
26920	538	483	0.116	0	0:00:12.457650
26940	538	698	0.0122	0	0:00:12.573380
26960	539	597	0.00288	0	0:00:12.674245
26980	539	-1	0.0	0	0:00:12.217347
27000	540	540	0.8	1	0:00:12.661252
27020	540	540	0.8	1	0:00:12.688629
27040	540	540	0.465	1	0:00:12.478349
27060	541	-1	0.0	0	0:00:12.582563
27080	541	541	0.8	1	0:00:12.683395
27100	542	542	0.279	1	0:00:12.721963
27120	542	739	0.00119	0	0:00:12.613997
27140	542	-1	0.0	0	0:00:12.549269
27160	543	422	0.659	0	0:00:12.641037
27180	543	422	0.247	0	0:00:12.588460
27200	544	926	0.372	0	0:00:12.267348
27220	544	521	0.292	0	0:00:12.658373
27240	544	738	0.21	0	0:00:12.606969
27260	545	545	0.8	1	0:00:12.389315
27280	545	107	0.279	0	0:00:12.612304
27300	546	546	0.8	1	0:00:12.583700
27320	546	546	0.613	1	0:00:12.634914
27340	546	476	0.0317	0	0:00:12.690160
27360	547	547	0.0831	1	0:00:12.716301
27380	547	888	0.0262	0	0:00:12.595920
27400	548	548	0.449	1	0:00:12.546005
27420	548	548	0.8	1	0:00:12.664684
27440	548	548	0.8	1	0:00:12.601586
27460	549	-1	0.0	0	0:00:12.422370
27480	549	-1	0.0	0	0:00:12.645504
27500	550	505	0.522	0	0:00:12.590463
27520	550	550	0.193	1	0:00:12.659722
27540	550	550	0.424	1	0:00:12.360487
27560	551	774	0.193	0	0:00:12.618075
27580	551	551	0.399	1	0:00:12.625790
27600	552	552	0.8	1	0:00:12.540927
27620	552	-1	0.0	0	0:00:12.542954
27640	552	-1	0.0	0	0:00:12.671619
27660	553	553	0.487	1	0:00:12.649226
27680	553	598	0.215	0	0:00:12.672389
27700	554	554	0.753	1	0:00:12.521479
27720	554	554	0.778	1	0:00:12.423551
27740	554	554	0.142	1	0:00:12.602980
27760	555	555	0.583	1	0:00:12.597810
27780	555	555	0.0281	1	0:00:12.694215
27800	556	703	0.439	0	0:00:12.667196
27820	556	827	0.58	0	0:00:12.622642
27840	556	556	0.23	1	0:00:12.596550
27860	557	557	0.67	1	0:00:12.584336
27880	557	557	0.077	1	0:00:12.639404
27900	558	212	0.0512	0	0:00:12.635218
27920	558	432	0.235	0	0:00:12.657374
27940	558	-1	0.0	0	0:00:12.438727
27960	559	491	0.0646	0	0:00:12.554643
27980	559	559	0.8	1	0:00:12.714887
28000	560	560	0.677	1	0:00:12.450857
28020	560	560	0.8	1	0:00:12.448351
28040	560	560	0.8	1	0:00:12.188077
28060	561	-1	0.0	0	0:00:12.652087
28080	561	561	0.526	1	0:00:12.674702
28100	562	562	0.8	1	0:00:12.688065
28120	562	-1	0.0	0	0:00:12.438434
28140	562	562	0.115	1	0:00:12.546318
28160	563	416	0.177	0	0:00:12.572265
28180	563	563	0.8	1	0:00:12.627095
28200	564	-1	0.0	0	0:00:12.683846
28220	564	564	0.8	1	0:00:12.228237
28240	564	564	0.8	1	0:00:12.438979
28260	565	565	0.8	1	0:00:12.500191
28280	565	565	0.8	1	0:00:12.473475
28300	566	566	0.778	1	0:00:12.699604
28320	566	566	0.519	1	0:00:12.668996
28340	566	566	0.0436	1	0:00:12.593441
28360	567	567	0.575	1	0:00:12.694816
28380	567	567	0.243	1	0:00:12.400236
28400	568	568	0.165	1	0:00:12.493380
28420	568	568	0.175	1	0:00:12.594039
28440	568	-1	0.0	0	0:00:12.507709
28460	569	569	0.113	1	0:00:12.559642
28480	569	569	0.219	1	0:00:12.545744
28500	570	-1	0.0	0	0:00:12.256290
28520	570	570	0.778	1	0:00:12.649347
28540	570	570	0.269	1	0:00:12.580009
28560	571	866	0.0586	0	0:00:12.760926
28580	571	827	0.0586	0	0:00:12.667833
28600	572	572	0.0439	1	0:00:12.680962
28620	572	-1	0.0	0	0:00:12.664980
28640	572	572	0.38	1	0:00:12.606893
28660	573	573	0.444	1	0:00:12.679362
28680	573	573	0.018	1	0:00:12.666080
28700	574	574	0.8	1	0:00:12.340213
28720	574	574	0.644	1	0:00:12.705016
28740	574	-1	0.0	0	0:00:12.668349
28760	575	575	0.8	1	0:00:12.592658
28780	575	575	0.8	1	0:00:12.483196
28800	576	880	0.0933	0	0:00:12.707133
28820	576	576	0.8	1	0:00:12.360878
28840	576	576	0.8	1	0:00:12.532602
28860	577	577	0.169	1	0:00:12.409838
28880	577	577	0.71	1	0:00:12.703827
28900	578	887	0.0497	0	0:00:12.439970
28920	578	601	0.148	0	0:00:12.724661
28940	578	578	0.494	1	0:00:12.574699
28960	579	-1	0.0	0	0:00:12.562445
28980	579	579	0.0567	1	0:00:12.676007
29000	580	738	0.167	0	0:00:12.337066
29020	580	580	0.456	1	0:00:12.695308
29040	580	580	0.764	1	0:00:12.647750
29060	581	581	0.395	1	0:00:12.611721
29080	581	581	0.8	1	0:00:12.714123
29100	582	-1	0.0	0	0:00:12.537696
29120	582	582	0.504	1	0:00:12.371895
29140	582	582	0.735	1	0:00:12.674567
29160	583	583	0.298	1	0:00:12.569830
29180	583	583	0.188	1	0:00:12.630668
29200	584	844	0.274	0	0:00:12.584482
29220	584	584	0.511	1	0:00:12.389490
29240	584	461	0.469	0	0:00:12.527124
29260	585	648	0.11	0	0:00:12.585276
29280	585	585	0.213	1	0:00:12.587928
29300	586	586	0.778	1	0:00:12.486784
29320	586	586	0.00615	1	0:00:12.594101
29340	586	847	0.557	0	0:00:12.702943
29360	587	587	0.651	1	0:00:12.624186
29380	587	740	0.115	0	0:00:12.805442
29400	588	588	0.735	1	0:00:12.625111
29420	588	588	0.291	1	0:00:12.538788
29440	588	588	0.521	1	0:00:12.640615
29460	589	570	0.0366	0	0:00:12.664783
29480	589	589	0.349	1	0:00:12.642968
29500	590	590	0.456	1	0:00:12.810497
29520	590	590	0.551	1	0:00:12.623248
29540	590	-1	0.0	0	0:00:12.297506
29560	591	-1	0.0	0	0:00:12.673959
29580	591	591	0.361	1	0:00:12.576043
29600	592	592	0.8	1	0:00:12.325914
29620	592	592	0.517	1	0:00:12.693298
29640	592	563	0.0448	0	0:00:12.680629
29660	593	593	0.568	1	0:00:12.630160
29680	593	-1	0.0	0	0:00:12.575519
29700	594	594	0.0994	1	0:00:12.702656
29720	594	594	0.8	1	0:00:12.435616
29740	594	879	0.0801	0	0:00:12.272438
29760	595	866	0.147	0	0:00:12.478049
29780	595	866	0.8	0	0:00:12.665058
29800	596	-1	0.0	0	0:00:12.747635
29820	596	634	0.266	0	0:00:12.841410
29840	596	587	0.197	0	0:00:12.499539
29860	597	597	0.592	1	0:00:12.642086
29880	597	763	0.413	0	0:00:12.741449
29900	598	851	0.0965	0	0:00:12.615837
29920	598	598	0.447	1	0:00:12.364904
29940	598	598	0.295	1	0:00:12.606828
29960	599	599	0.8	1	0:00:12.643188
29980	599	973	0.118	0	0:00:12.736784
30000	600	600	0.131	1	0:00:12.480157
30020	600	882	0.119	0	0:00:12.409872
30040	600	488	0.131	0	0:00:12.507932
30060	601	-1	0.0	0	0:00:12.685961
30080	601	601	0.0521	1	0:00:12.477185
30100	602	602	0.715	1	0:00:12.560313
30120	602	602	0.498	1	0:00:12.803146
30140	602	602	0.226	1	0:00:12.711778
30160	603	603	0.0846	1	0:00:12.384775
30180	603	603	0.764	1	0:00:12.575477
30200	604	604	0.428	1	0:00:12.730194
30220	604	604	0.721	1	0:00:12.693968
30240	604	604	0.323	1	0:00:12.694598
30260	605	-1	0.0	0	0:00:12.502520
30280	605	605	0.26	1	0:00:12.425776
30300	606	606	0.336	1	0:00:12.628306
30320	606	507	0.13	0	0:00:12.657325
30340	606	606	0.7	1	0:00:12.772818
30360	607	607	0.8	1	0:00:12.679944
30380	607	607	0.8	1	0:00:12.327589
30400	608	655	0.162	0	0:00:12.688537
30420	608	608	0.373	1	0:00:12.758286
30440	608	515	0.177	0	0:00:12.729458
30460	609	609	0.0604	1	0:00:12.684601
30480	609	609	0.8	1	0:00:12.703947
30500	610	610	0.442	1	0:00:12.238205
30520	610	610	0.743	1	0:00:12.339146
30540	610	610	0.644	1	0:00:12.578972
30560	611	464	0.0298	0	0:00:12.585438
30580	611	611	0.297	1	0:00:12.744725
30600	612	612	0.8	1	0:00:12.782034
30620	612	612	0.8	1	0:00:12.328024
30640	612	612	0.8	1	0:00:12.433757
30660	613	613	0.778	1	0:00:12.409137
30680	613	518	0.209	0	0:00:12.667665
30700	614	614	0.23	1	0:00:12.671696
30720	614	889	0.0907	0	0:00:12.361029
30740	614	614	0.475	1	0:00:12.539195
30760	615	615	0.743	1	0:00:12.449568
30780	615	615	0.753	1	0:00:12.577775
30800	616	523	0.458	0	0:00:12.730892
30820	616	-1	0.0	0	0:00:12.703565
30840	616	616	0.286	1	0:00:12.666195
30860	617	903	0.037	0	0:00:12.497578
30880	617	834	0.185	0	0:00:12.615737
30900	618	828	0.142	0	0:00:12.707192
30920	618	-1	0.0	0	0:00:12.301992
30940	618	995	0.141	0	0:00:12.606860
30960	619	905	0.715	0	0:00:12.679723
30980	619	619	0.255	1	0:00:12.389859
31000	620	739	0.325	0	0:00:12.538594
31020	620	527	0.379	0	0:00:12.326541
31040	620	620	0.341	1	0:00:12.643975
31060	621	621	0.8	1	0:00:12.572015
31080	621	621	0.209	1	0:00:12.620848
31100	622	622	0.8	1	0:00:11.977286
31120	622	746	0.425	0	0:00:12.723503
31140	622	-1	0.0	0	0:00:12.402222
31160	623	859	0.0988	0	0:00:12.599144
31180	623	917	0.127	0	0:00:12.679274
31200	624	-1	0.0	0	0:00:12.523983
31220	624	-1	0.0	0	0:00:12.540859
31240	624	624	0.11	1	0:00:12.617809
31260	625	625	0.8	1	0:00:12.621440
31280	625	625	0.8	1	0:00:12.658036
31300	626	-1	0.0	0	0:00:12.468251
31320	626	-1	0.0	0	0:00:12.444394
31340	626	626	0.39	1	0:00:12.696617
31360	627	627	0.8	1	0:00:12.757379
31380	627	785	0.0174	0	0:00:12.714968
31400	628	-1	0.0	0	0:00:12.685102
31420	628	628	0.607	1	0:00:12.457166
31440	628	628	0.612	1	0:00:12.623704
31460	629	629	0.393	1	0:00:12.569998
31480	629	629	0.8	1	0:00:12.424697
31500	630	703	0.677	0	0:00:12.545010
31520	630	-1	0.0	0	0:00:12.577453
31540	630	774	0.626	0	0:00:12.677609
31560	631	631	0.8	1	0:00:12.356569
31580	631	585	0.8	0	0:00:12.611094
31600	632	632	0.743	1	0:00:12.397058
31620	632	632	0.389	1	0:00:12.606920
31640	632	819	0.778	0	0:00:12.618304
31660	633	763	0.381	0	0:00:12.684180
31680	633	447	0.422	0	0:00:12.729623
31700	634	489	0.8	0	0:00:12.705391
31720	634	-1	0.0	0	0:00:12.593837
31740	634	634	0.0838	1	0:00:12.420539
31760	635	635	0.445	1	0:00:12.671418
31780	635	635	0.311	1	0:00:12.594834
31800	636	636	0.8	1	0:00:12.414194
31820	636	636	0.372	1	0:00:12.666570
31840	636	721	0.138	0	0:00:12.669155
31860	637	637	0.8	1	0:00:12.560239
31880	637	637	0.589	1	0:00:12.534599
31900	638	-1	0.0	0	0:00:12.647021
31920	638	639	0.177	0	0:00:12.611574
31940	638	639	0.442	0	0:00:12.451669
31960	639	639	0.8	1	0:00:12.638932
31980	639	416	0.448	0	0:00:12.581143
32000	640	640	0.8	1	0:00:12.726082
32020	640	640	0.41	1	0:00:12.657892
32040	640	-1	0.0	0	0:00:12.616811
32060	641	-1	0.0	0	0:00:12.639218
32080	641	641	0.0431	1	0:00:12.359048
32100	642	642	0.8	1	0:00:12.576052
32120	642	642	0.67	1	0:00:12.702088
32140	642	642	0.8	1	0:00:12.442864
32160	643	837	0.07	0	0:00:12.546501
32180	643	-1	0.0	0	0:00:12.607768
32200	644	-1	0.0	0	0:00:12.456898
32220	644	-1	0.0	0	0:00:12.572830
32240	644	644	0.0564	1	0:00:12.617310
32260	645	645	0.8	1	0:00:12.669171
32280	645	645	0.8	1	0:00:12.728149
32300	646	506	0.8	0	0:00:12.566244
32320	646	646	0.8	1	0:00:12.674254
32340	646	912	0.101	0	0:00:12.688766
32360	647	505	0.0818	0	0:00:12.621692
32380	647	438	0.384	0	0:00:12.487098
32400	648	493	0.282	0	0:00:12.405038
32420	648	-1	0.0	0	0:00:12.517404
32440	648	648	0.0737	1	0:00:12.579078
32460	649	649	0.8	1	0:00:12.652125
32480	649	649	0.753	1	0:00:12.687815
32500	650	819	0.187	0	0:00:12.592231
32520	650	650	0.8	1	0:00:12.442714
32540	650	558	0.556	0	0:00:12.507201
32560	651	651	0.664	1	0:00:12.613116
32580	651	851	0.0933	0	0:00:12.279661
32600	652	715	0.276	0	0:00:12.717873
32620	652	-1	0.0	0	0:00:12.700573
32640	652	652	0.728	1	0:00:12.404590
32660	653	-1	0.0	0	0:00:12.622551
32680	653	653	0.318	1	0:00:12.660418
32700	654	-1	0.0	0	0:00:12.675460
32720	654	609	0.462	0	0:00:12.464657
32740	654	627	0.137	0	0:00:12.507501
32760	655	-1	0.0	0	0:00:12.642860
32780	655	578	0.318	0	0:00:12.699836
32800	656	656	0.778	1	0:00:12.698148
32820	656	436	0.0465	0	0:00:12.683941
32840	656	-1	0.0	0	0:00:12.689740
32860	657	795	0.229	0	0:00:12.279124
32880	657	-1	0.0	0	0:00:12.679075
32900	658	806	0.0709	0	0:00:12.682498
32920	658	-1	0.0	0	0:00:12.779829
32940	658	658	0.8	1	0:00:12.721941
32960	659	659	0.8	1	0:00:12.641249
32980	659	-1	0.0	0	0:00:12.490456
33000	660	660	0.735	1	0:00:12.689523
33020	660	660	0.0943	1	0:00:12.574470
33040	660	557	0.424	0	0:00:12.362506
33060	661	661	0.616	1	0:00:12.677031
33080	661	661	0.8	1	0:00:12.628139
33100	662	-1	0.0	0	0:00:12.633816
33120	662	662	0.386	1	0:00:12.497334
33140	662	662	0.613	1	0:00:12.452115
33160	663	576	0.0346	0	0:00:12.368900
33180	663	663	0.8	1	0:00:12.648663
33200	664	598	0.221	0	0:00:12.651196
33220	664	527	0.343	0	0:00:12.734830
33240	664	782	0.155	0	0:00:12.628634
33260	665	671	0.323	0	0:00:12.331223
33280	665	665	0.375	1	0:00:12.527658
33300	666	666	0.189	1	0:00:12.510569
33320	666	666	0.573	1	0:00:12.357930
33340	666	666	0.0883	1	0:00:12.698932
33360	667	400	0.8	0	0:00:12.413326
33380	667	400	0.207	0	0:00:12.577771
33400	668	-1	0.0	0	0:00:12.701926
33420	668	668	0.492	1	0:00:12.450126
33440	668	682	0.445	0	0:00:12.529421
33460	669	669	0.422	1	0:00:12.716189
33480	669	651	0.107	0	0:00:12.703166
33500	670	670	0.8	1	0:00:12.469637
33520	670	670	0.583	1	0:00:12.798899
33540	670	670	0.8	1	0:00:12.587896
33560	671	880	0.0484	0	0:00:12.706813
33580	671	671	0.592	1	0:00:12.653943
33600	672	672	0.23	1	0:00:12.597314
33620	672	672	0.8	1	0:00:12.665672
33640	672	672	0.764	1	0:00:12.449596
33660	673	673	0.651	1	0:00:12.478473
33680	673	-1	0.0	0	0:00:12.683404
33700	674	-1	0.0	0	0:00:12.513198
33720	674	674	0.329	1	0:00:12.551702
33740	674	674	0.221	1	0:00:12.603968
33760	675	675	0.47	1	0:00:12.524170
33780	675	867	0.0534	0	0:00:12.326020
33800	676	960	0.0798	0	0:00:12.570210
33820	676	676	0.778	1	0:00:12.654431
33840	676	676	0.0457	1	0:00:12.726075
33860	677	-1	0.0	0	0:00:12.606829
33880	677	-1	0.0	0	0:00:12.717913
33900	678	678	0.8	1	0:00:12.563958
33920	678	747	0.15	0	0:00:12.412955
33940	678	678	0.778	1	0:00:12.565450
33960	679	679	0.68	1	0:00:12.721844
33980	679	679	0.371	1	0:00:12.743956
34000	680	-1	0.0	0	0:00:12.417837
34020	680	680	0.632	1	0:00:12.614855
34040	680	680	0.64	1	0:00:12.683939
34060	681	681	0.02	1	0:00:12.607520
34080	681	620	0.103	0	0:00:12.275033
34100	682	682	0.696	1	0:00:12.677963
34120	682	698	0.743	0	0:00:12.667650
34140	682	682	0.8	1	0:00:12.664320
34160	683	683	0.243	1	0:00:12.572094
34180	683	-1	0.0	0	0:00:12.674269
34200	684	684	0.113	1	0:00:12.648696
34220	684	684	0.721	1	0:00:12.424266
34240	684	684	0.525	1	0:00:12.596020
34260	685	685	0.8	1	0:00:12.621223
34280	685	685	0.8	1	0:00:12.605732
34300	686	758	0.146	0	0:00:12.623985
34320	686	-1	0.0	0	0:00:12.639171
34340	686	-1	0.0	0	0:00:12.273034
34360	687	687	0.8	1	0:00:12.680699
34380	687	687	0.8	1	0:00:12.649274
34400	688	688	0.8	1	0:00:12.751972
34420	688	590	0.404	0	0:00:12.305112
34440	688	688	0.8	1	0:00:12.652080
34460	689	689	0.251	1	0:00:12.700624
34480	689	-1	0.0	0	0:00:12.748090
34500	690	690	0.8	1	0:00:12.376210
34520	690	-1	0.0	0	0:00:12.660972
34540	690	866	0.199	0	0:00:12.455126
34560	691	691	0.129	1	0:00:12.557586
34580	691	-1	0.0	0	0:00:12.635078
34600	692	-1	0.0	0	0:00:12.397341
34620	692	788	0.414	0	0:00:12.613052
34640	692	692	0.743	1	0:00:12.669494
34660	693	693	0.625	1	0:00:12.673653
34680	693	-1	0.0	0	0:00:12.468251
34700	694	694	0.8	1	0:00:12.675546
34720	694	694	0.778	1	0:00:12.472157
34740	694	694	0.8	1	0:00:12.574393
34760	695	695	0.133	1	0:00:12.693520
34780	695	600	0.239	0	0:00:12.726115
34800	696	-1	0.0	0	0:00:12.259020
34820	696	-1	0.0	0	0:00:12.689426
34840	696	566	0.0393	0	0:00:12.327001
34860	697	697	0.8	1	0:00:12.714363
34880	697	697	0.7	1	0:00:12.699261
34900	698	663	0.642	0	0:00:12.590797
34920	698	483	0.106	0	0:00:12.315418
34940	698	698	0.8	1	0:00:12.668698
34960	699	699	0.0439	1	0:00:12.454856
34980	699	699	0.218	1	0:00:12.636532
35000	700	831	0.227	0	0:00:12.466088
35020	700	738	0.12	0	0:00:12.489435
35040	700	-1	0.0	0	0:00:12.356952
35060	701	723	0.0866	0	0:00:12.645814
35080	701	701	0.743	1	0:00:12.694647
35100	702	422	0.377	0	0:00:12.667929
35120	702	702	0.146	1	0:00:12.371592
35140	702	-1	0.0	0	0:00:12.638889
35160	703	-1	0.0	0	0:00:12.657017
35180	703	516	0.123	0	0:00:12.501186
35200	704	704	0.116	1	0:00:12.390710
35220	704	704	0.0547	1	0:00:12.659183
35240	704	704	0.0565	1	0:00:12.698350
35260	705	705	0.129	1	0:00:12.499348
35280	705	874	0.628	0	0:00:12.538580
35300	706	-1	0.0	0	0:00:12.657992
35320	706	762	0.255	0	0:00:12.750171
35340	706	-1	0.0	0	0:00:12.661853
35360	707	707	0.476	1	0:00:12.530529
35380	707	707	0.778	1	0:00:12.359889
35400	708	682	0.8	0	0:00:12.544466
35420	708	708	0.403	1	0:00:12.616190
35440	708	873	0.0754	0	0:00:12.664017
35460	709	709	0.192	1	0:00:12.395201
35480	709	692	0.172	0	0:00:12.574415
35500	710	477	0.0256	0	0:00:12.391531
35520	710	587	0.0914	0	0:00:12.628901
35540	710	543	0.103	0	0:00:12.651962
35560	711	631	0.35	0	0:00:12.246764
35580	711	916	0.391	0	0:00:12.559818
35600	712	-1	0.0	0	0:00:12.693680
35620	712	-1	0.0	0	0:00:12.700191
35640	712	712	0.464	1	0:00:12.218783
35660	713	713	0.8	1	0:00:12.695662
35680	713	713	0.8	1	0:00:12.372204
35700	714	902	0.348	0	0:00:12.606947
35720	714	451	0.696	0	0:00:12.632733
35740	714	714	0.8	1	0:00:12.636060
35760	715	715	0.8	1	0:00:12.614686
35780	715	715	0.0986	1	0:00:12.481342
35800	716	716	0.8	1	0:00:12.533754
35820	716	716	0.8	1	0:00:12.715529
35840	716	716	0.8	1	0:00:12.434397
35860	717	-1	0.0	0	0:00:12.545922
35880	717	717	0.0758	1	0:00:12.690333
35900	718	449	0.473	0	0:00:12.530390
35920	718	517	0.403	0	0:00:12.688680
35940	718	913	0.0169	0	0:00:12.557406
35960	719	-1	0.0	0	0:00:12.464533
35980	719	719	0.459	1	0:00:12.556634
36000	720	-1	0.0	0	0:00:12.547568
36020	720	902	0.143	0	0:00:12.724283
36040	720	720	0.311	1	0:00:12.400518
36060	721	721	0.206	1	0:00:12.617984
36080	721	588	0.204	0	0:00:12.690947
36100	722	722	0.8	1	0:00:12.697204
36120	722	722	0.8	1	0:00:12.719726
36140	722	722	0.8	1	0:00:12.325035
36160	723	723	0.8	1	0:00:12.613809
36180	723	723	0.106	1	0:00:12.586065
36200	724	780	0.8	0	0:00:12.434304
36220	724	484	0.00219	0	0:00:12.605020
36240	724	724	0.216	1	0:00:12.647388
36260	725	725	0.102	1	0:00:12.648165
36280	725	-1	0.0	0	0:00:12.628006
36300	726	726	0.8	1	0:00:12.466014
36320	726	726	0.778	1	0:00:12.700217
36340	726	910	0.211	0	0:00:12.440238
36360	727	727	0.8	1	0:00:12.587128
36380	727	727	0.152	1	0:00:12.642388
36400	728	529	0.0119	0	0:00:12.290861
36420	728	650	0.124	0	0:00:12.690440
36440	728	-1	0.0	0	0:00:12.670810
36460	729	729	0.12	1	0:00:12.647361
36480	729	463	0.0418	0	0:00:12.278286
36500	730	-1	0.0	0	0:00:12.618095
36520	730	730	0.23	1	0:00:12.579655
36540	730	730	0.8	1	0:00:12.238744
36560	731	-1	0.0	0	0:00:12.719380
36580	731	-1	0.0	0	0:00:12.512813
36600	732	732	0.579	1	0:00:12.567260
36620	732	732	0.335	1	0:00:12.661025
36640	732	732	0.8	1	0:00:12.729344
36660	733	-1	0.0	0	0:00:12.563709
36680	733	887	0.493	0	0:00:12.320094
36700	734	734	0.0374	1	0:00:12.579690
36720	734	734	0.448	1	0:00:12.648014
36740	734	468	0.154	0	0:00:12.402754
36760	735	735	0.8	1	0:00:12.652483
36780	735	735	0.11	1	0:00:12.641139
36800	736	736	0.8	1	0:00:12.651344
36820	736	-1	0.0	0	0:00:12.779145
36840	736	736	0.333	1	0:00:12.499648
36860	737	737	0.62	1	0:00:12.598040
36880	737	760	0.0109	0	0:00:12.607062
36900	738	738	0.414	1	0:00:12.464324
36920	738	738	0.8	1	0:00:12.593398
36940	738	738	0.743	1	0:00:12.677683
36960	739	666	0.0721	0	0:00:12.600282
36980	739	739	0.194	1	0:00:12.664423
37000	740	-1	0.0	0	0:00:12.259325
37020	740	751	0.0922	0	0:00:12.630447
37040	740	740	0.27	1	0:00:12.682705
37060	741	698	0.243	0	0:00:12.529735
37080	741	-1	0.0	0	0:00:12.596680
37100	742	466	0.0529	0	0:00:12.469438
37120	742	-1	0.0	0	0:00:12.231894
37140	742	713	0.412	0	0:00:12.654689
37160	743	-1	0.0	0	0:00:12.597381
37180	743	743	0.311	1	0:00:12.233476
37200	744	437	0.111	0	0:00:12.714361
37220	744	744	0.71	1	0:00:12.706639
37240	744	657	0.8	0	0:00:12.704361
37260	745	745	0.0909	1	0:00:12.665621
37280	745	745	0.345	1	0:00:12.663355
37300	746	746	0.8	1	0:00:12.680024
37320	746	746	0.62	1	0:00:12.570888
37340	746	746	0.8	1	0:00:12.461198
37360	747	747	0.143	1	0:00:12.539416
37380	747	747	0.199	1	0:00:12.261269
37400	748	748	0.289	1	0:00:12.710488
37420	748	-1	0.0	0	0:00:12.581161
37440	748	748	0.8	1	0:00:12.718086
37460	749	-1	0.0	0	0:00:12.325226
37480	749	749	0.118	1	0:00:12.621953
37500	750	259	0.00439	0	0:00:12.582967
37520	750	750	0.8	1	0:00:12.549592
37540	750	971	0.0161	0	0:00:12.604405
37560	751	751	0.411	1	0:00:12.715386
37580	751	751	0.196	1	0:00:12.207306
37600	752	-1	0.0	0	0:00:12.613256
37620	752	752	0.8	1	0:00:12.601142
37640	752	752	0.599	1	0:00:12.693594
37660	753	586	0.156	0	0:00:12.348140
37680	753	524	0.586	0	0:00:12.675394
37700	754	485	0.0369	0	0:00:12.618151
37720	754	688	0.18	0	0:00:12.474037
37740	754	626	0.0502	0	0:00:12.613301
37760	755	755	0.8	1	0:00:12.399375
37780	755	755	0.8	1	0:00:12.540462
37800	756	756	0.332	1	0:00:12.379603
37820	756	463	0.0839	0	0:00:12.557366
37840	756	756	0.198	1	0:00:12.691154
37860	757	-1	0.0	0	0:00:12.610814
37880	757	757	0.218	1	0:00:12.573020
37900	758	587	0.227	0	0:00:12.580775
37920	758	541	0.19	0	0:00:12.481411
37940	758	758	0.321	1	0:00:12.566822
37960	759	759	0.8	1	0:00:12.512851
37980	759	-1	0.0	0	0:00:12.476618
38000	760	-1	0.0	0	0:00:12.571239
38020	760	760	0.0909	1	0:00:12.206196
38040	760	-1	0.0	0	0:00:12.666164
38060	761	761	0.374	1	0:00:12.639513
38080	761	688	0.375	0	0:00:12.589774
38100	762	762	0.753	1	0:00:12.508190
38120	762	762	0.8	1	0:00:12.651441
38140	762	-1	0.0	0	0:00:12.625796
38160	763	-1	0.0	0	0:00:12.456084
38180	763	763	0.778	1	0:00:12.588732
38200	764	-1	0.0	0	0:00:12.535454
38220	764	764	0.152	1	0:00:12.504932
38240	764	764	0.387	1	0:00:12.316781
38260	765	765	0.8	1	0:00:12.621509
38280	765	765	0.558	1	0:00:12.411292
38300	766	766	0.778	1	0:00:12.619752
38320	766	121	0.033	0	0:00:12.697491
38340	766	766	0.0429	1	0:00:12.471535
38360	767	451	0.171	0	0:00:12.496162
38380	767	-1	0.0	0	0:00:12.719132
38400	768	752	0.0692	0	0:00:12.697499
38420	768	768	0.684	1	0:00:12.535786
38440	768	768	0.125	1	0:00:12.422878
38460	769	769	0.136	1	0:00:12.628229
38480	769	769	0.443	1	0:00:12.693487
38500	770	560	0.264	0	0:00:12.622607
38520	770	916	0.677	0	0:00:12.622143
38540	770	770	0.161	1	0:00:12.329469
38560	771	894	0.13	0	0:00:12.662081
38580	771	771	0.8	1	0:00:12.166089
38600	772	772	0.715	1	0:00:12.722975
38620	772	748	0.0131	0	0:00:12.305830
38640	772	556	0.256	0	0:00:12.631647
38660	773	-1	0.0	0	0:00:12.628645
38680	773	773	0.0961	1	0:00:12.524705
38700	774	774	0.696	1	0:00:12.534630
38720	774	774	0.656	1	0:00:12.572286
38740	774	770	0.00295	0	0:00:12.421906
38760	775	843	0.124	0	0:00:12.629745
38780	775	775	0.102	1	0:00:12.564059
38800	776	819	0.144	0	0:00:12.689879
38820	776	776	0.8	1	0:00:12.643852
38840	776	916	0.516	0	0:00:12.612484
38860	777	777	0.662	1	0:00:12.708856
38880	777	777	0.103	1	0:00:12.525376
38900	778	-1	0.0	0	0:00:12.399865
38920	778	-1	0.0	0	0:00:12.493167
38940	778	427	0.0146	0	0:00:12.689333
38960	779	779	0.404	1	0:00:12.464082
38980	779	779	0.8	1	0:00:12.584380
39000	780	780	0.116	1	0:00:12.584126
39020	780	780	0.649	1	0:00:12.388251
39040	780	780	0.487	1	0:00:12.453617
39060	781	781	0.778	1	0:00:12.664224
39080	781	807	0.194	0	0:00:12.671487
39100	782	-1	0.0	0	0:00:12.505684
39120	782	598	0.00332	0	0:00:12.685365
39140	782	664	0.105	0	0:00:12.642820
39160	783	783	0.362	1	0:00:12.391760
39180	783	783	0.337	1	0:00:12.490464
39200	784	891	0.235	0	0:00:12.657957
39220	784	784	0.454	1	0:00:12.708502
39240	784	587	0.157	0	0:00:12.667328
39260	785	686	0.322	0	0:00:12.391197
39280	785	-1	0.0	0	0:00:12.616694
39300	786	-1	0.0	0	0:00:12.521702
39320	786	732	0.262	0	0:00:12.551452
39340	786	-1	0.0	0	0:00:12.392229
39360	787	787	0.295	1	0:00:12.565209
39380	787	-1	0.0	0	0:00:12.567365
39400	788	-1	0.0	0	0:00:12.328732
39420	788	788	0.8	1	0:00:12.671093
39440	788	788	0.778	1	0:00:12.654962
39460	789	789	0.8	1	0:00:12.563501
39480	789	789	0.8	1	0:00:12.673807
39500	790	791	0.753	0	0:00:12.432451
39520	790	476	0.0447	0	0:00:12.528337
39540	790	790	0.8	1	0:00:12.633212
39560	791	790	0.0713	0	0:00:12.596169
39580	791	791	0.546	1	0:00:12.634093
39600	792	792	0.594	1	0:00:12.344952
39620	792	792	0.0476	1	0:00:12.633629
39640	792	792	0.0728	1	0:00:12.403513
39660	793	793	0.262	1	0:00:12.634600
39680	793	-1	0.0	0	0:00:12.650777
39700	794	794	0.558	1	0:00:12.240966
39720	794	-1	0.0	0	0:00:12.578706
39740	794	-1	0.0	0	0:00:12.608127
39760	795	970	0.271	0	0:00:12.674549
39780	795	-1	0.0	0	0:00:12.429175
39800	796	796	0.8	1	0:00:12.407228
39820	796	745	0.41	0	0:00:12.655245
39840	796	796	0.41	1	0:00:12.579974
39860	797	842	0.127	0	0:00:12.499952
39880	797	797	0.18	1	0:00:12.516619
39900	798	798	0.216	1	0:00:12.248493
39920	798	-1	0.0	0	0:00:12.627058
39940	798	519	0.0918	0	0:00:12.608859
39960	799	799	0.8	1	0:00:12.676855
39980	799	-1	0.0	0	0:00:12.642452
40000	800	800	0.8	1	0:00:12.652735
40020	800	800	0.244	1	0:00:12.719705
40040	800	800	0.8	1	0:00:12.614677
40060	801	973	0.183	0	0:00:12.667904
40080	801	801	0.612	1	0:00:12.606858
40100	802	802	0.191	1	0:00:12.713972
40120	802	802	0.735	1	0:00:12.357064
40140	802	802	0.8	1	0:00:12.593848
40160	803	803	0.284	1	0:00:12.678782
40180	803	803	0.673	1	0:00:12.320695
40200	804	804	0.113	1	0:00:12.631947
40220	804	804	0.423	1	0:00:12.643104
40240	804	804	0.27	1	0:00:12.689956
40260	805	805	0.596	1	0:00:12.594136
40280	805	-1	0.0	0	0:00:12.323985
40300	806	806	0.8	1	0:00:12.566240
40320	806	806	0.778	1	0:00:12.650866
40340	806	502	0.0928	0	0:00:12.552523
40360	807	517	0.274	0	0:00:12.752397
40380	807	807	0.8	1	0:00:12.673479
40400	808	-1	0.0	0	0:00:12.618563
40420	808	-1	0.0	0	0:00:12.635532
40440	808	-1	0.0	0	0:00:12.365673
40460	809	927	0.571	0	0:00:12.593591
40480	809	926	0.743	0	0:00:12.297446
40500	810	810	0.68	1	0:00:12.235935
40520	810	878	0.8	0	0:00:12.490931
40540	810	810	0.677	1	0:00:12.684420
40560	811	827	0.4	0	0:00:12.399820
40580	811	553	0.229	0	0:00:12.393410
40600	812	812	0.8	1	0:00:12.606223
40620	812	812	0.64	1	0:00:12.524390
40640	812	812	0.8	1	0:00:12.470817
40660	813	929	0.0809	0	0:00:12.383836
40680	813	502	0.13	0	0:00:12.611109
40700	814	554	0.0685	0	0:00:12.356596
40720	814	814	0.8	1	0:00:12.554700
40740	814	693	0.0756	0	0:00:12.734502
40760	815	815	0.8	1	0:00:12.304335
40780	815	-1	0.0	0	0:00:12.630118
40800	816	816	0.354	1	0:00:12.646610
40820	816	677	0.0572	0	0:00:12.558520
40840	816	816	0.515	1	0:00:12.639154
40860	817	817	0.115	1	0:00:12.625071
40880	817	817	0.422	1	0:00:12.406468
40900	818	818	0.261	1	0:00:12.640503
40920	818	862	0.396	0	0:00:12.639387
40940	818	818	0.419	1	0:00:12.702185
40960	819	819	0.125	1	0:00:12.476133
40980	819	783	0.000815	0	0:00:12.670819
41000	820	820	0.183	1	0:00:12.587007
41020	820	-1	0.0	0	0:00:12.502086
41040	820	820	0.257	1	0:00:12.656154
41060	821	821	0.8	1	0:00:12.585255
41080	821	821	0.285	1	0:00:12.302290
41100	822	822	0.8	1	0:00:12.650611
41120	822	822	0.8	1	0:00:12.696453
41140	822	822	0.638	1	0:00:12.630878
41160	823	-1	0.0	0	0:00:12.726760
41180	823	731	0.00238	0	0:00:12.641659
41200	824	824	0.254	1	0:00:12.689712
41220	824	824	0.105	1	0:00:12.430724
41240	824	-1	0.0	0	0:00:12.541566
41260	825	825	0.033	1	0:00:12.507358
41280	825	825	0.178	1	0:00:12.544366
41300	826	826	0.349	1	0:00:12.601551
41320	826	605	0.8	0	0:00:12.627235
41340	826	892	0.203	0	0:00:12.334627
41360	827	827	0.428	1	0:00:12.560942
41380	827	909	0.072	0	0:00:12.692274
41400	828	828	0.436	1	0:00:12.254842
41420	828	828	0.691	1	0:00:12.545310
41440	828	904	0.8	0	0:00:12.518895
41460	829	829	0.8	1	0:00:12.672469
41480	829	-1	0.0	0	0:00:12.705607
41500	830	-1	0.0	0	0:00:12.666605
41520	830	-1	0.0	0	0:00:12.490026
41540	830	830	0.0184	1	0:00:12.567742
41560	831	831	0.8	1	0:00:12.610316
41580	831	564	0.11	0	0:00:12.683579
41600	832	832	0.642	1	0:00:12.592399
41620	832	832	0.705	1	0:00:12.669588
41640	832	832	0.219	1	0:00:12.673922
41660	833	625	0.147	0	0:00:12.212810
41680	833	833	0.8	1	0:00:12.700986
41700	834	834	0.226	1	0:00:12.702319
41720	834	834	0.308	1	0:00:12.457574
41740	834	869	0.382	0	0:00:12.623772
41760	835	-1	0.0	0	0:00:12.585294
41780	835	-1	0.0	0	0:00:12.626518
41800	836	444	0.124	0	0:00:12.447887
41820	836	836	0.00527	1	0:00:12.586337
41840	836	655	0.042	0	0:00:12.652772
41860	837	981	0.0154	0	0:00:12.404441
41880	837	836	0.597	0	0:00:12.555101
41900	838	838	0.0901	1	0:00:12.625766
41920	838	112	0.077	0	0:00:12.693326
41940	838	898	0.437	0	0:00:12.657517
41960	839	-1	0.0	0	0:00:12.682719
41980	839	-1	0.0	0	0:00:12.481390
42000	840	635	0.155	0	0:00:12.526655
42020	840	840	0.107	1	0:00:12.575904
42040	840	840	0.743	1	0:00:12.467378
42060	841	697	0.166	0	0:00:12.732630
42080	841	869	0.178	0	0:00:12.578001
42100	842	-1	0.0	0	0:00:12.548507
42120	842	842	0.8	1	0:00:12.580148
42140	842	-1	0.0	0	0:00:12.679612
42160	843	600	0.222	0	0:00:12.412992
42180	843	-1	0.0	0	0:00:12.590523
42200	844	844	0.71	1	0:00:12.571780
42220	844	844	0.4	1	0:00:12.720439
42240	844	844	0.735	1	0:00:12.678935
42260	845	845	0.132	1	0:00:12.710796
42280	845	845	0.201	1	0:00:12.609891
42300	846	827	0.135	0	0:00:12.393681
42320	846	619	0.0457	0	0:00:12.376162
42340	846	896	0.119	0	0:00:12.669851
42360	847	-1	0.0	0	0:00:12.509520
42380	847	847	0.497	1	0:00:12.473389
42400	848	732	0.086	0	0:00:12.663276
42420	848	-1	0.0	0	0:00:12.246368
42440	848	848	0.152	1	0:00:12.681204
42460	849	849	0.447	1	0:00:12.678855
42480	849	849	0.8	1	0:00:12.712673
42500	850	850	0.778	1	0:00:12.421722
42520	850	865	0.178	0	0:00:12.527704
42540	850	850	0.687	1	0:00:12.643390
42560	851	-1	0.0	0	0:00:12.407862
42580	851	598	0.0964	0	0:00:12.648447
42600	852	852	0.8	1	0:00:12.486127
42620	852	733	0.0729	0	0:00:12.262906
42640	852	852	0.362	1	0:00:12.641512
42660	853	853	0.501	1	0:00:12.634891
42680	853	853	0.8	1	0:00:12.704165
42700	854	884	0.0986	0	0:00:12.695498
42720	854	-1	0.0	0	0:00:12.702175
42740	854	564	0.183	0	0:00:12.742815
42760	855	562	0.102	0	0:00:12.279439
42780	855	855	0.8	1	0:00:12.703103
42800	856	856	0.341	1	0:00:12.313970
42820	856	856	0.667	1	0:00:12.719118
42840	856	565	0.354	0	0:00:12.581362
42860	857	857	0.588	1	0:00:12.197709
42880	857	857	0.8	1	0:00:12.682773
42900	858	448	0.229	0	0:00:12.697439
42920	858	858	0.142	1	0:00:12.628793
42940	858	698	0.0114	0	0:00:12.525556
42960	859	859	0.148	1	0:00:12.512553
42980	859	859	0.0623	1	0:00:12.603090
43000	860	892	0.142	0	0:00:12.613715
43020	860	800	0.00119	0	0:00:12.536066
43040	860	860	0.0725	1	0:00:12.632839
43060	861	861	0.596	1	0:00:12.691855
43080	861	804	0.0161	0	0:00:12.237411
43100	862	862	0.182	1	0:00:12.690356
43120	862	862	0.8	1	0:00:12.598456
43140	862	862	0.8	1	0:00:12.699655
43160	863	863	0.8	1	0:00:12.680076
43180	863	863	0.8	1	0:00:12.579331
43200	864	867	0.0367	0	0:00:12.316625
43220	864	-1	0.0	0	0:00:12.432237
43240	864	-1	0.0	0	0:00:12.588577
43260	865	940	0.0725	0	0:00:12.678967
43280	865	865	0.62	1	0:00:12.258608
43300	866	866	0.184	1	0:00:12.590427
43320	866	866	0.8	1	0:00:12.658375
43340	866	866	0.216	1	0:00:12.254305
43360	867	867	0.418	1	0:00:12.751222
43380	867	867	0.548	1	0:00:12.642069
43400	868	967	0.0628	0	0:00:12.738983
43420	868	962	0.0587	0	0:00:12.741874
43440	868	607	0.0199	0	0:00:12.689379
43460	869	568	0.182	0	0:00:12.766999
43480	869	869	0.409	1	0:00:12.597408
43500	870	870	0.327	1	0:00:12.677758
43520	870	870	0.743	1	0:00:12.439529
43540	870	870	0.153	1	0:00:12.621355
43560	871	871	0.8	1	0:00:12.650382
43580	871	871	0.583	1	0:00:12.594314
43600	872	872	0.499	1	0:00:12.408811
43620	872	872	0.8	1	0:00:12.631889
43640	872	-1	0.0	0	0:00:12.343023
43660	873	873	0.8	1	0:00:12.639148
43680	873	873	0.8	1	0:00:12.737534
43700	874	874	0.753	1	0:00:12.680573
43720	874	874	0.365	1	0:00:12.383943
43740	874	874	0.778	1	0:00:12.631814
43760	875	875	0.503	1	0:00:12.679451
43780	875	875	0.8	1	0:00:12.201057
43800	876	648	0.0652	0	0:00:12.698852
43820	876	-1	0.0	0	0:00:12.662593
43840	876	-1	0.0	0	0:00:12.671533
43860	877	877	0.8	1	0:00:12.236324
43880	877	730	0.34	0	0:00:12.627130
43900	878	878	0.24	1	0:00:12.587315
43920	878	878	0.8	1	0:00:12.576649
43940	878	-1	0.0	0	0:00:12.510355
43960	879	-1	0.0	0	0:00:12.532737
43980	879	879	0.252	1	0:00:12.598654
44000	880	870	0.144	0	0:00:12.424912
44020	880	880	0.68	1	0:00:12.578571
44040	880	880	0.0359	1	0:00:12.765596
44060	881	881	0.395	1	0:00:12.697900
44080	881	881	0.0649	1	0:00:12.588888
44100	882	760	0.0853	0	0:00:12.702101
44120	882	422	0.0799	0	0:00:12.327673
44140	882	811	0.0934	0	0:00:12.723855
44160	883	883	0.5	1	0:00:12.606590
44180	883	716	0.294	0	0:00:12.614055
44200	884	884	0.618	1	0:00:12.502623
44220	884	884	0.642	1	0:00:12.545155
44240	884	884	0.452	1	0:00:12.326524
44260	885	911	0.17	0	0:00:12.659098
44280	885	-1	0.0	0	0:00:12.614661
44300	886	886	0.636	1	0:00:12.622731
44320	886	886	0.8	1	0:00:12.435723
44340	886	-1	0.0	0	0:00:12.565497
44360	887	614	0.483	0	0:00:12.569839
44380	887	-1	0.0	0	0:00:12.595972
44400	888	718	0.477	0	0:00:12.566532
44420	888	888	0.457	1	0:00:12.559850
44440	888	-1	0.0	0	0:00:12.629729
44460	889	889	0.341	1	0:00:12.365862
44480	889	889	0.174	1	0:00:12.469679
44500	890	890	0.489	1	0:00:12.632457
44520	890	890	0.8	1	0:00:12.736441
44540	890	890	0.753	1	0:00:12.619959
44560	891	830	0.075	0	0:00:12.326556
44580	891	891	0.112	1	0:00:12.697477
44600	892	663	0.0628	0	0:00:12.657074
44620	892	892	0.192	1	0:00:12.591577
44640	892	892	0.8	1	0:00:12.544555
44660	893	533	0.301	0	0:00:12.704938
44680	893	893	0.562	1	0:00:12.724397
44700	894	894	0.344	1	0:00:12.652726
44720	894	-1	0.0	0	0:00:12.702104
44740	894	495	0.405	0	0:00:12.613589
44760	895	895	0.8	1	0:00:12.345331
44780	895	895	0.269	1	0:00:12.674076
44800	896	896	0.309	1	0:00:12.636759
44820	896	896	0.8	1	0:00:12.698616
44840	896	896	0.332	1	0:00:12.367922
44860	897	794	0.0992	0	0:00:12.526379
44880	897	897	0.182	1	0:00:12.652853
44900	898	-1	0.0	0	0:00:12.589002
44920	898	737	0.227	0	0:00:12.482192
44940	898	503	0.00182	0	0:00:12.571274
44960	899	756	0.134	0	0:00:12.625365
44980	899	719	0.221	0	0:00:12.285327
45000	900	900	0.8	1	0:00:12.544273
45020	900	900	0.237	1	0:00:12.647275
45040	900	900	0.8	1	0:00:12.722459
45060	901	653	0.594	0	0:00:12.620347
45080	901	901	0.134	1	0:00:12.751307
45100	902	902	0.673	1	0:00:12.445555
45120	902	902	0.397	1	0:00:12.543440
45140	902	902	0.8	1	0:00:12.368045
45160	903	834	0.0237	0	0:00:12.614325
45180	903	903	0.662	1	0:00:12.712655
45200	904	905	0.0134	0	0:00:12.382456
45220	904	904	0.8	1	0:00:12.521029
45240	904	904	0.0737	1	0:00:12.598817
45260	905	-1	0.0	0	0:00:12.542152
45280	905	-1	0.0	0	0:00:12.463311
45300	906	906	0.8	1	0:00:12.428858
45320	906	457	0.287	0	0:00:12.610580
45340	906	834	0.8	0	0:00:12.600200
45360	907	966	0.125	0	0:00:12.479712
45380	907	966	0.14	0	0:00:12.592389
45400	908	895	0.104	0	0:00:12.447683
45420	908	908	0.403	1	0:00:12.456747
45440	908	404	0.8	0	0:00:12.594872
45460	909	909	0.273	1	0:00:12.695936
45480	909	909	0.144	1	0:00:12.456086
45500	910	641	0.564	0	0:00:12.374823
45520	910	910	0.0499	1	0:00:12.521598
45540	910	910	0.8	1	0:00:12.533126
45560	911	431	0.196	0	0:00:12.513846
45580	911	911	0.088	1	0:00:12.583220
45600	912	677	0.123	0	0:00:12.487808
45620	912	912	0.778	1	0:00:12.649001
45640	912	-1	0.0	0	0:00:12.575155
45660	913	51	0.156	0	0:00:12.663245
45680	913	913	0.491	1	0:00:12.443424
45700	914	914	0.778	1	0:00:12.486463
45720	914	914	0.715	1	0:00:12.575058
45740	914	914	0.743	1	0:00:12.644773
45760	915	915	0.108	1	0:00:12.725430
45780	915	915	0.721	1	0:00:12.692861
45800	916	916	0.715	1	0:00:12.281150
45820	916	916	0.8	1	0:00:12.660155
45840	916	916	0.8	1	0:00:12.402679
45860	917	917	0.8	1	0:00:12.442021
45880	917	921	0.325	0	0:00:12.265240
45900	918	918	0.8	1	0:00:12.690865
45920	918	918	0.0492	1	0:00:12.674613
45940	918	918	0.8	1	0:00:12.650843
45960	919	-1	0.0	0	0:00:12.645435
45980	919	919	0.735	1	0:00:12.310771
46000	920	-1	0.0	0	0:00:12.651800
46020	920	-1	0.0	0	0:00:12.604309
46040	920	920	0.8	1	0:00:12.649569
46060	921	-1	0.0	0	0:00:12.459326
46080	921	918	0.71	0	0:00:12.393234
46100	922	922	0.433	1	0:00:12.584120
46120	922	922	0.63	1	0:00:12.336951
46140	922	-1	0.0	0	0:00:12.653898
46160	923	923	0.0624	1	0:00:12.715471
46180	923	926	0.677	0	0:00:12.565955
46200	924	924	0.8	1	0:00:12.489440
46220	924	-1	0.0	0	0:00:12.619808
46240	924	924	0.67	1	0:00:12.752198
46260	925	925	0.8	1	0:00:12.594005
46280	925	925	0.8	1	0:00:12.275353
46300	926	926	0.8	1	0:00:12.639082
46320	926	926	0.562	1	0:00:12.456879
46340	926	926	0.8	1	0:00:12.502538
46360	927	927	0.8	1	0:00:12.499782
46380	927	927	0.338	1	0:00:12.596065
46400	928	927	0.333	0	0:00:12.709538
46420	928	935	0.49	0	0:00:12.572344
46440	928	928	0.743	1	0:00:12.402498
46460	929	-1	0.0	0	0:00:12.709823
46480	929	-1	0.0	0	0:00:12.226430
46500	930	964	0.525	0	0:00:12.634287
46520	930	930	0.721	1	0:00:12.664230
46540	930	930	0.575	1	0:00:12.693501
46560	931	931	0.0816	1	0:00:12.689950
46580	931	931	0.522	1	0:00:12.427435
46600	932	932	0.721	1	0:00:12.387867
46620	932	932	0.0729	1	0:00:12.543291
46640	932	932	0.8	1	0:00:12.575993
46660	933	933	0.184	1	0:00:12.515010
46680	933	965	0.148	0	0:00:12.491802
46700	934	934	0.201	1	0:00:12.248243
46720	934	-1	0.0	0	0:00:12.643055
46740	934	934	0.8	1	0:00:12.611365
46760	935	964	0.111	0	0:00:12.481593
46780	935	-1	0.0	0	0:00:12.525573
46800	936	936	0.0569	1	0:00:12.721838
46820	936	936	0.534	1	0:00:12.599509
46840	936	936	0.8	1	0:00:12.531337
46860	937	937	0.8	1	0:00:12.534177
46880	937	937	0.8	1	0:00:12.607129
46900	938	937	0.229	0	0:00:12.357644
46920	938	938	0.575	1	0:00:12.637259
46940	938	-1	0.0	0	0:00:12.613489
46960	939	954	0.125	0	0:00:12.550794
46980	939	939	0.606	1	0:00:12.351442
47000	940	-1	0.0	0	0:00:12.601410
47020	940	940	0.743	1	0:00:12.575775
47040	940	940	0.0892	1	0:00:12.513963
47060	941	-1	0.0	0	0:00:12.568662
47080	941	941	0.8	1	0:00:12.584954
47100	942	942	0.8	1	0:00:12.367834
47120	942	930	0.268	0	0:00:12.546728
47140	942	942	0.8	1	0:00:12.629726
47160	943	943	0.667	1	0:00:12.668976
47180	943	943	0.684	1	0:00:12.601515
47200	944	946	0.8	0	0:00:12.627575
47220	944	944	0.8	1	0:00:12.582953
47240	944	944	0.8	1	0:00:12.388074
47260	945	945	0.61	1	0:00:12.661766
47280	945	945	0.431	1	0:00:12.664920
47300	946	946	0.8	1	0:00:12.506177
47320	946	946	0.696	1	0:00:12.463121
47340	946	946	0.0481	1	0:00:12.409388
47360	947	947	0.649	1	0:00:12.517451
47380	947	947	0.715	1	0:00:12.638617
47400	948	948	0.8	1	0:00:12.654689
47420	948	948	0.721	1	0:00:12.547499
47440	948	948	0.8	1	0:00:12.645119
47460	949	-1	0.0	0	0:00:12.284608
47480	949	949	0.8	1	0:00:12.657430
47500	950	932	0.0833	0	0:00:12.682265
47520	950	951	0.8	0	0:00:12.194665
47540	950	951	0.623	0	0:00:12.451639
47560	951	950	0.8	0	0:00:12.526155
47580	951	951	0.8	1	0:00:12.526323
47600	952	90	0.8	0	0:00:12.581386
47620	952	952	0.8	1	0:00:12.464682
47640	952	948	0.728	0	0:00:12.467533
47660	953	953	0.343	1	0:00:12.430371
47680	953	953	0.292	1	0:00:12.599383
47700	954	953	0.124	0	0:00:12.646343
47720	954	-1	0.0	0	0:00:12.591550
47740	954	940	0.332	0	0:00:12.349161
47760	955	-1	0.0	0	0:00:12.635226
47780	955	955	0.8	1	0:00:12.622817
47800	956	956	0.0606	1	0:00:12.704538
47820	956	956	0.28	1	0:00:12.639004
47840	956	-1	0.0	0	0:00:12.604002
47860	957	957	0.115	1	0:00:12.655439
47880	957	-1	0.0	0	0:00:12.326561
47900	958	483	0.0977	0	0:00:12.647356
47920	958	958	0.613	1	0:00:12.594005
47940	958	347	0.089	0	0:00:12.534352
47960	959	-1	0.0	0	0:00:12.648036
47980	959	959	0.8	1	0:00:12.600492
48000	960	-1	0.0	0	0:00:12.380524
48020	960	923	0.357	0	0:00:12.530766
48040	960	514	0.0934	0	0:00:12.585816
48060	961	963	0.8	0	0:00:12.247815
48080	961	964	0.405	0	0:00:12.680541
48100	962	962	0.623	1	0:00:12.711644
48120	962	962	0.764	1	0:00:12.598211
48140	962	-1	0.0	0	0:00:12.520294
48160	963	963	0.231	1	0:00:12.641618
48180	963	-1	0.0	0	0:00:12.632093
48200	964	964	0.441	1	0:00:12.218485
48220	964	964	0.625	1	0:00:12.598631
48240	964	455	0.111	0	0:00:12.680105
48260	965	-1	0.0	0	0:00:12.671333
48280	965	-1	0.0	0	0:00:12.641010
48300	966	-1	0.0	0	0:00:12.632507
48320	966	966	0.43	1	0:00:12.483419
48340	966	966	0.8	1	0:00:12.555675
48360	967	967	0.323	1	0:00:12.685570
48380	967	967	0.8	1	0:00:12.413451
48400	968	968	0.12	1	0:00:12.611455
48420	968	441	0.173	0	0:00:12.483514
48440	968	968	0.0905	1	0:00:12.612584
48460	969	504	0.358	0	0:00:12.287068
48480	969	796	0.305	0	0:00:12.684761
48500	970	795	0.557	0	0:00:12.592253
48520	970	2	0.117	0	0:00:12.483833
48540	970	979	0.249	0	0:00:12.504917
48560	971	971	0.8	1	0:00:12.632802
48580	971	971	0.267	1	0:00:12.445512
48600	972	979	0.501	0	0:00:12.312287
48620	972	-1	0.0	0	0:00:12.474025
48640	972	500	0.445	0	0:00:12.632847
48660	973	973	0.494	1	0:00:12.684947
48680	973	973	0.187	1	0:00:12.591834
48700	974	974	0.764	1	0:00:12.474968
48720	974	974	0.778	1	0:00:12.806228
48740	974	974	0.419	1	0:00:12.635706
48760	975	975	0.687	1	0:00:12.682565
48780	975	-1	0.0	0	0:00:12.289970
48800	976	972	0.3	0	0:00:12.647099
48820	976	976	0.318	1	0:00:12.671439
48840	976	976	0.0922	1	0:00:12.445188
48860	977	977	0.321	1	0:00:12.624300
48880	977	976	0.677	0	0:00:12.552768
48900	978	-1	0.0	0	0:00:12.402778
48920	978	978	0.232	1	0:00:12.638329
48940	978	405	0.0367	0	0:00:12.573048
48960	979	979	0.8	1	0:00:12.657170
48980	979	970	0.0698	0	0:00:12.654458
49000	980	980	0.8	1	0:00:12.635355
49020	980	775	0.15	0	0:00:12.713996
49040	980	970	0.0654	0	0:00:12.296000
49060	981	981	0.764	1	0:00:12.595961
49080	981	981	0.118	1	0:00:12.653162
49100	982	982	0.431	1	0:00:12.323748
49120	982	982	0.764	1	0:00:12.612636
49140	982	457	0.534	0	0:00:12.560865
49160	983	-1	0.0	0	0:00:12.514027
49180	983	983	0.8	1	0:00:12.561197
49200	984	984	0.8	1	0:00:12.523684
49220	984	984	0.8	1	0:00:12.690057
49240	984	984	0.8	1	0:00:12.648340
49260	985	985	0.8	1	0:00:12.644398
49280	985	985	0.8	1	0:00:12.662457
49300	986	986	0.8	1	0:00:12.261511
49320	986	986	0.8	1	0:00:12.654229
49340	986	986	0.753	1	0:00:12.701868
49360	987	998	0.743	0	0:00:12.683934
49380	987	-1	0.0	0	0:00:12.695068
49400	988	988	0.31	1	0:00:12.756506
49420	988	988	0.691	1	0:00:12.352139
49440	988	988	0.715	1	0:00:12.642802
49460	989	989	0.634	1	0:00:12.658063
49480	989	989	0.8	1	0:00:12.619261
49500	990	990	0.616	1	0:00:12.302979
49520	990	113	0.0887	0	0:00:12.675506
49540	990	990	0.743	1	0:00:12.651567
49560	991	991	0.8	1	0:00:12.466849
49580	991	991	0.8	1	0:00:12.326620
49600	992	992	0.8	1	0:00:12.542316
49620	992	947	0.7	0	0:00:12.378473
49640	992	947	0.691	0	0:00:12.563690
49660	993	993	0.8	1	0:00:12.605227
49680	993	993	0.8	1	0:00:12.694094
49700	994	994	0.8	1	0:00:12.693578
49720	994	994	0.621	1	0:00:12.422604
49740	994	994	0.309	1	0:00:12.502301
49760	995	995	0.459	1	0:00:12.690897
49780	995	995	0.8	1	0:00:12.683749
49800	996	996	0.8	1	0:00:12.670432
49820	996	996	0.196	1	0:00:12.625916
49840	996	996	0.8	1	0:00:12.633332
49860	997	997	0.0968	1	0:00:12.579577
49880	997	997	0.64	1	0:00:12.681719
49900	998	987	0.647	0	0:00:12.564853
49920	998	998	0.173	1	0:00:12.624715
49940	998	-1	0.0	0	0:00:12.447953
49960	999	999	0.0999	1	0:00:12.565581
49980	999	692	0.0575	0	0:00:12.634456
