idx	label	predict	radius	correct	time
0	3	3	0.358	1	0:00:02.425248
20	7	7	0.71	1	0:00:02.199129
40	4	4	0.8	1	0:00:02.198949
60	7	7	0.753	1	0:00:02.202358
80	8	8	0.447	1	0:00:02.198840
100	4	4	0.281	1	0:00:02.199977
120	8	8	0.0234	1	0:00:02.201623
140	6	6	0.216	1	0:00:02.200571
160	2	2	0.541	1	0:00:02.199655
180	0	0	0.8	1	0:00:02.200855
200	5	5	0.599	1	0:00:02.204227
220	7	7	0.8	1	0:00:02.202061
240	1	1	0.8	1	0:00:02.201567
260	8	8	0.0953	1	0:00:02.201876
280	9	9	0.8	1	0:00:02.201507
300	6	6	0.8	1	0:00:02.201899
320	3	3	0.16	1	0:00:02.202533
340	2	4	0.223	0	0:00:02.202196
360	9	9	0.691	1	0:00:02.202823
380	6	6	0.642	1	0:00:02.202655
400	9	9	0.8	1	0:00:02.204258
420	4	4	0.778	1	0:00:02.203594
440	1	1	0.419	1	0:00:02.203987
460	5	5	0.8	1	0:00:02.203995
480	8	9	0.318	0	0:00:02.206964
500	4	6	0.0708	0	0:00:02.204980
520	5	5	0.47	1	0:00:02.204370
540	1	1	0.8	1	0:00:02.204276
560	0	0	0.8	1	0:00:02.204973
580	4	4	0.667	1	0:00:02.204590
600	8	8	0.8	1	0:00:02.203912
620	7	7	0.64	1	0:00:02.204618
640	5	3	0.564	0	0:00:02.206106
660	9	9	0.8	1	0:00:02.206979
680	9	1	0.187	0	0:00:02.204985
700	7	7	0.8	1	0:00:02.206088
720	4	7	0.0227	0	0:00:02.206897
740	2	5	0.71	0	0:00:02.205818
760	3	3	0.0756	1	0:00:02.206130
780	9	9	0.673	1	0:00:02.206722
800	7	7	0.8	1	0:00:02.207668
820	6	1	0.433	0	0:00:02.206460
840	7	7	0.8	1	0:00:02.206841
860	4	4	0.568	1	0:00:02.205632
880	8	8	0.728	1	0:00:02.206431
900	2	-1	0.0	0	0:00:02.205527
920	6	6	0.469	1	0:00:02.206708
940	9	9	0.8	1	0:00:02.208282
960	9	9	0.764	1	0:00:02.206660
980	2	4	0.0398	0	0:00:02.207926
1000	5	5	0.8	1	0:00:02.206110
1020	1	1	0.8	1	0:00:02.206431
1040	7	5	0.373	0	0:00:02.206629
1060	9	9	0.8	1	0:00:02.208197
1080	6	6	0.0887	1	0:00:02.207782
1100	7	0	0.187	0	0:00:02.207842
1120	5	2	0.299	0	0:00:02.207389
1140	6	4	0.255	0	0:00:02.207052
1160	8	8	0.721	1	0:00:02.208156
1180	3	-1	0.0	0	0:00:02.208119
1200	8	8	0.764	1	0:00:02.208539
1220	9	6	0.232	0	0:00:02.207840
1240	2	2	0.217	1	0:00:02.206850
1260	1	1	0.167	1	0:00:02.207172
1280	3	5	0.5	0	0:00:02.207307
1300	4	4	0.311	1	0:00:02.206657
1320	7	7	0.662	1	0:00:02.208468
1340	1	1	0.8	1	0:00:02.207521
1360	7	7	0.546	1	0:00:02.207733
1380	4	4	0.0163	1	0:00:02.207842
1400	5	3	0.00991	0	0:00:02.208271
1420	4	7	0.08	0	0:00:02.207913
1440	0	8	0.141	0	0:00:02.207703
1460	6	6	0.8	1	0:00:02.207750
1480	1	1	0.537	1	0:00:02.208418
1500	1	1	0.764	1	0:00:02.208380
1520	7	7	0.447	1	0:00:02.208873
1540	8	8	0.8	1	0:00:02.207732
1560	7	7	0.8	1	0:00:02.207956
1580	6	1	0.462	0	0:00:02.208542
1600	8	9	0.39	0	0:00:02.207723
1620	5	3	0.0215	0	0:00:02.208527
1640	7	7	0.274	1	0:00:02.209329
1660	3	3	0.411	1	0:00:02.208310
1680	6	6	0.7	1	0:00:02.207977
1700	5	5	0.324	1	0:00:02.207510
1720	4	4	0.687	1	0:00:02.208354
1740	1	1	0.412	1	0:00:02.207589
1760	0	0	0.551	1	0:00:02.208850
1780	7	7	0.764	1	0:00:02.208502
1800	4	4	0.199	1	0:00:02.208547
1820	8	8	0.31	1	0:00:02.208442
1840	8	-1	0.0	0	0:00:02.208133
1860	8	8	0.778	1	0:00:02.208595
1880	1	1	0.8	1	0:00:02.208620
1900	8	8	0.8	1	0:00:02.207818
1920	2	2	0.8	1	0:00:02.208393
1940	5	5	0.333	1	0:00:02.209574
1960	2	2	0.401	1	0:00:02.208619
1980	9	9	0.8	1	0:00:02.207684
2000	1	1	0.384	1	0:00:02.208768
2020	9	9	0.764	1	0:00:02.208271
2040	0	0	0.8	1	0:00:02.208301
2060	5	3	0.178	0	0:00:02.207949
2080	1	1	0.174	1	0:00:02.208167
2100	2	2	0.368	1	0:00:02.208536
2120	4	-1	0.0	0	0:00:02.208760
2140	9	9	0.8	1	0:00:02.208719
2160	0	0	0.195	1	0:00:02.208787
2180	4	4	0.8	1	0:00:02.207909
2200	0	0	0.764	1	0:00:02.210405
2220	1	1	0.8	1	0:00:02.209805
2240	9	9	0.753	1	0:00:02.210086
2260	4	4	0.378	1	0:00:02.210094
2280	4	-1	0.0	0	0:00:02.209198
2300	3	4	0.0917	0	0:00:02.209528
2320	5	2	0.0207	0	0:00:02.208293
2340	7	7	0.8	1	0:00:02.208891
2360	7	7	0.8	1	0:00:02.209272
2380	8	8	0.667	1	0:00:02.208577
2400	0	0	0.8	1	0:00:02.210229
2420	8	8	0.069	1	0:00:02.210251
2440	7	7	0.753	1	0:00:02.209836
2460	9	9	0.314	1	0:00:02.210253
2480	8	8	0.721	1	0:00:02.209457
2500	4	-1	0.0	0	0:00:02.208011
2520	1	1	0.218	1	0:00:02.209246
2540	2	6	0.096	0	0:00:02.209864
2560	7	7	0.259	1	0:00:02.208329
2580	6	6	0.541	1	0:00:02.207819
2600	8	8	0.8	1	0:00:02.207923
2620	1	1	0.691	1	0:00:02.207570
2640	7	7	0.8	1	0:00:02.209695
2660	3	2	0.219	0	0:00:02.208623
2680	0	0	0.764	1	0:00:02.207960
2700	9	9	0.339	1	0:00:02.207969
2720	3	3	0.508	1	0:00:02.209128
2740	1	1	0.618	1	0:00:02.209495
2760	2	2	0.377	1	0:00:02.208826
2780	7	7	0.8	1	0:00:02.207969
2800	4	4	0.303	1	0:00:02.207771
2820	6	6	0.8	1	0:00:02.207826
2840	3	3	0.8	1	0:00:02.207342
2860	5	4	0.139	0	0:00:02.207788
2880	4	4	0.8	1	0:00:02.208228
2900	3	5	0.139	0	0:00:02.207593
2920	2	2	0.395	1	0:00:02.207748
2940	3	0	0.8	0	0:00:02.208792
2960	9	9	0.00941	1	0:00:02.208017
2980	8	8	0.603	1	0:00:02.208214
3000	5	5	0.8	1	0:00:02.207776
3020	1	1	0.735	1	0:00:02.208606
3040	7	7	0.8	1	0:00:02.207677
3060	7	7	0.8	1	0:00:02.207035
3080	1	1	0.654	1	0:00:02.207747
3100	0	0	0.743	1	0:00:02.207499
3120	4	6	0.258	0	0:00:02.207728
3140	8	8	0.64	1	0:00:02.208159
3160	6	-1	0.0	0	0:00:02.207625
3180	3	2	0.121	0	0:00:02.207495
3200	5	5	0.337	1	0:00:02.208307
3220	3	9	0.362	0	0:00:02.208536
3240	4	2	0.127	0	0:00:02.208346
3260	7	7	0.8	1	0:00:02.209272
3280	3	3	0.25	1	0:00:02.208236
3300	4	4	0.457	1	0:00:02.207907
3320	2	2	0.322	1	0:00:02.207524
3340	6	6	0.359	1	0:00:02.207639
3360	4	4	0.68	1	0:00:02.207443
3380	8	8	0.8	1	0:00:02.207417
3400	6	4	0.392	0	0:00:02.208719
3420	5	2	0.222	0	0:00:02.207820
3440	2	3	0.427	0	0:00:02.208055
3460	1	1	0.753	1	0:00:02.207663
3480	2	2	0.8	1	0:00:02.207601
3500	1	1	0.0694	1	0:00:02.208382
3520	1	1	0.8	1	0:00:02.208328
3540	6	6	0.7	1	0:00:02.207200
3560	1	9	0.372	0	0:00:02.208035
3580	4	4	0.33	1	0:00:02.209838
3600	4	2	0.8	0	0:00:02.208888
3620	0	0	0.735	1	0:00:02.207915
3640	6	2	0.634	0	0:00:02.207976
3660	0	0	0.43	1	0:00:02.207914
3680	0	2	0.101	0	0:00:02.207696
3700	3	3	0.753	1	0:00:02.207822
3720	2	2	0.8	1	0:00:02.207365
3740	0	0	0.8	1	0:00:02.207406
3760	7	7	0.8	1	0:00:02.208059
3780	4	4	0.525	1	0:00:02.208345
3800	9	9	0.8	1	0:00:02.208657
3820	0	0	0.628	1	0:00:02.210274
3840	6	3	0.116	0	0:00:02.209347
3860	7	7	0.8	1	0:00:02.208787
3880	6	6	0.359	1	0:00:02.207878
3900	3	6	0.0756	0	0:00:02.207624
3920	7	9	0.304	0	0:00:02.208908
3940	6	6	0.139	1	0:00:02.207728
3960	2	2	0.8	1	0:00:02.208066
3980	9	-1	0.0	0	0:00:02.207593
4000	8	-1	0.0	0	0:00:02.207951
4020	8	8	0.57	1	0:00:02.208449
4040	0	0	0.8	1	0:00:02.208192
4060	6	6	0.606	1	0:00:02.208821
4080	1	1	0.8	1	0:00:02.208980
4100	7	7	0.8	1	0:00:02.209862
4120	4	4	0.8	1	0:00:02.209016
4140	5	5	0.8	1	0:00:02.207762
4160	5	5	0.778	1	0:00:02.208419
4180	0	0	0.328	1	0:00:02.209818
4200	4	4	0.274	1	0:00:02.208242
4220	4	0	0.696	0	0:00:02.208045
4240	7	7	0.0806	1	0:00:02.208956
4260	8	8	0.778	1	0:00:02.208459
4280	8	-1	0.0	0	0:00:02.208270
4300	8	8	0.437	1	0:00:02.210655
4320	1	1	0.128	1	0:00:02.208108
4340	0	0	0.618	1	0:00:02.208033
4360	6	6	0.236	1	0:00:02.209188
4380	9	9	0.8	1	0:00:02.209028
4400	3	6	0.0178	0	0:00:02.209166
4420	5	5	0.558	1	0:00:02.208909
4440	2	2	0.563	1	0:00:02.208283
4460	9	9	0.778	1	0:00:02.208412
4480	9	9	0.8	1	0:00:02.207839
4500	3	3	0.539	1	0:00:02.207984
4520	3	3	0.132	1	0:00:02.207644
4540	9	9	0.8	1	0:00:02.207788
4560	1	1	0.753	1	0:00:02.208893
4580	6	4	0.597	0	0:00:02.210406
4600	4	4	0.285	1	0:00:02.208610
4620	7	3	0.0894	0	0:00:02.210720
4640	2	2	0.431	1	0:00:02.209081
4660	7	7	0.0648	1	0:00:02.208854
4680	9	9	0.8	1	0:00:02.207908
4700	6	6	0.412	1	0:00:02.207919
4720	8	8	0.298	1	0:00:02.210380
4740	5	3	0.264	0	0:00:02.208120
4760	3	2	0.558	0	0:00:02.208417
4780	0	0	0.338	1	0:00:02.209330
4800	9	9	0.8	1	0:00:02.208723
4820	3	3	0.533	1	0:00:02.207877
4840	0	0	0.8	1	0:00:02.207962
4860	5	5	0.8	1	0:00:02.208647
4880	0	7	0.00401	0	0:00:02.207821
4900	3	5	0.301	0	0:00:02.209878
4920	7	7	0.8	1	0:00:02.210121
4940	6	6	0.531	1	0:00:02.211249
4960	4	4	0.428	1	0:00:02.211397
4980	1	1	0.0982	1	0:00:02.208910
5000	7	7	0.8	1	0:00:02.210177
5020	8	8	0.599	1	0:00:02.208120
5040	3	3	0.8	1	0:00:02.207937
5060	6	6	0.303	1	0:00:02.208145
5080	7	7	0.509	1	0:00:02.208591
5100	3	3	0.8	1	0:00:02.207917
5120	9	9	0.422	1	0:00:02.207422
5140	8	8	0.594	1	0:00:02.207818
5160	0	0	0.8	1	0:00:02.207392
5180	9	7	0.604	0	0:00:02.209301
5200	3	3	0.0559	1	0:00:02.207950
5220	0	0	0.764	1	0:00:02.208818
5240	1	1	0.539	1	0:00:02.207976
5260	0	0	0.8	1	0:00:02.208153
5280	0	9	0.0262	0	0:00:02.207807
5300	9	9	0.8	1	0:00:02.207779
5320	7	7	0.489	1	0:00:02.207945
5340	3	4	0.735	0	0:00:02.207517
5360	9	9	0.8	1	0:00:02.207764
5380	1	9	0.281	0	0:00:02.207800
5400	9	9	0.8	1	0:00:02.207709
5420	6	6	0.8	1	0:00:02.207682
5440	9	9	0.8	1	0:00:02.207969
5460	0	0	0.8	1	0:00:02.208612
5480	1	1	0.502	1	0:00:02.208529
5500	8	8	0.0328	1	0:00:02.207407
5520	4	4	0.256	1	0:00:02.208562
5540	5	5	0.0991	1	0:00:02.209782
5560	3	6	0.156	0	0:00:02.208228
5580	5	-1	0.0	0	0:00:02.207744
5600	6	6	0.118	1	0:00:02.207563
5620	3	-1	0.0	0	0:00:02.207709
5640	2	3	0.296	0	0:00:02.207787
5660	9	9	0.452	1	0:00:02.208112
5680	2	2	0.463	1	0:00:02.209961
5700	3	5	0.52	0	0:00:02.208247
5720	9	9	0.8	1	0:00:02.208714
5740	6	4	0.191	0	0:00:02.207820
5760	2	4	0.0216	0	0:00:02.207641
5780	7	7	0.8	1	0:00:02.208286
5800	2	2	0.52	1	0:00:02.207557
5820	5	5	0.175	1	0:00:02.208121
5840	2	2	0.345	1	0:00:02.208355
5860	0	0	0.715	1	0:00:02.208175
5880	0	0	0.8	1	0:00:02.207879
5900	4	-1	0.0	0	0:00:02.207950
5920	8	8	0.8	1	0:00:02.207802
5940	7	-1	0.0	0	0:00:02.207189
5960	2	6	0.404	0	0:00:02.207860
5980	9	9	0.8	1	0:00:02.207712
6000	8	-1	0.0	0	0:00:02.207606
6020	6	6	0.778	1	0:00:02.208781
6040	2	-1	0.0	0	0:00:02.208154
6060	3	4	0.513	0	0:00:02.208727
6080	1	1	0.651	1	0:00:02.208523
6100	1	1	0.8	1	0:00:02.208754
6120	5	5	0.8	1	0:00:02.208105
6140	9	9	0.8	1	0:00:02.208366
6160	2	2	0.705	1	0:00:02.208650
6180	0	0	0.664	1	0:00:02.209684
6200	3	3	0.6	1	0:00:02.208688
6220	2	5	0.425	0	0:00:02.207982
6240	2	2	0.691	1	0:00:02.208514
6260	2	-1	0.0	0	0:00:02.208131
6280	8	5	0.0504	0	0:00:02.208636
6300	1	1	0.626	1	0:00:02.207854
6320	0	0	0.8	1	0:00:02.207927
6340	3	3	0.659	1	0:00:02.207945
6360	2	-1	0.0	0	0:00:02.207640
6380	3	3	0.47	1	0:00:02.207916
6400	0	0	0.541	1	0:00:02.207738
6420	7	7	0.8	1	0:00:02.208930
6440	3	-1	0.0	0	0:00:02.207777
6460	3	3	0.581	1	0:00:02.208215
6480	0	0	0.8	1	0:00:02.207882
6500	7	7	0.00903	1	0:00:02.208363
6520	6	4	0.0454	0	0:00:02.208843
6540	8	8	0.8	1	0:00:02.209328
6560	6	6	0.427	1	0:00:02.208074
6580	1	1	0.311	1	0:00:02.208628
6600	7	7	0.8	1	0:00:02.208242
6620	7	7	0.8	1	0:00:02.207929
6640	5	3	0.8	0	0:00:02.208192
6660	0	0	0.8	1	0:00:02.207596
6680	3	3	0.324	1	0:00:02.208033
6700	6	6	0.8	1	0:00:02.207698
6720	2	2	0.309	1	0:00:02.207629
6740	2	2	0.429	1	0:00:02.207578
6760	5	5	0.8	1	0:00:02.208098
6780	7	7	0.8	1	0:00:02.207807
6800	6	6	0.361	1	0:00:02.208119
6820	1	1	0.8	1	0:00:02.207952
6840	9	9	0.764	1	0:00:02.211040
6860	0	0	0.778	1	0:00:02.209125
6880	2	2	0.687	1	0:00:02.209978
6900	3	3	0.8	1	0:00:02.209988
6920	5	2	0.111	0	0:00:02.208217
6940	1	1	0.8	1	0:00:02.209243
6960	9	9	0.584	1	0:00:02.209828
6980	0	0	0.378	1	0:00:02.208830
7000	2	-1	0.0	0	0:00:02.209778
7020	7	7	0.8	1	0:00:02.209489
7040	7	-1	0.0	0	0:00:02.208345
7060	8	8	0.8	1	0:00:02.209272
7080	5	4	0.376	0	0:00:02.209134
7100	9	3	0.0325	0	0:00:02.209100
7120	7	7	0.8	1	0:00:02.209419
7140	4	4	0.278	1	0:00:02.208973
7160	5	5	0.764	1	0:00:02.208872
7180	6	6	0.705	1	0:00:02.209559
7200	4	4	0.225	1	0:00:02.208519
7220	9	9	0.8	1	0:00:02.208479
7240	0	0	0.319	1	0:00:02.207578
7260	1	1	0.764	1	0:00:02.207659
7280	1	1	0.0293	1	0:00:02.208462
7300	3	5	0.255	0	0:00:02.208135
7320	8	0	0.208	0	0:00:02.208002
7340	2	2	0.428	1	0:00:02.208297
7360	2	2	0.303	1	0:00:02.208453
7380	7	7	0.778	1	0:00:02.208066
7400	3	3	0.584	1	0:00:02.207438
7420	3	2	0.0271	0	0:00:02.207798
7440	3	3	0.543	1	0:00:02.209193
7460	5	5	0.8	1	0:00:02.209583
7480	1	1	0.223	1	0:00:02.209099
7500	6	6	0.8	1	0:00:02.209181
7520	4	4	0.634	1	0:00:02.207678
7540	5	5	0.8	1	0:00:02.208598
7560	0	0	0.594	1	0:00:02.207807
7580	8	8	0.414	1	0:00:02.207613
7600	8	1	0.0395	0	0:00:02.208206
7620	5	3	0.317	0	0:00:02.208033
7640	9	9	0.743	1	0:00:02.210114
7660	7	7	0.541	1	0:00:02.210020
7680	3	5	0.272	0	0:00:02.208048
7700	6	6	0.8	1	0:00:02.208697
7720	5	2	0.171	0	0:00:02.209025
7740	4	4	0.103	1	0:00:02.208409
7760	2	9	0.0903	0	0:00:02.209199
7780	3	9	0.108	0	0:00:02.208835
7800	0	0	0.743	1	0:00:02.208172
7820	5	3	0.3	0	0:00:02.208150
7840	1	1	0.8	1	0:00:02.209933
7860	8	8	0.7	1	0:00:02.208586
7880	0	0	0.8	1	0:00:02.208978
7900	0	-1	0.0	0	0:00:02.209199
7920	9	9	0.8	1	0:00:02.209501
7940	2	2	0.206	1	0:00:02.210809
7960	0	0	0.59	1	0:00:02.208887
7980	3	-1	0.0	0	0:00:02.208751
8000	9	9	0.778	1	0:00:02.208272
8020	6	3	0.454	0	0:00:02.208842
8040	2	2	0.8	1	0:00:02.208992
8060	6	6	0.753	1	0:00:02.208767
8080	4	4	0.7	1	0:00:02.208835
8100	6	2	0.421	0	0:00:02.209086
8120	8	8	0.0763	1	0:00:02.208627
8140	5	7	0.303	0	0:00:02.208799
8160	6	6	0.8	1	0:00:02.210086
8180	4	4	0.654	1	0:00:02.209804
8200	3	6	0.0356	0	0:00:02.209748
8220	6	-1	0.0	0	0:00:02.209694
8240	7	7	0.8	1	0:00:02.208986
8260	1	1	0.8	1	0:00:02.209481
8280	4	4	0.596	1	0:00:02.209115
8300	5	2	0.554	0	0:00:02.208686
8320	7	4	0.157	0	0:00:02.209868
8340	5	3	0.204	0	0:00:02.209626
8360	7	7	0.8	1	0:00:02.209051
8380	9	9	0.67	1	0:00:02.208940
8400	0	-1	0.0	0	0:00:02.209819
8420	3	6	0.684	0	0:00:02.210895
8440	5	5	0.0682	1	0:00:02.209541
8460	8	8	0.715	1	0:00:02.210706
8480	2	2	0.696	1	0:00:02.208581
8500	4	4	0.721	1	0:00:02.208387
8520	8	8	0.244	1	0:00:02.208817
8540	4	4	0.493	1	0:00:02.211238
8560	7	7	0.8	1	0:00:02.210181
8580	3	2	0.0847	0	0:00:02.209008
8600	3	3	0.0584	1	0:00:02.210659
8620	3	-1	0.0	0	0:00:02.210332
8640	1	1	0.601	1	0:00:02.209546
8660	7	7	0.753	1	0:00:02.210075
8680	3	6	0.00238	0	0:00:02.209665
8700	3	5	0.467	0	0:00:02.209115
8720	2	0	0.778	0	0:00:02.209750
8740	2	2	0.224	1	0:00:02.209251
8760	8	8	0.8	1	0:00:02.209931
8780	4	4	0.6	1	0:00:02.210117
8800	0	0	0.8	1	0:00:02.209709
8820	2	2	0.8	1	0:00:02.209679
8840	2	5	0.0606	0	0:00:02.209048
8860	2	2	0.8	1	0:00:02.210000
8880	1	1	0.599	1	0:00:02.210096
8900	2	4	0.235	0	0:00:02.209252
8920	6	6	0.8	1	0:00:02.207887
8940	6	3	0.664	0	0:00:02.209885
8960	0	0	0.249	1	0:00:02.208910
8980	9	9	0.8	1	0:00:02.210394
9000	8	8	0.8	1	0:00:02.208646
9020	7	7	0.8	1	0:00:02.209121
9040	2	5	0.8	0	0:00:02.211050
9060	9	9	0.8	1	0:00:02.210225
9080	3	-1	0.0	0	0:00:02.208766
9100	9	1	0.316	0	0:00:02.209737
9120	3	0	0.272	0	0:00:02.209134
9140	7	7	0.673	1	0:00:02.208182
9160	5	3	0.0825	0	0:00:02.207920
9180	5	5	0.8	1	0:00:02.208549
9200	8	8	0.335	1	0:00:02.209607
9220	8	8	0.8	1	0:00:02.209633
9240	8	8	0.147	1	0:00:02.207819
9260	5	3	0.258	0	0:00:02.209276
9280	9	9	0.411	1	0:00:02.209203
9300	5	3	0.0199	0	0:00:02.209224
9320	9	9	0.8	1	0:00:02.208582
9340	1	1	0.8	1	0:00:02.207852
9360	5	0	0.445	0	0:00:02.211193
9380	5	3	0.154	0	0:00:02.208326
9400	6	6	0.8	1	0:00:02.209982
9420	5	5	0.8	1	0:00:02.209119
9440	8	8	0.8	1	0:00:02.209581
9460	3	-1	0.0	0	0:00:02.208617
9480	2	2	0.338	1	0:00:02.208560
9500	9	9	0.8	1	0:00:02.208776
9520	1	1	0.8	1	0:00:02.209815
9540	5	5	0.677	1	0:00:02.208641
9560	9	-1	0.0	0	0:00:02.209120
9580	1	1	0.8	1	0:00:02.209315
9600	8	8	0.464	1	0:00:02.210164
9620	4	4	0.445	1	0:00:02.208192
9640	5	5	0.543	1	0:00:02.208919
9660	6	6	0.8	1	0:00:02.210270
9680	8	8	0.533	1	0:00:02.208572
9700	0	0	0.778	1	0:00:02.209114
9720	8	1	0.092	0	0:00:02.207997
9740	3	6	0.391	0	0:00:02.209058
9760	9	9	0.37	1	0:00:02.209344
9780	4	-1	0.0	0	0:00:02.207907
9800	1	1	0.8	1	0:00:02.209146
9820	0	0	0.209	1	0:00:02.209653
9840	4	7	0.8	0	0:00:02.209037
9860	0	-1	0.0	0	0:00:02.209955
9880	7	7	0.644	1	0:00:02.210707
9900	8	8	0.8	1	0:00:02.207771
9920	6	6	0.8	1	0:00:02.209461
9940	4	4	0.469	1	0:00:02.210383
9960	2	0	0.8	0	0:00:02.208822
9980	0	0	0.8	1	0:00:02.210949
