idx	label	predict	radius	correct	time
0	3	3	0.074	1	0:00:02.369967
20	7	7	0.422	1	0:00:02.190678
40	4	0	0.444	0	0:00:02.192092
60	7	7	0.607	1	0:00:02.191590
80	8	8	0.764	1	0:00:02.192281
100	4	-1	0.0	0	0:00:02.193128
120	8	8	0.434	1	0:00:02.191977
140	6	6	0.119	1	0:00:02.192851
160	2	2	0.743	1	0:00:02.193172
180	0	0	0.0569	1	0:00:02.194464
200	5	5	0.185	1	0:00:02.193777
220	7	7	0.654	1	0:00:02.195052
240	1	1	0.721	1	0:00:02.194892
260	8	1	0.0159	0	0:00:02.194062
280	9	9	0.284	1	0:00:02.194798
300	6	6	0.556	1	0:00:02.195155
320	3	3	0.162	1	0:00:02.195965
340	2	-1	0.0	0	0:00:02.196341
360	9	9	0.363	1	0:00:02.196771
380	6	6	0.35	1	0:00:02.196977
400	9	9	0.505	1	0:00:02.198433
420	4	4	0.0484	1	0:00:02.198783
440	1	1	0.558	1	0:00:02.199920
460	5	5	0.416	1	0:00:02.198350
480	8	-1	0.0	0	0:00:02.201348
500	4	-1	0.0	0	0:00:02.198873
520	5	5	0.8	1	0:00:02.198045
540	1	1	0.591	1	0:00:02.198000
560	0	0	0.687	1	0:00:02.199062
580	4	4	0.259	1	0:00:02.198368
600	8	8	0.069	1	0:00:02.200730
620	7	7	0.169	1	0:00:02.199870
640	5	5	0.0127	1	0:00:02.199273
660	9	9	0.442	1	0:00:02.201051
680	9	-1	0.0	0	0:00:02.202106
700	7	7	0.8	1	0:00:02.201658
720	4	7	0.275	0	0:00:02.202345
740	2	5	0.426	0	0:00:02.200717
760	3	-1	0.0	0	0:00:02.202372
780	9	9	0.687	1	0:00:02.203439
800	7	7	0.71	1	0:00:02.202232
820	6	-1	0.0	0	0:00:02.203410
840	7	7	0.8	1	0:00:02.203656
860	4	4	0.358	1	0:00:02.202912
880	8	8	0.455	1	0:00:02.204872
900	2	4	0.113	0	0:00:02.205238
920	6	6	0.254	1	0:00:02.203042
940	9	9	0.659	1	0:00:02.203216
960	9	9	0.316	1	0:00:02.202399
980	2	6	0.15	0	0:00:02.203419
1000	5	5	0.53	1	0:00:02.202365
1020	1	1	0.715	1	0:00:02.202635
1040	7	5	0.086	0	0:00:02.203341
1060	9	9	0.735	1	0:00:02.204208
1080	6	6	0.476	1	0:00:02.203835
1100	7	-1	0.0	0	0:00:02.203139
1120	5	5	0.0814	1	0:00:02.204301
1140	6	6	0.189	1	0:00:02.203609
1160	8	8	0.743	1	0:00:02.205335
1180	3	-1	0.0	0	0:00:02.203297
1200	8	8	0.395	1	0:00:02.203587
1220	9	6	0.191	0	0:00:02.204168
1240	2	2	0.0794	1	0:00:02.204666
1260	1	9	0.164	0	0:00:02.204527
1280	3	5	0.224	0	0:00:02.203518
1300	4	-1	0.0	0	0:00:02.202930
1320	7	7	0.504	1	0:00:02.204632
1340	1	-1	0.0	0	0:00:02.204216
1360	7	7	0.157	1	0:00:02.203439
1380	4	5	0.129	0	0:00:02.204583
1400	5	-1	0.0	0	0:00:02.203277
1420	4	7	0.207	0	0:00:02.203793
1440	0	0	0.122	1	0:00:02.203693
1460	6	6	0.353	1	0:00:02.205156
1480	1	-1	0.0	0	0:00:02.203552
1500	1	1	0.137	1	0:00:02.204479
1520	7	7	0.128	1	0:00:02.202648
1540	8	8	0.8	1	0:00:02.202410
1560	7	7	0.684	1	0:00:02.203023
1580	6	5	0.00401	0	0:00:02.204081
1600	8	-1	0.0	0	0:00:02.201987
1620	5	-1	0.0	0	0:00:02.202184
1640	7	7	0.418	1	0:00:02.203545
1660	3	3	0.0758	1	0:00:02.203760
1680	6	6	0.356	1	0:00:02.204432
1700	5	5	0.112	1	0:00:02.205315
1720	4	4	0.184	1	0:00:02.202904
1740	1	1	0.372	1	0:00:02.202778
1760	0	0	0.147	1	0:00:02.202795
1780	7	7	0.612	1	0:00:02.203828
1800	4	-1	0.0	0	0:00:02.204843
1820	8	1	0.356	0	0:00:02.202507
1840	8	-1	0.0	0	0:00:02.201819
1860	8	8	0.0943	1	0:00:02.203496
1880	1	1	0.687	1	0:00:02.203236
1900	8	8	0.764	1	0:00:02.204218
1920	2	2	0.417	1	0:00:02.203252
1940	5	2	0.0214	0	0:00:02.201981
1960	2	5	0.44	0	0:00:02.205349
1980	9	9	0.0989	1	0:00:02.203238
2000	1	6	0.11	0	0:00:02.204715
2020	9	9	0.549	1	0:00:02.205259
2040	0	0	0.28	1	0:00:02.203967
2060	5	-1	0.0	0	0:00:02.204950
2080	1	9	0.0149	0	0:00:02.203654
2100	2	2	0.0424	1	0:00:02.203984
2120	4	-1	0.0	0	0:00:02.204731
2140	9	9	0.58	1	0:00:02.202999
2160	0	-1	0.0	0	0:00:02.204456
2180	4	4	0.454	1	0:00:02.203905
2200	0	0	0.26	1	0:00:02.203220
2220	1	1	0.691	1	0:00:02.203405
2240	9	9	0.203	1	0:00:02.204077
2260	4	-1	0.0	0	0:00:02.202888
2280	4	-1	0.0	0	0:00:02.203175
2300	3	4	0.123	0	0:00:02.203231
2320	5	2	0.179	0	0:00:02.202551
2340	7	7	0.486	1	0:00:02.204789
2360	7	-1	0.0	0	0:00:02.201927
2380	8	8	0.497	1	0:00:02.203064
2400	0	0	0.778	1	0:00:02.203411
2420	8	1	0.0352	0	0:00:02.203714
2440	7	-1	0.0	0	0:00:02.204190
2460	9	9	0.396	1	0:00:02.204579
2480	8	8	0.574	1	0:00:02.203201
2500	4	6	0.13	0	0:00:02.203692
2520	1	1	0.326	1	0:00:02.202735
2540	2	-1	0.0	0	0:00:02.203895
2560	7	7	0.25	1	0:00:02.206053
2580	6	-1	0.0	0	0:00:02.203606
2600	8	8	0.351	1	0:00:02.202793
2620	1	1	0.421	1	0:00:02.204306
2640	7	7	0.71	1	0:00:02.203544
2660	3	-1	0.0	0	0:00:02.203342
2680	0	0	0.778	1	0:00:02.203583
2700	9	1	0.0446	0	0:00:02.202624
2720	3	6	0.103	0	0:00:02.203069
2740	1	1	0.191	1	0:00:02.203917
2760	2	2	0.474	1	0:00:02.203547
2780	7	7	0.8	1	0:00:02.203606
2800	4	-1	0.0	0	0:00:02.202785
2820	6	6	0.447	1	0:00:02.205047
2840	3	3	0.172	1	0:00:02.204042
2860	5	-1	0.0	0	0:00:02.203040
2880	4	4	0.532	1	0:00:02.203138
2900	3	5	0.0488	0	0:00:02.202795
2920	2	-1	0.0	0	0:00:02.203655
2940	3	0	0.764	0	0:00:02.202465
2960	9	0	0.0453	0	0:00:02.207096
2980	8	8	0.735	1	0:00:02.203280
3000	5	5	0.607	1	0:00:02.203306
3020	1	1	0.513	1	0:00:02.202951
3040	7	7	0.8	1	0:00:02.205449
3060	7	7	0.462	1	0:00:02.203284
3080	1	1	0.0533	1	0:00:02.203428
3100	0	0	0.517	1	0:00:02.204477
3120	4	-1	0.0	0	0:00:02.203958
3140	8	8	0.323	1	0:00:02.203998
3160	6	-1	0.0	0	0:00:02.203096
3180	3	-1	0.0	0	0:00:02.203631
3200	5	7	0.449	0	0:00:02.204149
3220	3	9	0.106	0	0:00:02.204486
3240	4	-1	0.0	0	0:00:02.203039
3260	7	7	0.584	1	0:00:02.204228
3280	3	5	0.191	0	0:00:02.204350
3300	4	4	0.135	1	0:00:02.204368
3320	2	7	0.164	0	0:00:02.203393
3340	6	6	0.335	1	0:00:02.203974
3360	4	4	0.118	1	0:00:02.203580
3380	8	8	0.544	1	0:00:02.205198
3400	6	-1	0.0	0	0:00:02.204915
3420	5	5	0.0447	1	0:00:02.205022
3440	2	-1	0.0	0	0:00:02.203990
3460	1	1	0.743	1	0:00:02.203218
3480	2	2	0.696	1	0:00:02.204138
3500	1	1	0.0878	1	0:00:02.206632
3520	1	1	0.421	1	0:00:02.205502
3540	6	6	0.466	1	0:00:02.204805
3560	1	9	0.0366	0	0:00:02.204000
3580	4	-1	0.0	0	0:00:02.203711
3600	4	2	0.254	0	0:00:02.203170
3620	0	-1	0.0	0	0:00:02.205114
3640	6	2	0.232	0	0:00:02.203866
3660	0	0	0.0988	1	0:00:02.203192
3680	0	-1	0.0	0	0:00:02.204326
3700	3	5	0.0511	0	0:00:02.203480
3720	2	2	0.592	1	0:00:02.204963
3740	0	0	0.684	1	0:00:02.204343
3760	7	7	0.651	1	0:00:02.205150
3780	4	4	0.00671	1	0:00:02.204484
3800	9	9	0.408	1	0:00:02.202868
3820	0	-1	0.0	0	0:00:02.204405
3840	6	3	0.00238	0	0:00:02.204052
3860	7	7	0.8	1	0:00:02.203964
3880	6	6	0.0953	1	0:00:02.204598
3900	3	3	0.00771	1	0:00:02.205144
3920	7	-1	0.0	0	0:00:02.203579
3940	6	6	0.0224	1	0:00:02.203966
3960	2	2	0.505	1	0:00:02.204563
3980	9	-1	0.0	0	0:00:02.202475
4000	8	-1	0.0	0	0:00:02.203011
4020	8	8	0.302	1	0:00:02.204090
4040	0	0	0.613	1	0:00:02.204041
4060	6	6	0.305	1	0:00:02.204317
4080	1	1	0.651	1	0:00:02.203631
4100	7	7	0.8	1	0:00:02.204989
4120	4	4	0.0628	1	0:00:02.203917
4140	5	3	0.181	0	0:00:02.203372
4160	5	5	0.417	1	0:00:02.204859
4180	0	8	0.326	0	0:00:02.204601
4200	4	4	0.0734	1	0:00:02.205875
4220	4	0	0.474	0	0:00:02.205473
4240	7	7	0.339	1	0:00:02.203956
4260	8	8	0.7	1	0:00:02.203521
4280	8	0	0.162	0	0:00:02.204207
4300	8	8	0.413	1	0:00:02.204515
4320	1	-1	0.0	0	0:00:02.204563
4340	0	0	0.233	1	0:00:02.204759
4360	6	6	0.303	1	0:00:02.205091
4380	9	9	0.317	1	0:00:02.204705
4400	3	6	0.0292	0	0:00:02.203526
4420	5	5	0.161	1	0:00:02.204880
4440	2	2	0.123	1	0:00:02.204692
4460	9	9	0.143	1	0:00:02.204405
4480	9	9	0.4	1	0:00:02.203944
4500	3	-1	0.0	0	0:00:02.204329
4520	3	-1	0.0	0	0:00:02.205884
4540	9	9	0.56	1	0:00:02.203612
4560	1	1	0.33	1	0:00:02.204332
4580	6	4	0.314	0	0:00:02.203590
4600	4	7	0.0982	0	0:00:02.204679
4620	7	-1	0.0	0	0:00:02.204183
4640	2	2	0.0958	1	0:00:02.204223
4660	7	-1	0.0	0	0:00:02.202902
4680	9	9	0.8	1	0:00:02.204793
4700	6	-1	0.0	0	0:00:02.204164
4720	8	-1	0.0	0	0:00:02.204226
4740	5	3	0.00822	0	0:00:02.205048
4760	3	2	0.212	0	0:00:02.205270
4780	0	-1	0.0	0	0:00:02.203198
4800	9	9	0.8	1	0:00:02.203636
4820	3	3	0.0198	1	0:00:02.203827
4840	0	0	0.115	1	0:00:02.203886
4860	5	5	0.656	1	0:00:02.203748
4880	0	7	0.185	0	0:00:02.203622
4900	3	3	0.0584	1	0:00:02.204438
4920	7	7	0.778	1	0:00:02.205350
4940	6	6	0.368	1	0:00:02.203930
4960	4	4	0.0197	1	0:00:02.203205
4980	1	-1	0.0	0	0:00:02.203082
5000	7	7	0.8	1	0:00:02.203926
5020	8	8	0.764	1	0:00:02.204247
5040	3	-1	0.0	0	0:00:02.203916
5060	6	6	0.234	1	0:00:02.205625
5080	7	7	0.273	1	0:00:02.203126
5100	3	3	0.199	1	0:00:02.203807
5120	9	9	0.335	1	0:00:02.204284
5140	8	8	0.333	1	0:00:02.204267
5160	0	0	0.102	1	0:00:02.205983
5180	9	-1	0.0	0	0:00:02.204552
5200	3	2	0.185	0	0:00:02.203307
5220	0	0	0.169	1	0:00:02.203815
5240	1	9	0.394	0	0:00:02.202695
5260	0	0	0.753	1	0:00:02.206184
5280	0	9	0.0202	0	0:00:02.203604
5300	9	9	0.333	1	0:00:02.204100
5320	7	0	0.188	0	0:00:02.203672
5340	3	4	0.135	0	0:00:02.203975
5360	9	9	0.687	1	0:00:02.204807
5380	1	1	0.315	1	0:00:02.203554
5400	9	9	0.498	1	0:00:02.204307
5420	6	6	0.497	1	0:00:02.202829
5440	9	9	0.356	1	0:00:02.204596
5460	0	0	0.0422	1	0:00:02.205156
5480	1	1	0.589	1	0:00:02.202456
5500	8	8	0.405	1	0:00:02.202538
5520	4	-1	0.0	0	0:00:02.204373
5540	5	5	0.145	1	0:00:02.202338
5560	3	-1	0.0	0	0:00:02.203520
5580	5	-1	0.0	0	0:00:02.204384
5600	6	6	0.148	1	0:00:02.203650
5620	3	2	0.0364	0	0:00:02.204292
5640	2	5	0.0556	0	0:00:02.204572
5660	9	9	0.251	1	0:00:02.202638
5680	2	-1	0.0	0	0:00:02.204630
5700	3	-1	0.0	0	0:00:02.202569
5720	9	9	0.753	1	0:00:02.201892
5740	6	6	0.126	1	0:00:02.204696
5760	2	2	0.0953	1	0:00:02.202974
5780	7	7	0.8	1	0:00:02.202996
5800	2	-1	0.0	0	0:00:02.204545
5820	5	5	0.218	1	0:00:02.203903
5840	2	5	0.0522	0	0:00:02.204816
5860	0	0	0.312	1	0:00:02.203180
5880	0	0	0.187	1	0:00:02.204868
5900	4	2	0.0522	0	0:00:02.203336
5920	8	8	0.8	1	0:00:02.203006
5940	7	2	0.0495	0	0:00:02.203401
5960	2	6	0.349	0	0:00:02.203717
5980	9	9	0.728	1	0:00:02.203898
6000	8	9	0.237	0	0:00:02.205074
6020	6	6	0.562	1	0:00:02.204049
6040	2	5	0.0402	0	0:00:02.203713
6060	3	4	0.0109	0	0:00:02.204410
6080	1	1	0.383	1	0:00:02.203656
6100	1	1	0.396	1	0:00:02.203532
6120	5	5	0.469	1	0:00:02.204644
6140	9	9	0.603	1	0:00:02.204467
6160	2	-1	0.0	0	0:00:02.204112
6180	0	0	0.277	1	0:00:02.203810
6200	3	9	0.0286	0	0:00:02.203850
6220	2	-1	0.0	0	0:00:02.204180
6240	2	2	0.409	1	0:00:02.203552
6260	2	-1	0.0	0	0:00:02.204909
6280	8	-1	0.0	0	0:00:02.204775
6300	1	1	0.425	1	0:00:02.203991
6320	0	0	0.475	1	0:00:02.203631
6340	3	3	0.0202	1	0:00:02.205897
6360	2	-1	0.0	0	0:00:02.206427
6380	3	-1	0.0	0	0:00:02.204300
6400	0	-1	0.0	0	0:00:02.205652
6420	7	7	0.222	1	0:00:02.204125
6440	3	-1	0.0	0	0:00:02.203410
6460	3	3	0.0994	1	0:00:02.203027
6480	0	0	0.423	1	0:00:02.203990
6500	7	-1	0.0	0	0:00:02.203237
6520	6	6	0.0462	1	0:00:02.203812
6540	8	8	0.45	1	0:00:02.204557
6560	6	-1	0.0	0	0:00:02.204705
6580	1	1	0.12	1	0:00:02.203711
6600	7	7	0.8	1	0:00:02.204727
6620	7	7	0.0329	1	0:00:02.203303
6640	5	0	0.259	0	0:00:02.203511
6660	0	0	0.19	1	0:00:02.202042
6680	3	5	0.173	0	0:00:02.203125
6700	6	6	0.566	1	0:00:02.203641
6720	2	2	0.154	1	0:00:02.203395
6740	2	4	0.0945	0	0:00:02.202519
6760	5	5	0.8	1	0:00:02.203596
6780	7	7	0.764	1	0:00:02.204643
6800	6	6	0.0915	1	0:00:02.204366
6820	1	1	0.141	1	0:00:02.203936
6840	9	9	0.316	1	0:00:02.204162
6860	0	2	0.147	0	0:00:02.203824
6880	2	7	0.0903	0	0:00:02.205084
6900	3	3	0.0605	1	0:00:02.204946
6920	5	4	0.115	0	0:00:02.204065
6940	1	1	0.8	1	0:00:02.204631
6960	9	9	0.17	1	0:00:02.204312
6980	0	8	0.147	0	0:00:02.203471
7000	2	8	0.0091	0	0:00:02.203837
7020	7	7	0.464	1	0:00:02.203972
7040	7	0	0.0698	0	0:00:02.201983
7060	8	8	0.778	1	0:00:02.202899
7080	5	4	0.0582	0	0:00:02.203685
7100	9	9	0.069	1	0:00:02.203319
7120	7	7	0.438	1	0:00:02.203469
7140	4	4	0.2	1	0:00:02.205536
7160	5	5	0.0519	1	0:00:02.205973
7180	6	6	0.545	1	0:00:02.203833
7200	4	6	0.00721	0	0:00:02.204459
7220	9	9	0.556	1	0:00:02.203797
7240	0	0	0.0267	1	0:00:02.203764
7260	1	1	0.544	1	0:00:02.203854
7280	1	9	0.23	0	0:00:02.202362
7300	3	-1	0.0	0	0:00:02.203908
7320	8	-1	0.0	0	0:00:02.203932
7340	2	2	0.368	1	0:00:02.204326
7360	2	5	0.0609	0	0:00:02.203174
7380	7	7	0.461	1	0:00:02.203793
7400	3	3	0.0949	1	0:00:02.204483
7420	3	4	0.0901	0	0:00:02.204273
7440	3	3	0.119	1	0:00:02.202764
7460	5	5	0.728	1	0:00:02.202688
7480	1	1	0.225	1	0:00:02.204821
7500	6	6	0.529	1	0:00:02.204473
7520	4	4	0.267	1	0:00:02.206250
7540	5	5	0.8	1	0:00:02.204502
7560	0	0	0.126	1	0:00:02.204103
7580	8	0	0.114	0	0:00:02.204418
7600	8	-1	0.0	0	0:00:02.204518
7620	5	-1	0.0	0	0:00:02.205228
7640	9	9	0.142	1	0:00:02.205208
7660	7	7	0.258	1	0:00:02.204016
7680	3	5	0.373	0	0:00:02.204351
7700	6	6	0.615	1	0:00:02.205391
7720	5	-1	0.0	0	0:00:02.204388
7740	4	-1	0.0	0	0:00:02.204186
7760	2	9	0.0664	0	0:00:02.203870
7780	3	-1	0.0	0	0:00:02.203458
7800	0	0	0.319	1	0:00:02.205000
7820	5	8	0.0268	0	0:00:02.202981
7840	1	1	0.596	1	0:00:02.205236
7860	8	8	0.353	1	0:00:02.203631
7880	0	0	0.382	1	0:00:02.204329
7900	0	0	0.115	1	0:00:02.203737
7920	9	9	0.312	1	0:00:02.205007
7940	2	-1	0.0	0	0:00:02.204294
7960	0	0	0.404	1	0:00:02.203578
7980	3	-1	0.0	0	0:00:02.204143
8000	9	9	0.461	1	0:00:02.205428
8020	6	-1	0.0	0	0:00:02.205745
8040	2	2	0.368	1	0:00:02.205267
8060	6	6	0.606	1	0:00:02.204321
8080	4	4	0.0112	1	0:00:02.204194
8100	6	6	0.384	1	0:00:02.203730
8120	8	9	0.282	0	0:00:02.204294
8140	5	5	0.101	1	0:00:02.202852
8160	6	6	0.444	1	0:00:02.202830
8180	4	4	0.173	1	0:00:02.204549
8200	3	-1	0.0	0	0:00:02.204119
8220	6	-1	0.0	0	0:00:02.203315
8240	7	7	0.576	1	0:00:02.204467
8260	1	1	0.566	1	0:00:02.203614
8280	4	-1	0.0	0	0:00:02.204006
8300	5	-1	0.0	0	0:00:02.203045
8320	7	4	0.0865	0	0:00:02.204199
8340	5	3	0.0347	0	0:00:02.204520
8360	7	7	0.529	1	0:00:02.203972
8380	9	9	0.735	1	0:00:02.204148
8400	0	0	0.0137	1	0:00:02.203142
8420	3	6	0.281	0	0:00:02.203804
8440	5	5	0.153	1	0:00:02.203387
8460	8	8	0.764	1	0:00:02.203868
8480	2	4	0.121	0	0:00:02.204136
8500	4	4	0.541	1	0:00:02.203586
8520	8	8	0.33	1	0:00:02.203487
8540	4	4	0.119	1	0:00:02.205297
8560	7	7	0.533	1	0:00:02.203954
8580	3	0	0.0351	0	0:00:02.204785
8600	3	-1	0.0	0	0:00:02.203996
8620	3	-1	0.0	0	0:00:02.204053
8640	1	1	0.329	1	0:00:02.203543
8660	7	5	0.453	0	0:00:02.204794
8680	3	-1	0.0	0	0:00:02.203943
8700	3	3	0.0173	1	0:00:02.203111
8720	2	0	0.616	0	0:00:02.205461
8740	2	2	0.14	1	0:00:02.205246
8760	8	8	0.468	1	0:00:02.204317
8780	4	4	0.173	1	0:00:02.204760
8800	0	0	0.8	1	0:00:02.204615
8820	2	2	0.8	1	0:00:02.203758
8840	2	7	0.11	0	0:00:02.203390
8860	2	2	0.5	1	0:00:02.203577
8880	1	1	0.728	1	0:00:02.204431
8900	2	2	0.076	1	0:00:02.204841
8920	6	6	0.568	1	0:00:02.204664
8940	6	5	0.252	0	0:00:02.202933
8960	0	0	0.269	1	0:00:02.202987
8980	9	9	0.667	1	0:00:02.203678
9000	8	8	0.71	1	0:00:02.202864
9020	7	7	0.073	1	0:00:02.203079
9040	2	5	0.8	0	0:00:02.203025
9060	9	9	0.182	1	0:00:02.205565
9080	3	5	0.319	0	0:00:02.204792
9100	9	9	0.103	1	0:00:02.202643
9120	3	5	0.00928	0	0:00:02.204803
9140	7	7	0.102	1	0:00:02.203535
9160	5	-1	0.0	0	0:00:02.203667
9180	5	5	0.8	1	0:00:02.204262
9200	8	8	0.544	1	0:00:02.201576
9220	8	8	0.257	1	0:00:02.203606
9240	8	8	0.31	1	0:00:02.202156
9260	5	5	0.0253	1	0:00:02.201580
9280	9	-1	0.0	0	0:00:02.202976
9300	5	-1	0.0	0	0:00:02.203237
9320	9	9	0.404	1	0:00:02.203815
9340	1	1	0.764	1	0:00:02.203511
9360	5	0	0.282	0	0:00:02.202878
9380	5	5	0.403	1	0:00:02.202551
9400	6	6	0.728	1	0:00:02.203929
9420	5	5	0.311	1	0:00:02.203617
9440	8	8	0.0734	1	0:00:02.203843
9460	3	6	0.0851	0	0:00:02.202294
9480	2	4	0.0209	0	0:00:02.204156
9500	9	9	0.25	1	0:00:02.202700
9520	1	1	0.0589	1	0:00:02.203699
9540	5	5	0.612	1	0:00:02.203408
9560	9	-1	0.0	0	0:00:02.204451
9580	1	1	0.649	1	0:00:02.203220
9600	8	8	0.537	1	0:00:02.204008
9620	4	7	0.133	0	0:00:02.203789
9640	5	7	0.0551	0	0:00:02.203912
9660	6	6	0.563	1	0:00:02.202954
9680	8	8	0.484	1	0:00:02.205229
9700	0	0	0.454	1	0:00:02.204859
9720	8	8	0.103	1	0:00:02.204277
9740	3	6	0.392	0	0:00:02.203453
9760	9	9	0.103	1	0:00:02.203580
9780	4	-1	0.0	0	0:00:02.203031
9800	1	1	0.778	1	0:00:02.204868
9820	0	-1	0.0	0	0:00:02.203295
9840	4	7	0.0586	0	0:00:02.204201
9860	0	-1	0.0	0	0:00:02.203274
9880	7	-1	0.0	0	0:00:02.203884
9900	8	8	0.186	1	0:00:02.203383
9920	6	6	0.463	1	0:00:02.201222
9940	4	6	0.102	0	0:00:02.204142
9960	2	0	0.625	0	0:00:02.204746
9980	0	0	0.565	1	0:00:02.203381
