idx	label	predict	radius	correct	time
0	0	-1	0.0	0	0:00:38.715778
20	0	0	0.223	1	0:00:20.225649
40	0	0	0.8	1	0:00:20.344720
60	1	1	0.469	1	0:00:20.442563
80	1	-1	0.0	0	0:00:20.516802
100	2	2	0.229	1	0:00:20.564220
120	2	3	0.0695	0	0:00:20.623355
140	2	2	0.677	1	0:00:20.680512
160	3	3	0.591	1	0:00:20.625621
180	3	3	0.8	1	0:00:20.626588
200	4	-1	0.0	0	0:00:20.623846
220	4	3	0.382	0	0:00:20.634732
240	4	-1	0.0	0	0:00:20.552891
260	5	6	0.241	0	0:00:20.616080
280	5	5	0.0371	1	0:00:20.669549
300	6	6	0.743	1	0:00:20.631306
320	6	34	0.134	0	0:00:20.632240
340	6	-1	0.0	0	0:00:20.614755
360	7	7	0.159	1	0:00:20.621687
380	7	7	0.8	1	0:00:20.661448
400	8	8	0.8	1	0:00:20.638348
420	8	-1	0.0	0	0:00:20.617150
440	8	8	0.343	1	0:00:20.668946
460	9	9	0.55	1	0:00:20.614235
480	9	9	0.0238	1	0:00:20.651011
500	10	10	0.556	1	0:00:20.575416
520	10	-1	0.0	0	0:00:20.651447
540	10	13	0.0303	0	0:00:20.653558
560	11	94	0.00533	0	0:00:20.581416
580	11	11	0.554	1	0:00:20.634298
600	12	12	0.14	1	0:00:20.599091
620	12	12	0.8	1	0:00:20.733867
640	12	10	0.205	0	0:00:20.645570
660	13	13	0.8	1	0:00:20.592535
680	13	-1	0.0	0	0:00:20.579270
700	14	14	0.8	1	0:00:20.639171
720	14	14	0.551	1	0:00:20.623723
740	14	14	0.71	1	0:00:20.591873
760	15	15	0.8	1	0:00:20.633018
780	15	15	0.0629	1	0:00:20.672730
800	16	16	0.15	1	0:00:20.674249
820	16	16	0.306	1	0:00:20.624465
840	16	16	0.8	1	0:00:20.649958
860	17	17	0.778	1	0:00:20.620967
880	17	17	0.67	1	0:00:20.624244
900	18	18	0.108	1	0:00:20.657119
920	18	18	0.673	1	0:00:20.655056
940	18	18	0.778	1	0:00:20.643001
960	19	19	0.194	1	0:00:20.636065
980	19	19	0.506	1	0:00:20.677990
1000	20	20	0.321	1	0:00:20.652107
1020	20	20	0.778	1	0:00:20.580147
1040	20	20	0.8	1	0:00:20.648801
1060	21	21	0.212	1	0:00:20.654115
1080	21	21	0.489	1	0:00:20.632046
1100	22	21	0.214	0	0:00:20.565940
1120	22	22	0.8	1	0:00:20.623045
1140	22	22	0.8	1	0:00:20.605622
1160	23	23	0.764	1	0:00:20.685282
1180	23	23	0.8	1	0:00:20.568338
1200	24	24	0.8	1	0:00:20.668720
1220	24	24	0.8	1	0:00:20.627460
1240	24	24	0.8	1	0:00:20.615526
1260	25	-1	0.0	0	0:00:20.653796
1280	25	25	0.8	1	0:00:20.661168
1300	26	26	0.572	1	0:00:20.584590
1320	26	-1	0.0	0	0:00:20.622128
1340	26	26	0.8	1	0:00:20.658202
1360	27	27	0.778	1	0:00:20.610722
1380	27	27	0.778	1	0:00:20.621115
1400	28	-1	0.0	0	0:00:20.725533
1420	28	28	0.8	1	0:00:20.642709
1440	28	28	0.601	1	0:00:20.640090
1460	29	29	0.509	1	0:00:20.629845
1480	29	29	0.293	1	0:00:20.625230
1500	30	30	0.8	1	0:00:20.640850
1520	30	-1	0.0	0	0:00:20.603227
1540	30	32	0.269	0	0:00:20.651129
1560	31	31	0.684	1	0:00:20.669081
1580	31	31	0.8	1	0:00:20.647591
1600	32	-1	0.0	0	0:00:20.626285
1620	32	32	0.529	1	0:00:20.589520
1640	32	-1	0.0	0	0:00:20.627500
1660	33	33	0.346	1	0:00:20.688777
1680	33	33	0.498	1	0:00:20.621652
1700	34	34	0.0997	1	0:00:20.659634
1720	34	34	0.0284	1	0:00:20.640658
1740	34	-1	0.0	0	0:00:20.617040
1760	35	35	0.8	1	0:00:20.674882
1780	35	36	0.146	0	0:00:20.610541
1800	36	35	0.451	0	0:00:20.699850
1820	36	-1	0.0	0	0:00:20.593107
1840	36	35	0.516	0	0:00:20.648074
1860	37	37	0.297	1	0:00:20.656201
1880	37	37	0.138	1	0:00:20.636319
1900	38	38	0.339	1	0:00:20.614225
1920	38	38	0.597	1	0:00:20.656157
1940	38	38	0.267	1	0:00:20.642169
1960	39	46	0.228	0	0:00:20.644203
1980	39	39	0.00979	1	0:00:20.646515
2000	40	-1	0.0	0	0:00:20.606686
2020	40	40	0.0353	1	0:00:20.653277
2040	40	46	0.8	0	0:00:20.631863
2060	41	41	0.8	1	0:00:20.619932
2080	41	59	0.0723	0	0:00:20.682347
2100	42	43	0.00658	0	0:00:20.626980
2120	42	42	0.269	1	0:00:20.610810
2140	42	42	0.128	1	0:00:20.603209
2160	43	43	0.381	1	0:00:20.697963
2180	43	39	0.000752	0	0:00:20.648078
2200	44	44	0.504	1	0:00:20.673182
2220	44	44	0.8	1	0:00:20.626792
2240	44	44	0.8	1	0:00:20.617298
2260	45	45	0.778	1	0:00:20.617110
2280	45	45	0.00163	1	0:00:20.612606
2300	46	46	0.63	1	0:00:20.625196
2320	46	489	0.00602	0	0:00:20.649882
2340	46	40	0.0535	0	0:00:20.617458
2360	47	-1	0.0	0	0:00:20.643648
2380	47	47	0.459	1	0:00:20.684451
2400	48	48	0.202	1	0:00:20.640662
2420	48	-1	0.0	0	0:00:20.632660
2440	48	-1	0.0	0	0:00:20.646661
2460	49	50	0.405	0	0:00:20.690826
2480	49	-1	0.0	0	0:00:20.592459
2500	50	50	0.319	1	0:00:20.632975
2520	50	36	0.128	0	0:00:20.573046
2540	50	-1	0.0	0	0:00:20.720457
2560	51	51	0.584	1	0:00:20.625226
2580	51	51	0.8	1	0:00:20.615203
2600	52	111	0.041	0	0:00:20.622734
2620	52	-1	0.0	0	0:00:20.648340
2640	52	53	0.489	0	0:00:20.669966
2660	53	53	0.376	1	0:00:20.633435
2680	53	-1	0.0	0	0:00:20.595799
2700	54	57	0.8	0	0:00:20.665538
2720	54	57	0.8	0	0:00:20.679495
2740	54	54	0.589	1	0:00:20.636863
2760	55	55	0.149	1	0:00:20.610920
2780	55	55	0.0762	1	0:00:20.683375
2800	56	56	0.8	1	0:00:20.641059
2820	56	56	0.284	1	0:00:20.708534
2840	56	56	0.667	1	0:00:20.648223
2860	57	57	0.8	1	0:00:20.613502
2880	57	57	0.415	1	0:00:20.614920
2900	58	-1	0.0	0	0:00:20.659520
2920	58	60	0.0872	0	0:00:20.660200
2940	58	65	0.387	0	0:00:20.668089
2960	59	59	0.677	1	0:00:20.591475
2980	59	59	0.458	1	0:00:20.603262
3000	60	61	0.365	0	0:00:20.610677
3020	60	66	0.8	0	0:00:20.659187
3040	60	59	0.202	0	0:00:20.607462
3060	61	60	0.26	0	0:00:20.641216
3080	61	61	0.778	1	0:00:20.613183
3100	62	62	0.232	1	0:00:20.656572
3120	62	-1	0.0	0	0:00:20.584395
3140	62	-1	0.0	0	0:00:20.629906
3160	63	63	0.8	1	0:00:20.646330
3180	63	63	0.735	1	0:00:20.616951
3200	64	64	0.8	1	0:00:20.570408
3220	64	64	0.375	1	0:00:20.605314
3240	64	-1	0.0	0	0:00:20.596825
3260	65	65	0.0091	1	0:00:20.685273
3280	65	-1	0.0	0	0:00:20.674896
3300	66	-1	0.0	0	0:00:20.673216
3320	66	-1	0.0	0	0:00:20.598543
3340	66	66	0.00502	1	0:00:20.661301
3360	67	674	0.251	0	0:00:20.650495
3380	67	67	0.8	1	0:00:20.686824
3400	68	111	0.262	0	0:00:20.642485
3420	68	68	0.558	1	0:00:20.673404
3440	68	66	0.8	0	0:00:20.686921
3460	69	69	0.538	1	0:00:20.601597
3480	69	69	0.778	1	0:00:20.654929
3500	70	70	0.8	1	0:00:20.587484
3520	70	70	0.234	1	0:00:20.655583
3540	70	70	0.8	1	0:00:20.634106
3560	71	71	0.167	1	0:00:20.676865
3580	71	71	0.556	1	0:00:20.589055
3600	72	72	0.8	1	0:00:20.612754
3620	72	72	0.521	1	0:00:20.689784
3640	72	72	0.8	1	0:00:20.627734
3660	73	78	0.186	0	0:00:20.604840
3680	73	-1	0.0	0	0:00:20.653699
3700	74	74	0.0359	1	0:00:20.627887
3720	74	73	0.129	0	0:00:20.659658
3740	74	73	0.355	0	0:00:20.622723
3760	75	75	0.753	1	0:00:20.658400
3780	75	75	0.224	1	0:00:20.659887
3800	76	76	0.529	1	0:00:20.607497
3820	76	76	0.743	1	0:00:20.691315
3840	76	76	0.753	1	0:00:20.617405
3860	77	73	0.0549	0	0:00:20.603243
3880	77	73	0.00364	0	0:00:20.652542
3900	78	78	0.8	1	0:00:20.688450
3920	78	70	0.8	0	0:00:20.679332
3940	78	78	0.8	1	0:00:20.640150
3960	79	79	0.354	1	0:00:20.706060
3980	79	69	0.0644	0	0:00:20.615624
4000	80	80	0.8	1	0:00:20.662591
4020	80	80	0.49	1	0:00:20.633208
4040	80	80	0.778	1	0:00:20.597837
4060	81	-1	0.0	0	0:00:20.664577
4080	81	81	0.8	1	0:00:20.619716
4100	82	82	0.778	1	0:00:20.695902
4120	82	82	0.8	1	0:00:20.677827
4140	82	82	0.8	1	0:00:20.641770
4160	83	-1	0.0	0	0:00:20.671183
4180	83	83	0.8	1	0:00:20.705927
4200	84	84	0.691	1	0:00:20.605426
4220	84	84	0.503	1	0:00:20.597584
4240	84	84	0.71	1	0:00:20.624964
4260	85	82	0.154	0	0:00:20.646727
4280	85	85	0.8	1	0:00:20.663622
4300	86	86	0.628	1	0:00:20.702661
4320	86	86	0.8	1	0:00:20.623087
4340	86	86	0.778	1	0:00:20.647774
4360	87	87	0.8	1	0:00:20.695380
4380	87	-1	0.0	0	0:00:20.619163
4400	88	88	0.8	1	0:00:20.601835
4420	88	88	0.139	1	0:00:20.619734
4440	88	88	0.721	1	0:00:20.620838
4460	89	89	0.8	1	0:00:20.671547
4480	89	-1	0.0	0	0:00:20.657163
4500	90	90	0.8	1	0:00:20.682438
4520	90	90	0.8	1	0:00:20.587261
4540	90	90	0.8	1	0:00:20.653798
4560	91	91	0.8	1	0:00:20.596961
4580	91	91	0.8	1	0:00:20.624931
4600	92	92	0.0331	1	0:00:20.673044
4620	92	92	0.8	1	0:00:20.649224
4640	92	92	0.8	1	0:00:20.656281
4660	93	93	0.8	1	0:00:20.607107
4680	93	93	0.8	1	0:00:20.616003
4700	94	94	0.8	1	0:00:20.580330
4720	94	94	0.462	1	0:00:20.690492
4740	94	94	0.8	1	0:00:20.693997
4760	95	95	0.8	1	0:00:20.671391
4780	95	95	0.8	1	0:00:20.685924
4800	96	96	0.8	1	0:00:20.586591
4820	96	96	0.8	1	0:00:20.611774
4840	96	96	0.8	1	0:00:20.597853
4860	97	97	0.778	1	0:00:20.606246
4880	97	97	0.8	1	0:00:20.706593
4900	98	98	0.651	1	0:00:20.606658
4920	98	98	0.8	1	0:00:20.654180
4940	98	98	0.0594	1	0:00:20.619082
4960	99	99	0.649	1	0:00:20.611677
4980	99	-1	0.0	0	0:00:20.682143
5000	100	100	0.8	1	0:00:20.633338
5020	100	100	0.8	1	0:00:20.639921
5040	100	99	0.197	0	0:00:20.652633
5060	101	101	0.188	1	0:00:20.635756
5080	101	-1	0.0	0	0:00:20.682636
5100	102	102	0.8	1	0:00:20.666672
5120	102	102	0.8	1	0:00:20.659503
5140	102	102	0.8	1	0:00:20.682796
5160	103	103	0.582	1	0:00:20.561487
5180	103	103	0.691	1	0:00:20.633881
5200	104	104	0.00809	1	0:00:20.616283
5220	104	-1	0.0	0	0:00:20.665580
5240	104	-1	0.0	0	0:00:20.644741
5260	105	105	0.541	1	0:00:20.665344
5280	105	105	0.538	1	0:00:20.678926
5300	106	106	0.161	1	0:00:20.695040
5320	106	341	0.155	0	0:00:20.666585
5340	106	106	0.091	1	0:00:20.643407
5360	107	884	0.0112	0	0:00:20.706527
5380	107	-1	0.0	0	0:00:20.594569
5400	108	-1	0.0	0	0:00:20.609858
5420	108	108	0.753	1	0:00:20.637956
5440	108	108	0.8	1	0:00:20.665171
5460	109	109	0.0897	1	0:00:20.674055
5480	109	109	0.8	1	0:00:20.649108
5500	110	110	0.8	1	0:00:20.659189
5520	110	110	0.626	1	0:00:20.595045
5540	110	115	0.227	0	0:00:20.651757
5560	111	111	0.227	1	0:00:20.631940
5580	111	111	0.35	1	0:00:20.633004
5600	112	112	0.667	1	0:00:20.590936
5620	112	291	0.149	0	0:00:20.636568
5640	112	112	0.0681	1	0:00:20.607730
5660	113	114	0.0513	0	0:00:20.614293
5680	113	113	0.0745	1	0:00:20.591408
5700	114	-1	0.0	0	0:00:20.730617
5720	114	114	0.8	1	0:00:20.667668
5740	114	114	0.583	1	0:00:20.654174
5760	115	111	0.8	0	0:00:20.577538
5780	115	115	0.365	1	0:00:20.677316
5800	116	116	0.8	1	0:00:20.678120
5820	116	116	0.664	1	0:00:20.676423
5840	116	-1	0.0	0	0:00:20.692804
5860	117	117	0.108	1	0:00:20.610142
5880	117	117	0.778	1	0:00:20.619179
5900	118	118	0.613	1	0:00:20.615461
5920	118	118	0.474	1	0:00:20.668005
5940	118	118	0.126	1	0:00:20.549723
5960	119	118	0.0702	0	0:00:20.600036
5980	119	-1	0.0	0	0:00:20.587201
6000	120	-1	0.0	0	0:00:20.608975
6020	120	120	0.297	1	0:00:20.575128
6040	120	120	0.664	1	0:00:20.694132
6060	121	121	0.684	1	0:00:20.630894
6080	121	121	0.636	1	0:00:20.662691
6100	122	122	0.348	1	0:00:20.643915
6120	122	122	0.574	1	0:00:20.625294
6140	122	122	0.0935	1	0:00:20.618888
6160	123	-1	0.0	0	0:00:20.636537
6180	123	123	0.576	1	0:00:20.600411
6200	124	124	0.64	1	0:00:20.595316
6220	124	-1	0.0	0	0:00:20.629982
6240	124	880	0.0289	0	0:00:20.634423
6260	125	-1	0.0	0	0:00:20.612990
6280	125	125	0.571	1	0:00:20.627823
6300	126	126	0.563	1	0:00:20.628333
6320	126	107	0.0715	0	0:00:20.607367
6340	126	107	0.399	0	0:00:20.624162
6360	127	127	0.269	1	0:00:20.612088
6380	127	-1	0.0	0	0:00:20.632211
6400	128	128	0.8	1	0:00:20.644182
6420	128	128	0.764	1	0:00:20.626752
6440	128	128	0.8	1	0:00:20.600006
6460	129	129	0.8	1	0:00:20.619713
6480	129	129	0.8	1	0:00:20.661879
6500	130	130	0.372	1	0:00:20.743867
6520	130	130	0.778	1	0:00:20.653861
6540	130	-1	0.0	0	0:00:20.656160
6560	131	-1	0.0	0	0:00:20.579528
6580	131	132	0.8	0	0:00:20.627276
6600	132	132	0.8	1	0:00:20.568469
6620	132	132	0.8	1	0:00:20.644733
6640	132	132	0.705	1	0:00:20.621022
6660	133	337	0.241	0	0:00:20.652970
6680	133	133	0.153	1	0:00:20.621037
6700	134	132	0.67	0	0:00:20.664228
6720	134	134	0.533	1	0:00:20.671936
6740	134	138	0.321	0	0:00:20.602984
6760	135	135	0.8	1	0:00:20.632357
6780	135	135	0.8	1	0:00:20.663389
6800	136	136	0.8	1	0:00:20.677824
6820	136	136	0.667	1	0:00:20.644719
6840	136	136	0.8	1	0:00:20.700864
6860	137	137	0.8	1	0:00:20.621893
6880	137	-1	0.0	0	0:00:20.654581
6900	138	138	0.68	1	0:00:20.653683
6920	138	138	0.8	1	0:00:20.702244
6940	138	138	0.338	1	0:00:20.682983
6960	139	139	0.8	1	0:00:20.716408
6980	139	139	0.464	1	0:00:20.624416
7000	140	140	0.8	1	0:00:20.656496
7020	140	-1	0.0	0	0:00:20.630256
7040	140	140	0.371	1	0:00:20.647315
7060	141	141	0.0052	1	0:00:20.688304
7080	141	141	0.434	1	0:00:20.649732
7100	142	142	0.735	1	0:00:20.634031
7120	142	142	0.8	1	0:00:20.677597
7140	142	142	0.8	1	0:00:20.650674
7160	143	-1	0.0	0	0:00:20.640497
7180	143	143	0.503	1	0:00:20.668833
7200	144	-1	0.0	0	0:00:20.646915
7220	144	144	0.634	1	0:00:20.655359
7240	144	144	0.59	1	0:00:20.681247
7260	145	145	0.8	1	0:00:20.572337
7280	145	145	0.604	1	0:00:20.659265
7300	146	-1	0.0	0	0:00:20.728291
7320	146	-1	0.0	0	0:00:20.651368
7340	146	146	0.8	1	0:00:20.563920
7360	147	147	0.503	1	0:00:20.601053
7380	147	147	0.56	1	0:00:20.633047
7400	148	148	0.8	1	0:00:20.706278
7420	148	148	0.705	1	0:00:20.601042
7440	148	148	0.8	1	0:00:20.622272
7460	149	149	0.8	1	0:00:20.654418
7480	149	149	0.8	1	0:00:20.613361
7500	150	-1	0.0	0	0:00:20.645457
7520	150	150	0.778	1	0:00:20.645014
7540	150	-1	0.0	0	0:00:20.650538
7560	151	151	0.556	1	0:00:20.618934
7580	151	245	0.0236	0	0:00:20.650419
7600	152	152	0.601	1	0:00:20.583971
7620	152	-1	0.0	0	0:00:20.715667
7640	152	155	0.304	0	0:00:20.579369
7660	153	153	0.577	1	0:00:20.637762
7680	153	153	0.182	1	0:00:20.675240
7700	154	259	0.117	0	0:00:20.638885
7720	154	154	0.728	1	0:00:20.685778
7740	154	154	0.525	1	0:00:20.632557
7760	155	204	0.167	0	0:00:20.654387
7780	155	155	0.508	1	0:00:20.659668
7800	156	156	0.8	1	0:00:20.665811
7820	156	156	0.8	1	0:00:20.676505
7840	156	156	0.607	1	0:00:20.623143
7860	157	157	0.252	1	0:00:20.647140
7880	157	157	0.318	1	0:00:20.596554
7900	158	158	0.108	1	0:00:20.635689
7920	158	195	0.664	0	0:00:20.650751
7940	158	237	0.173	0	0:00:20.586665
7960	159	159	0.372	1	0:00:20.606389
7980	159	159	0.411	1	0:00:20.672920
8000	160	160	0.778	1	0:00:20.592034
8020	160	-1	0.0	0	0:00:20.587952
8040	160	205	0.155	0	0:00:20.598706
8060	161	161	0.0745	1	0:00:20.605538
8080	161	166	0.278	0	0:00:20.575086
8100	162	162	0.8	1	0:00:20.648612
8120	162	162	0.275	1	0:00:20.578783
8140	162	162	0.778	1	0:00:20.660583
8160	163	234	0.15	0	0:00:20.670496
8180	163	281	0.175	0	0:00:20.644192
8200	164	217	0.00671	0	0:00:20.575397
8220	164	164	0.0891	1	0:00:20.685304
8240	164	164	0.8	1	0:00:20.664785
8260	165	-1	0.0	0	0:00:20.613891
8280	165	240	0.0649	0	0:00:20.627353
8300	166	162	0.753	0	0:00:20.569874
8320	166	162	0.565	0	0:00:20.613442
8340	166	162	0.249	0	0:00:20.596552
8360	167	171	0.046	0	0:00:20.607507
8380	167	166	0.673	0	0:00:20.618377
8400	168	-1	0.0	0	0:00:20.635512
8420	168	-1	0.0	0	0:00:20.626347
8440	168	168	0.0602	1	0:00:20.653837
8460	169	-1	0.0	0	0:00:20.614907
8480	169	169	0.607	1	0:00:20.613609
8500	170	176	0.0154	0	0:00:20.654580
8520	170	-1	0.0	0	0:00:20.609491
8540	170	192	0.036	0	0:00:20.601533
8560	171	173	0.404	0	0:00:20.636355
8580	171	-1	0.0	0	0:00:20.630870
8600	172	172	0.23	1	0:00:20.604109
8620	172	172	0.26	1	0:00:20.604146
8640	172	253	0.296	0	0:00:20.623981
8660	173	173	0.8	1	0:00:20.650173
8680	173	173	0.47	1	0:00:20.655102
8700	174	-1	0.0	0	0:00:20.626195
8720	174	250	0.198	0	0:00:20.651700
8740	174	174	0.644	1	0:00:20.594907
8760	175	208	0.00408	0	0:00:20.666127
8780	175	-1	0.0	0	0:00:20.607001
8800	176	176	0.623	1	0:00:20.674121
8820	176	-1	0.0	0	0:00:20.605586
8840	176	176	0.778	1	0:00:20.666800
8860	177	177	0.8	1	0:00:20.692059
8880	177	177	0.594	1	0:00:20.660928
8900	178	178	0.8	1	0:00:20.619167
8920	178	178	0.298	1	0:00:20.615386
8940	178	178	0.7	1	0:00:20.698843
8960	179	-1	0.0	0	0:00:20.659557
8980	179	179	0.254	1	0:00:20.615875
9000	180	180	0.0328	1	0:00:20.660107
9020	180	237	0.0915	0	0:00:20.662087
9040	180	-1	0.0	0	0:00:20.631577
9060	181	-1	0.0	0	0:00:20.644910
9080	181	-1	0.0	0	0:00:20.635034
9100	182	760	0.156	0	0:00:20.627143
9120	182	-1	0.0	0	0:00:20.584292
9140	182	-1	0.0	0	0:00:20.629283
9160	183	256	0.000439	0	0:00:20.642937
9180	183	183	0.29	1	0:00:20.585538
9200	184	229	0.0476	0	0:00:20.624371
9220	184	-1	0.0	0	0:00:20.618768
9240	184	184	0.425	1	0:00:20.634079
9260	185	185	0.691	1	0:00:20.663322
9280	185	185	0.743	1	0:00:20.608743
9300	186	151	0.036	0	0:00:20.618916
9320	186	186	0.129	1	0:00:20.648083
9340	186	182	0.0268	0	0:00:20.647865
9360	187	-1	0.0	0	0:00:20.650735
9380	187	-1	0.0	0	0:00:20.613205
9400	188	188	0.452	1	0:00:20.712954
9420	188	191	0.111	0	0:00:20.578873
9440	188	-1	0.0	0	0:00:20.639056
9460	189	189	0.565	1	0:00:20.667940
9480	189	189	0.8	1	0:00:20.641228
9500	190	190	0.8	1	0:00:20.592268
9520	190	190	0.289	1	0:00:20.651664
9540	190	190	0.632	1	0:00:20.640320
9560	191	191	0.615	1	0:00:20.602384
9580	191	191	0.8	1	0:00:20.671685
9600	192	199	0.116	0	0:00:20.636634
9620	192	192	0.0188	1	0:00:20.612348
9640	192	192	0.215	1	0:00:20.609452
9660	193	-1	0.0	0	0:00:20.583110
9680	193	193	0.148	1	0:00:20.626611
9700	194	194	0.0753	1	0:00:20.607243
9720	194	-1	0.0	0	0:00:20.643282
9740	194	-1	0.0	0	0:00:20.654125
9760	195	195	0.8	1	0:00:20.634432
9780	195	195	0.8	1	0:00:20.626914
9800	196	199	0.728	0	0:00:20.603995
9820	196	196	0.0193	1	0:00:20.612999
9840	196	198	0.8	0	0:00:20.608220
9860	197	199	0.11	0	0:00:20.642446
9880	197	-1	0.0	0	0:00:20.607052
9900	198	196	0.021	0	0:00:20.621317
9920	198	198	0.778	1	0:00:20.662875
9940	198	-1	0.0	0	0:00:20.604855
9960	199	203	0.8	0	0:00:20.671635
9980	199	199	0.8	1	0:00:20.612968
10000	200	160	0.0322	0	0:00:20.633839
10020	200	202	0.0413	0	0:00:20.632188
10040	200	155	0.0441	0	0:00:20.671266
10060	201	201	0.386	1	0:00:20.648479
10080	201	-1	0.0	0	0:00:20.569496
10100	202	202	0.0878	1	0:00:20.597796
10120	202	184	0.0452	0	0:00:20.569398
10140	202	-1	0.0	0	0:00:20.660310
10160	203	674	0.333	0	0:00:20.595235
10180	203	203	0.8	1	0:00:20.688862
10200	204	155	0.0754	0	0:00:20.584676
10220	204	153	0.141	0	0:00:20.576819
10240	204	155	0.556	0	0:00:20.641608
10260	205	205	0.0696	1	0:00:20.647417
10280	205	205	0.349	1	0:00:20.653011
10300	206	206	0.8	1	0:00:20.629457
10320	206	206	0.0425	1	0:00:20.604526
10340	206	206	0.24	1	0:00:20.663620
10360	207	207	0.221	1	0:00:20.644978
10380	207	207	0.388	1	0:00:20.600364
10400	208	208	0.735	1	0:00:20.620061
10420	208	208	0.106	1	0:00:20.611607
10440	208	205	0.0531	0	0:00:20.629499
10460	209	209	0.305	1	0:00:20.634360
10480	209	208	0.333	0	0:00:20.620440
10500	210	-1	0.0	0	0:00:20.616275
10520	210	215	0.0731	0	0:00:20.660120
10540	210	210	0.753	1	0:00:20.632548
10560	211	211	0.233	1	0:00:20.624597
10580	211	-1	0.0	0	0:00:20.593723
10600	212	198	0.0853	0	0:00:20.652635
10620	212	217	0.0231	0	0:00:20.631425
10640	212	212	0.8	1	0:00:20.614884
10660	213	213	0.664	1	0:00:20.628815
10680	213	555	0.204	0	0:00:20.625620
10700	214	214	0.0704	1	0:00:20.653469
10720	214	214	0.106	1	0:00:20.628989
10740	214	214	0.8	1	0:00:20.586975
10760	215	-1	0.0	0	0:00:20.613896
10780	215	216	0.17	0	0:00:20.612256
10800	216	216	0.256	1	0:00:20.715124
10820	216	216	0.8	1	0:00:20.662018
10840	216	216	0.184	1	0:00:20.625784
10860	217	217	0.753	1	0:00:20.602095
10880	217	217	0.8	1	0:00:20.618461
10900	218	218	0.8	1	0:00:20.630298
10920	218	218	0.691	1	0:00:20.695838
10940	218	218	0.764	1	0:00:20.611865
10960	219	219	0.281	1	0:00:20.616884
10980	219	217	0.104	0	0:00:20.611408
11000	220	220	0.193	1	0:00:20.612760
11020	220	219	0.778	0	0:00:20.631345
11040	220	220	0.294	1	0:00:20.642466
11060	221	206	0.0503	0	0:00:20.588757
11080	221	256	0.0858	0	0:00:20.629477
11100	222	-1	0.0	0	0:00:20.621445
11120	222	-1	0.0	0	0:00:20.646360
11140	222	222	0.0999	1	0:00:20.689500
11160	223	223	0.45	1	0:00:20.621519
11180	223	224	0.173	0	0:00:20.680359
11200	224	-1	0.0	0	0:00:20.640857
11220	224	224	0.735	1	0:00:20.656869
11240	224	224	0.522	1	0:00:20.593248
11260	225	225	0.412	1	0:00:20.655861
11280	225	225	0.8	1	0:00:20.639038
11300	226	226	0.0207	1	0:00:20.613616
11320	226	226	0.264	1	0:00:20.607404
11340	226	233	0.285	0	0:00:20.592117
11360	227	227	0.68	1	0:00:20.661201
11380	227	227	0.559	1	0:00:20.605245
11400	228	228	0.764	1	0:00:20.637988
11420	228	228	0.8	1	0:00:20.631176
11440	228	228	0.8	1	0:00:20.624795
11460	229	229	0.595	1	0:00:20.586384
11480	229	229	0.8	1	0:00:20.616356
11500	230	230	0.438	1	0:00:20.646154
11520	230	231	0.09	0	0:00:20.680311
11540	230	230	0.743	1	0:00:20.632294
11560	231	230	0.753	0	0:00:20.652224
11580	231	231	0.616	1	0:00:20.584200
11600	232	232	0.656	1	0:00:20.678676
11620	232	232	0.0651	1	0:00:20.654283
11640	232	232	0.159	1	0:00:20.690187
11660	233	-1	0.0	0	0:00:20.651004
11680	233	-1	0.0	0	0:00:20.650903
11700	234	214	0.169	0	0:00:20.652331
11720	234	234	0.753	1	0:00:20.558039
11740	234	234	0.8	1	0:00:20.600441
11760	235	235	0.764	1	0:00:20.647720
11780	235	235	0.206	1	0:00:20.649186
11800	236	-1	0.0	0	0:00:20.657920
11820	236	236	0.728	1	0:00:20.617761
11840	236	234	0.272	0	0:00:20.692141
11860	237	237	0.362	1	0:00:20.645108
11880	237	237	0.00765	1	0:00:20.665961
11900	238	241	0.374	0	0:00:20.637364
11920	238	-1	0.0	0	0:00:20.685620
11940	238	-1	0.0	0	0:00:20.609703
11960	239	217	0.662	0	0:00:20.599145
11980	239	-1	0.0	0	0:00:20.612740
12000	240	238	0.753	0	0:00:20.619544
12020	240	238	0.0571	0	0:00:20.681117
12040	240	241	0.441	0	0:00:20.659409
12060	241	240	0.557	0	0:00:20.649971
12080	241	240	0.0844	0	0:00:20.619087
12100	242	242	0.155	1	0:00:20.612598
12120	242	159	0.0681	0	0:00:20.586169
12140	242	180	0.263	0	0:00:20.620514
12160	243	243	0.551	1	0:00:20.666176
12180	243	243	0.478	1	0:00:20.627608
12200	244	244	0.8	1	0:00:20.630026
12220	244	244	0.667	1	0:00:20.632094
12240	244	244	0.8	1	0:00:20.595680
12260	245	245	0.662	1	0:00:20.583339
12280	245	245	0.715	1	0:00:20.576804
12300	246	-1	0.0	0	0:00:20.622598
12320	246	246	0.241	1	0:00:20.651776
12340	246	-1	0.0	0	0:00:20.667824
12360	247	247	0.0857	1	0:00:20.685257
12380	247	247	0.0107	1	0:00:20.634127
12400	248	248	0.354	1	0:00:20.665737
12420	248	248	0.151	1	0:00:20.654340
12440	248	248	0.743	1	0:00:20.660707
12460	249	-1	0.0	0	0:00:20.645250
12480	249	249	0.0968	1	0:00:20.625902
12500	250	250	0.0084	1	0:00:20.630071
12520	250	250	0.0724	1	0:00:20.705751
12540	250	248	0.728	0	0:00:20.589900
12560	251	251	0.8	1	0:00:20.638831
12580	251	251	0.743	1	0:00:20.679428
12600	252	252	0.105	1	0:00:20.647796
12620	252	233	0.317	0	0:00:20.701752
12640	252	252	0.116	1	0:00:20.622355
12660	253	253	0.735	1	0:00:20.643904
12680	253	253	0.112	1	0:00:20.676164
12700	254	254	0.101	1	0:00:20.681535
12720	254	254	0.8	1	0:00:20.637275
12740	254	254	0.647	1	0:00:20.697684
12760	255	255	0.8	1	0:00:20.701973
12780	255	255	0.743	1	0:00:20.633072
12800	256	256	0.721	1	0:00:20.621982
12820	256	256	0.427	1	0:00:20.612128
12840	256	256	0.753	1	0:00:20.653902
12860	257	257	0.0458	1	0:00:20.641957
12880	257	257	0.405	1	0:00:20.688218
12900	258	-1	0.0	0	0:00:20.634996
12920	258	-1	0.0	0	0:00:20.638894
12940	258	258	0.0868	1	0:00:20.630331
12960	259	259	0.438	1	0:00:20.671570
12980	259	259	0.8	1	0:00:20.639181
13000	260	260	0.194	1	0:00:20.659092
13020	260	260	0.8	1	0:00:20.630248
13040	260	-1	0.0	0	0:00:20.660955
13060	261	-1	0.0	0	0:00:20.675146
13080	261	261	0.353	1	0:00:20.636177
13100	262	262	0.778	1	0:00:20.692569
13120	262	262	0.618	1	0:00:20.626579
13140	262	-1	0.0	0	0:00:20.626581
13160	263	151	0.0225	0	0:00:20.711169
13180	263	264	0.4	0	0:00:20.637719
13200	264	264	0.525	1	0:00:20.681547
13220	264	264	0.268	1	0:00:20.634346
13240	264	264	0.367	1	0:00:20.653022
13260	265	266	0.58	0	0:00:20.648107
13280	265	-1	0.0	0	0:00:20.655469
13300	266	265	0.479	0	0:00:20.652538
13320	266	203	0.129	0	0:00:20.656007
13340	266	-1	0.0	0	0:00:20.677274
13360	267	267	0.149	1	0:00:20.652414
13380	267	267	0.432	1	0:00:20.618433
13400	268	268	0.8	1	0:00:20.645801
13420	268	268	0.201	1	0:00:20.600485
13440	268	268	0.659	1	0:00:20.630020
13460	269	272	0.572	0	0:00:20.667693
13480	269	249	0.0312	0	0:00:20.622521
13500	270	270	0.545	1	0:00:20.633426
13520	270	270	0.274	1	0:00:20.690436
13540	270	258	0.0727	0	0:00:20.647902
13560	271	271	0.764	1	0:00:20.665269
13580	271	271	0.131	1	0:00:20.642599
13600	272	277	0.346	0	0:00:20.640651
13620	272	272	0.8	1	0:00:20.637371
13640	272	272	0.195	1	0:00:20.657304
13660	273	273	0.374	1	0:00:20.593344
13680	273	273	0.673	1	0:00:20.661889
13700	274	274	0.7	1	0:00:20.656700
13720	274	274	0.142	1	0:00:20.627914
13740	274	272	0.334	0	0:00:20.651908
13760	275	275	0.8	1	0:00:20.659303
13780	275	275	0.8	1	0:00:20.697464
13800	276	276	0.8	1	0:00:20.703664
13820	276	276	0.691	1	0:00:20.622331
13840	276	276	0.133	1	0:00:20.705840
13860	277	277	0.778	1	0:00:20.685407
13880	277	277	0.372	1	0:00:20.636454
13900	278	278	0.625	1	0:00:20.598903
13920	278	-1	0.0	0	0:00:20.678931
13940	278	277	0.067	0	0:00:20.668185
13960	279	279	0.0288	1	0:00:20.596684
13980	279	258	0.181	0	0:00:20.694565
14000	280	280	0.428	1	0:00:20.659989
14020	280	280	0.589	1	0:00:20.622830
14040	280	280	0.71	1	0:00:20.659020
14060	281	281	0.753	1	0:00:20.655935
14080	281	281	0.229	1	0:00:20.641754
14100	282	282	0.131	1	0:00:20.670600
14120	282	292	0.405	0	0:00:20.660764
14140	282	282	0.346	1	0:00:20.612618
14160	283	-1	0.0	0	0:00:20.555393
14180	283	283	0.62	1	0:00:20.650995
14200	284	284	0.8	1	0:00:20.602045
14220	284	285	0.649	0	0:00:20.613510
14240	284	284	0.8	1	0:00:20.669110
14260	285	285	0.00382	1	0:00:20.607274
14280	285	285	0.22	1	0:00:20.643182
14300	286	286	0.8	1	0:00:20.678484
14320	286	286	0.728	1	0:00:20.658819
14340	286	500	0.421	0	0:00:20.677039
14360	287	287	0.8	1	0:00:20.636396
14380	287	293	0.531	0	0:00:20.672446
14400	288	290	0.0214	0	0:00:20.630172
14420	288	290	0.307	0	0:00:20.647714
14440	288	288	0.8	1	0:00:20.658762
14460	289	289	0.161	1	0:00:20.623313
14480	289	289	0.476	1	0:00:20.690053
14500	290	290	0.728	1	0:00:20.628064
14520	290	290	0.246	1	0:00:20.625255
14540	290	290	0.8	1	0:00:20.655105
14560	291	-1	0.0	0	0:00:20.713042
14580	291	291	0.8	1	0:00:20.622639
14600	292	288	0.541	0	0:00:20.629302
14620	292	292	0.355	1	0:00:20.632423
14640	292	292	0.8	1	0:00:20.637615
14660	293	293	0.8	1	0:00:20.635350
14680	293	293	0.8	1	0:00:20.637522
14700	294	294	0.715	1	0:00:20.631867
14720	294	294	0.696	1	0:00:20.652190
14740	294	294	0.696	1	0:00:20.688842
14760	295	295	0.753	1	0:00:20.651787
14780	295	295	0.8	1	0:00:20.624614
14800	296	296	0.403	1	0:00:20.656582
14820	296	296	0.8	1	0:00:20.616317
14840	296	-1	0.0	0	0:00:20.608871
14860	297	297	0.157	1	0:00:20.636585
14880	297	297	0.8	1	0:00:20.667960
14900	298	353	0.0322	0	0:00:20.683897
14920	298	298	0.547	1	0:00:20.636448
14940	298	-1	0.0	0	0:00:20.675665
14960	299	299	0.392	1	0:00:20.596493
14980	299	-1	0.0	0	0:00:20.650421
15000	300	300	0.8	1	0:00:20.641588
15020	300	300	0.0206	1	0:00:20.576804
15040	300	-1	0.0	0	0:00:20.687496
15060	301	301	0.8	1	0:00:20.614386
15080	301	301	0.615	1	0:00:20.663524
15100	302	302	0.522	1	0:00:20.693666
15120	302	300	0.728	0	0:00:20.614921
15140	302	308	0.597	0	0:00:20.610178
15160	303	-1	0.0	0	0:00:20.673208
15180	303	303	0.664	1	0:00:20.661426
15200	304	989	0.0821	0	0:00:20.650142
15220	304	304	0.572	1	0:00:20.680794
15240	304	303	0.392	0	0:00:20.614605
15260	305	305	0.618	1	0:00:20.593090
15280	305	305	0.373	1	0:00:20.645064
15300	306	306	0.14	1	0:00:20.661077
15320	306	306	0.307	1	0:00:20.603893
15340	306	306	0.753	1	0:00:20.569345
15360	307	307	0.8	1	0:00:20.592043
15380	307	-1	0.0	0	0:00:20.612696
15400	308	308	0.705	1	0:00:20.621405
15420	308	308	0.8	1	0:00:20.648721
15440	308	308	0.68	1	0:00:20.596680
15460	309	308	0.198	0	0:00:20.677698
15480	309	309	0.8	1	0:00:20.655711
15500	310	310	0.8	1	0:00:20.671749
15520	310	310	0.599	1	0:00:20.675503
15540	310	310	0.309	1	0:00:20.623952
15560	311	311	0.0146	1	0:00:20.712275
15580	311	312	0.129	0	0:00:20.604686
15600	312	428	0.0404	0	0:00:20.593711
15620	312	311	0.181	0	0:00:20.621615
15640	312	311	0.272	0	0:00:20.667336
15660	313	313	0.591	1	0:00:20.617422
15680	313	313	0.112	1	0:00:20.654914
15700	314	314	0.0454	1	0:00:20.656851
15720	314	312	0.124	0	0:00:20.638585
15740	314	314	0.559	1	0:00:20.619621
15760	315	945	0.0664	0	0:00:20.652644
15780	315	-1	0.0	0	0:00:20.666181
15800	316	316	0.8	1	0:00:20.601906
15820	316	316	0.8	1	0:00:20.681013
15840	316	-1	0.0	0	0:00:20.643656
15860	317	317	0.8	1	0:00:20.566290
15880	317	317	0.8	1	0:00:20.603977
15900	318	318	0.302	1	0:00:20.636420
15920	318	318	0.28	1	0:00:20.580361
15940	318	318	0.336	1	0:00:20.611431
15960	319	-1	0.0	0	0:00:20.660630
15980	319	319	0.715	1	0:00:20.598946
16000	320	320	0.753	1	0:00:20.661103
16020	320	320	0.8	1	0:00:20.669229
16040	320	319	0.123	0	0:00:20.632630
16060	321	321	0.181	1	0:00:20.657490
16080	321	321	0.8	1	0:00:20.607268
16100	322	322	0.344	1	0:00:20.663465
16120	322	322	0.8	1	0:00:20.637839
16140	322	-1	0.0	0	0:00:20.662213
16160	323	323	0.8	1	0:00:20.710806
16180	323	323	0.8	1	0:00:20.650801
16200	324	324	0.8	1	0:00:20.698864
16220	324	985	0.0516	0	0:00:20.582642
16240	324	324	0.778	1	0:00:20.638859
16260	325	325	0.8	1	0:00:20.586685
16280	325	325	0.461	1	0:00:20.658293
16300	326	326	0.7	1	0:00:20.598911
16320	326	326	0.376	1	0:00:20.642168
16340	326	326	0.728	1	0:00:20.589836
16360	327	327	0.8	1	0:00:20.654057
16380	327	327	0.8	1	0:00:20.696020
16400	328	328	0.541	1	0:00:20.722598
16420	328	328	0.8	1	0:00:20.665076
16440	328	-1	0.0	0	0:00:20.612711
16460	329	-1	0.0	0	0:00:20.625032
16480	329	390	0.292	0	0:00:20.619185
16500	330	330	0.234	1	0:00:20.663598
16520	330	330	0.487	1	0:00:20.705230
16540	330	330	0.0359	1	0:00:20.666191
16560	331	331	0.8	1	0:00:20.656846
16580	331	331	0.8	1	0:00:20.612440
16600	332	332	0.112	1	0:00:20.633302
16620	332	332	0.436	1	0:00:20.584436
16640	332	332	0.429	1	0:00:20.582815
16660	333	333	0.8	1	0:00:20.626810
16680	333	333	0.492	1	0:00:20.644465
16700	334	334	0.753	1	0:00:20.635313
16720	334	334	0.778	1	0:00:20.591293
16740	334	334	0.351	1	0:00:20.691556
16760	335	-1	0.0	0	0:00:20.598021
16780	335	335	0.551	1	0:00:20.661018
16800	336	336	0.5	1	0:00:20.689035
16820	336	336	0.571	1	0:00:20.645820
16840	336	336	0.68	1	0:00:20.684303
16860	337	337	0.334	1	0:00:20.659124
16880	337	337	0.8	1	0:00:20.600538
16900	338	457	0.107	0	0:00:20.674597
16920	338	338	0.68	1	0:00:20.622079
16940	338	338	0.373	1	0:00:20.673203
16960	339	339	0.8	1	0:00:20.651138
16980	339	339	0.696	1	0:00:20.640320
17000	340	340	0.8	1	0:00:20.663346
17020	340	340	0.8	1	0:00:20.624542
17040	340	340	0.8	1	0:00:20.674246
17060	341	341	0.8	1	0:00:20.628704
17080	341	341	0.418	1	0:00:20.712430
17100	342	272	0.129	0	0:00:20.573033
17120	342	342	0.29	1	0:00:20.572073
17140	342	342	0.778	1	0:00:20.665958
17160	343	343	0.389	1	0:00:20.614539
17180	343	343	0.365	1	0:00:20.612634
17200	344	344	0.338	1	0:00:20.640247
17220	344	879	0.0913	0	0:00:20.684363
17240	344	-1	0.0	0	0:00:20.624785
17260	345	690	0.206	0	0:00:20.657046
17280	345	345	0.252	1	0:00:20.644748
17300	346	-1	0.0	0	0:00:20.691944
17320	346	346	0.381	1	0:00:20.667447
17340	346	346	0.8	1	0:00:20.602444
17360	347	-1	0.0	0	0:00:20.603023
17380	347	347	0.8	1	0:00:20.578729
17400	348	348	0.705	1	0:00:20.633341
17420	348	341	0.262	0	0:00:20.614389
17440	348	349	0.513	0	0:00:20.702068
17460	349	349	0.0424	1	0:00:20.659280
17480	349	349	0.696	1	0:00:20.596573
17500	350	350	0.8	1	0:00:20.635588
17520	350	350	0.8	1	0:00:20.640716
17540	350	350	0.495	1	0:00:20.665590
17560	351	351	0.116	1	0:00:20.637288
17580	351	351	0.8	1	0:00:20.665249
17600	352	352	0.281	1	0:00:20.694394
17620	352	352	0.186	1	0:00:20.652841
17640	352	352	0.348	1	0:00:20.648875
17660	353	96	0.122	0	0:00:20.588728
17680	353	352	0.0467	0	0:00:20.643852
17700	354	354	0.493	1	0:00:20.632169
17720	354	354	0.705	1	0:00:20.665135
17740	354	354	0.182	1	0:00:20.630046
17760	355	355	0.8	1	0:00:20.646328
17780	355	355	0.8	1	0:00:20.653614
17800	356	-1	0.0	0	0:00:20.645526
17820	356	360	0.8	0	0:00:20.670307
17840	356	362	0.8	0	0:00:20.633479
17860	357	-1	0.0	0	0:00:20.745994
17880	357	-1	0.0	0	0:00:20.591969
17900	358	359	0.201	0	0:00:20.615069
17920	358	356	0.482	0	0:00:20.595340
17940	358	358	0.401	1	0:00:20.672099
17960	359	359	0.5	1	0:00:20.635687
17980	359	359	0.377	1	0:00:20.642461
18000	360	360	0.229	1	0:00:20.617425
18020	360	360	0.0677	1	0:00:20.619963
18040	360	357	0.0698	0	0:00:20.605192
18060	361	361	0.428	1	0:00:20.584390
18080	361	361	0.186	1	0:00:20.602480
18100	362	362	0.8	1	0:00:20.585240
18120	362	362	0.0209	1	0:00:20.630067
18140	362	362	0.8	1	0:00:20.620072
18160	363	363	0.8	1	0:00:20.586218
18180	363	363	0.8	1	0:00:20.612638
18200	364	364	0.118	1	0:00:20.628390
18220	364	364	0.1	1	0:00:20.678329
18240	364	364	0.8	1	0:00:20.619167
18260	365	365	0.8	1	0:00:20.633334
18280	365	365	0.778	1	0:00:20.562296
18300	366	366	0.283	1	0:00:20.656082
18320	366	366	0.764	1	0:00:20.583518
18340	366	366	0.764	1	0:00:20.584334
18360	367	367	0.673	1	0:00:20.730912
18380	367	-1	0.0	0	0:00:20.626006
18400	368	368	0.601	1	0:00:20.606813
18420	368	368	0.125	1	0:00:20.691791
18440	368	368	0.3	1	0:00:20.608694
18460	369	-1	0.0	0	0:00:20.652319
18480	369	369	0.264	1	0:00:20.566814
18500	370	370	0.654	1	0:00:20.604519
18520	370	-1	0.0	0	0:00:20.635160
18540	370	370	0.13	1	0:00:20.583345
18560	371	372	0.632	0	0:00:20.668055
18580	371	274	0.165	0	0:00:20.647491
18600	372	372	0.474	1	0:00:20.594994
18620	372	372	0.168	1	0:00:20.635778
18640	372	372	0.68	1	0:00:20.630829
18660	373	373	0.533	1	0:00:20.621424
18680	373	373	0.444	1	0:00:20.693779
18700	374	367	0.369	0	0:00:20.605611
18720	374	299	0.344	0	0:00:20.600437
18740	374	382	0.148	0	0:00:20.609481
18760	375	375	0.642	1	0:00:20.637156
18780	375	375	0.337	1	0:00:20.688401
18800	376	376	0.268	1	0:00:20.604698
18820	376	376	0.33	1	0:00:20.659824
18840	376	376	0.753	1	0:00:20.624398
18860	377	377	0.5	1	0:00:20.605330
18880	377	382	0.606	0	0:00:20.638793
18900	378	-1	0.0	0	0:00:20.593591
18920	378	379	0.00822	0	0:00:20.611552
18940	378	378	0.455	1	0:00:20.628058
18960	379	380	0.122	0	0:00:20.592754
18980	379	379	0.315	1	0:00:20.628704
19000	380	380	0.588	1	0:00:20.614630
19020	380	380	0.7	1	0:00:20.643932
19040	380	377	0.0769	0	0:00:20.633870
19060	381	381	0.0668	1	0:00:20.591952
19080	381	-1	0.0	0	0:00:20.615178
19100	382	382	0.8	1	0:00:20.634377
19120	382	382	0.466	1	0:00:20.598219
19140	382	-1	0.0	0	0:00:20.630972
19160	383	383	0.8	1	0:00:20.620340
19180	383	383	0.4	1	0:00:20.606986
19200	384	384	0.27	1	0:00:20.596871
19220	384	384	0.8	1	0:00:20.573208
19240	384	384	0.589	1	0:00:20.623039
19260	385	385	0.533	1	0:00:20.575648
19280	385	385	0.262	1	0:00:20.659810
19300	386	386	0.412	1	0:00:20.577612
19320	386	101	0.529	0	0:00:20.582739
19340	386	386	0.162	1	0:00:20.619322
19360	387	387	0.8	1	0:00:20.594616
19380	387	387	0.372	1	0:00:20.547078
19400	388	388	0.417	1	0:00:20.593656
19420	388	388	0.728	1	0:00:20.606180
19440	388	-1	0.0	0	0:00:20.670913
19460	389	395	0.735	0	0:00:20.650913
19480	389	0	0.226	0	0:00:20.606150
19500	390	390	0.647	1	0:00:20.564360
19520	390	390	0.8	1	0:00:20.626853
19540	390	6	0.267	0	0:00:20.578405
19560	391	391	0.238	1	0:00:20.640406
19580	391	391	0.327	1	0:00:20.625664
19600	392	397	0.546	0	0:00:20.623892
19620	392	392	0.8	1	0:00:20.558087
19640	392	392	0.8	1	0:00:20.644726
19660	393	-1	0.0	0	0:00:20.660243
19680	393	393	0.8	1	0:00:20.579180
19700	394	-1	0.0	0	0:00:20.611234
19720	394	103	0.252	0	0:00:20.681738
19740	394	149	0.0234	0	0:00:20.678895
19760	395	395	0.527	1	0:00:20.591136
19780	395	-1	0.0	0	0:00:20.622460
19800	396	396	0.8	1	0:00:20.672813
19820	396	396	0.8	1	0:00:20.669746
19840	396	396	0.8	1	0:00:20.641054
19860	397	1	0.35	0	0:00:20.685616
19880	397	397	0.8	1	0:00:20.770013
19900	398	398	0.7	1	0:00:20.597606
19920	398	398	0.764	1	0:00:20.612114
19940	398	845	0.288	0	0:00:20.527411
19960	399	-1	0.0	0	0:00:20.607970
19980	399	869	0.102	0	0:00:20.636742
20000	400	400	0.258	1	0:00:20.633402
20020	400	667	0.0271	0	0:00:20.630959
20040	400	667	0.628	0	0:00:20.582793
20060	401	401	0.753	1	0:00:20.616456
20080	401	401	0.166	1	0:00:20.679116
20100	402	420	0.363	0	0:00:20.610242
20120	402	-1	0.0	0	0:00:20.681762
20140	402	546	0.158	0	0:00:20.629290
20160	403	403	0.764	1	0:00:20.577830
20180	403	403	0.586	1	0:00:20.618386
20200	404	404	0.8	1	0:00:20.600855
20220	404	404	0.8	1	0:00:20.550378
20240	404	404	0.154	1	0:00:20.585602
20260	405	405	0.8	1	0:00:20.626718
20280	405	405	0.8	1	0:00:20.713556
20300	406	406	0.8	1	0:00:20.678326
20320	406	857	0.26	0	0:00:20.597244
20340	406	406	0.582	1	0:00:20.621413
20360	407	407	0.8	1	0:00:20.584229
20380	407	407	0.8	1	0:00:20.668169
20400	408	847	0.506	0	0:00:20.610256
20420	408	408	0.778	1	0:00:20.624797
20440	408	408	0.497	1	0:00:20.609568
20460	409	409	0.422	1	0:00:20.664828
20480	409	409	0.64	1	0:00:20.607337
20500	410	-1	0.0	0	0:00:20.618552
20520	410	-1	0.0	0	0:00:20.639677
20540	410	410	0.382	1	0:00:20.654745
20560	411	411	0.491	1	0:00:20.641072
20580	411	-1	0.0	0	0:00:20.588914
20600	412	412	0.116	1	0:00:20.612819
20620	412	412	0.416	1	0:00:20.661644
20640	412	412	0.476	1	0:00:20.664657
20660	413	413	0.385	1	0:00:20.683528
20680	413	-1	0.0	0	0:00:20.648412
20700	414	414	0.454	1	0:00:20.644731
20720	414	-1	0.0	0	0:00:20.636076
20740	414	414	0.208	1	0:00:20.646074
20760	415	857	0.219	0	0:00:20.700551
20780	415	415	0.0114	1	0:00:20.630380
20800	416	416	0.8	1	0:00:20.602039
20820	416	416	0.8	1	0:00:20.656298
20840	416	416	0.445	1	0:00:20.679765
20860	417	417	0.8	1	0:00:20.596106
20880	417	417	0.7	1	0:00:20.648655
20900	418	563	0.0779	0	0:00:20.632677
20920	418	418	0.136	1	0:00:20.636293
20940	418	542	0.625	0	0:00:20.579023
20960	419	-1	0.0	0	0:00:20.570743
20980	419	-1	0.0	0	0:00:20.574638
21000	420	420	0.421	1	0:00:20.652908
21020	420	-1	0.0	0	0:00:20.699001
21040	420	-1	0.0	0	0:00:20.576607
21060	421	421	0.8	1	0:00:20.652457
21080	421	421	0.338	1	0:00:20.628397
21100	422	543	0.615	0	0:00:20.626343
21120	422	422	0.543	1	0:00:20.605540
21140	422	422	0.764	1	0:00:20.651965
21160	423	423	0.462	1	0:00:20.654035
21180	423	424	0.0193	0	0:00:20.592426
21200	424	424	0.0155	1	0:00:20.630417
21220	424	424	0.0793	1	0:00:20.632835
21240	424	-1	0.0	0	0:00:20.576065
21260	425	-1	0.0	0	0:00:20.639843
21280	425	-1	0.0	0	0:00:20.655703
21300	426	426	0.8	1	0:00:20.648706
21320	426	426	0.764	1	0:00:20.662648
21340	426	426	0.8	1	0:00:20.628591
21360	427	427	0.8	1	0:00:20.612976
21380	427	885	0.131	0	0:00:20.614618
21400	428	428	0.8	1	0:00:20.641739
21420	428	428	0.25	1	0:00:20.634951
21440	428	-1	0.0	0	0:00:20.623156
21460	429	429	0.8	1	0:00:20.627594
21480	429	429	0.8	1	0:00:20.583021
21500	430	430	0.0123	1	0:00:20.585513
21520	430	430	0.384	1	0:00:20.601179
21540	430	560	0.0116	0	0:00:20.600837
21560	431	431	0.483	1	0:00:20.606879
21580	431	431	0.0224	1	0:00:20.629600
21600	432	432	0.338	1	0:00:20.673660
21620	432	432	0.8	1	0:00:20.602643
21640	432	513	0.109	0	0:00:20.618019
21660	433	433	0.8	1	0:00:20.636370
21680	433	433	0.8	1	0:00:20.619602
21700	434	434	0.121	1	0:00:20.612694
21720	434	-1	0.0	0	0:00:20.680729
21740	434	419	0.232	0	0:00:20.622495
21760	435	435	0.446	1	0:00:20.638240
21780	435	876	0.125	0	0:00:20.623490
21800	436	436	0.684	1	0:00:20.626828
21820	436	436	0.62	1	0:00:20.605795
21840	436	436	0.273	1	0:00:20.595542
21860	437	980	0.0411	0	0:00:20.623998
21880	437	833	0.8	0	0:00:20.629894
21900	438	438	0.449	1	0:00:20.626408
21920	438	845	0.258	0	0:00:20.634610
21940	438	-1	0.0	0	0:00:20.576636
21960	439	439	0.8	1	0:00:20.664463
21980	439	541	0.8	0	0:00:20.685162
22000	440	440	0.0587	1	0:00:20.575516
22020	440	440	0.173	1	0:00:20.587284
22040	440	440	0.8	1	0:00:20.609135
22060	441	441	0.8	1	0:00:20.586442
22080	441	441	0.8	1	0:00:20.622622
22100	442	442	0.258	1	0:00:20.617785
22120	442	497	0.527	0	0:00:20.610716
22140	442	-1	0.0	0	0:00:20.598230
22160	443	692	0.108	0	0:00:20.676073
22180	443	443	0.302	1	0:00:20.682411
22200	444	879	0.0456	0	0:00:20.627765
22220	444	444	0.597	1	0:00:20.681213
22240	444	444	0.764	1	0:00:20.630287
22260	445	445	0.369	1	0:00:20.669859
22280	445	445	0.337	1	0:00:20.670828
22300	446	446	0.623	1	0:00:20.622515
22320	446	-1	0.0	0	0:00:20.558702
22340	446	478	0.8	0	0:00:20.627605
22360	447	447	0.753	1	0:00:20.706478
22380	447	-1	0.0	0	0:00:20.614335
22400	448	448	0.183	1	0:00:20.619041
22420	448	448	0.8	1	0:00:20.653824
22440	448	448	0.8	1	0:00:20.601136
22460	449	449	0.778	1	0:00:20.679245
22480	449	449	0.317	1	0:00:20.598190
22500	450	450	0.0474	1	0:00:20.581975
22520	450	450	0.8	1	0:00:20.532417
22540	450	450	0.62	1	0:00:20.613193
22560	451	-1	0.0	0	0:00:20.619465
22580	451	451	0.735	1	0:00:20.644724
22600	452	452	0.715	1	0:00:20.624346
22620	452	-1	0.0	0	0:00:20.613739
22640	452	-1	0.0	0	0:00:20.648237
22660	453	453	0.8	1	0:00:20.679743
22680	453	453	0.764	1	0:00:20.602848
22700	454	454	0.735	1	0:00:20.667892
22720	454	454	0.58	1	0:00:20.609177
22740	454	-1	0.0	0	0:00:20.583398
22760	455	455	0.8	1	0:00:20.643867
22780	455	611	0.445	0	0:00:20.654219
22800	456	522	0.116	0	0:00:20.645795
22820	456	456	0.8	1	0:00:20.678514
22840	456	-1	0.0	0	0:00:20.649343
22860	457	457	0.8	1	0:00:20.598438
22880	457	515	0.531	0	0:00:20.653336
22900	458	458	0.219	1	0:00:20.600414
22920	458	458	0.8	1	0:00:20.620550
22940	458	458	0.8	1	0:00:20.697904
22960	459	445	0.8	0	0:00:20.648999
22980	459	459	0.753	1	0:00:20.610010
23000	460	980	0.0811	0	0:00:20.594711
23020	460	833	0.00916	0	0:00:20.551420
23040	460	460	0.204	1	0:00:20.612433
23060	461	643	0.126	0	0:00:20.697043
23080	461	787	0.576	0	0:00:20.587523
23100	462	462	0.381	1	0:00:20.657305
23120	462	462	0.0825	1	0:00:20.621746
23140	462	462	0.715	1	0:00:20.638466
23160	463	463	0.438	1	0:00:20.635656
23180	463	463	0.354	1	0:00:20.684635
23200	464	-1	0.0	0	0:00:20.590832
23220	464	-1	0.0	0	0:00:20.601560
23240	464	464	0.764	1	0:00:20.698009
23260	465	610	0.151	0	0:00:20.584915
23280	465	-1	0.0	0	0:00:20.647840
23300	466	466	0.64	1	0:00:20.611665
23320	466	466	0.468	1	0:00:20.731391
23340	466	466	0.368	1	0:00:20.656773
23360	467	467	0.48	1	0:00:20.654778
23380	467	467	0.313	1	0:00:20.641256
23400	468	468	0.8	1	0:00:20.644069
23420	468	468	0.8	1	0:00:20.627058
23440	468	609	0.338	0	0:00:20.598330
23460	469	469	0.8	1	0:00:20.597738
23480	469	910	0.0654	0	0:00:20.640152
23500	470	-1	0.0	0	0:00:20.665104
23520	470	470	0.236	1	0:00:20.585421
23540	470	692	0.111	0	0:00:20.668240
23560	471	517	0.16	0	0:00:20.641003
23580	471	586	0.328	0	0:00:20.613011
23600	472	472	0.778	1	0:00:20.647115
23620	472	472	0.581	1	0:00:20.604728
23640	472	472	0.497	1	0:00:20.621884
23660	473	473	0.8	1	0:00:20.642448
23680	473	464	0.0286	0	0:00:20.621617
23700	474	735	0.236	0	0:00:20.588843
23720	474	474	0.596	1	0:00:20.621276
23740	474	-1	0.0	0	0:00:20.603515
23760	475	-1	0.0	0	0:00:20.621879
23780	475	475	0.8	1	0:00:20.612079
23800	476	476	0.494	1	0:00:20.623080
23820	476	476	0.8	1	0:00:20.638494
23840	476	476	0.573	1	0:00:20.583813
23860	477	477	0.583	1	0:00:20.634693
23880	477	477	0.114	1	0:00:20.609831
23900	478	478	0.8	1	0:00:20.555103
23920	478	478	0.135	1	0:00:20.634527
23940	478	792	0.0473	0	0:00:20.598022
23960	479	751	0.16	0	0:00:20.617726
23980	479	581	0.0385	0	0:00:20.634287
24000	480	-1	0.0	0	0:00:20.642560
24020	480	480	0.191	1	0:00:20.646335
24040	480	475	0.00295	0	0:00:20.612023
24060	481	481	0.0787	1	0:00:20.618071
24080	481	881	0.159	0	0:00:20.591284
24100	482	-1	0.0	0	0:00:20.635643
24120	482	482	0.202	1	0:00:20.673891
24140	482	848	0.241	0	0:00:20.711784
24160	483	483	0.67	1	0:00:20.635296
24180	483	698	0.52	0	0:00:20.617422
24200	484	871	0.638	0	0:00:20.611487
24220	484	484	0.325	1	0:00:20.626329
24240	484	-1	0.0	0	0:00:20.572066
24260	485	632	0.292	0	0:00:20.538623
24280	485	485	0.433	1	0:00:20.613795
24300	486	486	0.234	1	0:00:20.578633
24320	486	486	0.8	1	0:00:20.631042
24340	486	513	0.0146	0	0:00:20.663144
24360	487	487	0.638	1	0:00:20.587867
24380	487	487	0.8	1	0:00:20.671998
24400	488	488	0.211	1	0:00:20.625225
24420	488	488	0.8	1	0:00:20.604596
24440	488	839	0.145	0	0:00:20.594263
24460	489	489	0.8	1	0:00:20.626543
24480	489	489	0.0222	1	0:00:20.644594
24500	490	490	0.64	1	0:00:20.629656
24520	490	490	0.8	1	0:00:20.663557
24540	490	490	0.8	1	0:00:20.657833
24560	491	491	0.165	1	0:00:20.657007
24580	491	634	0.0385	0	0:00:20.733707
24600	492	492	0.607	1	0:00:20.669856
24620	492	-1	0.0	0	0:00:20.632993
24640	492	-1	0.0	0	0:00:20.660870
24660	493	894	0.285	0	0:00:20.626731
24680	493	553	0.142	0	0:00:20.656291
24700	494	494	0.0809	1	0:00:20.606348
24720	494	494	0.8	1	0:00:20.604391
24740	494	494	0.8	1	0:00:20.618764
24760	495	495	0.8	1	0:00:20.621067
24780	495	495	0.8	1	0:00:20.654913
24800	496	496	0.565	1	0:00:20.620150
24820	496	496	0.8	1	0:00:20.627929
24840	496	496	0.8	1	0:00:20.658862
24860	497	497	0.256	1	0:00:20.653974
24880	497	425	0.274	0	0:00:20.608785
24900	498	498	0.8	1	0:00:20.569341
24920	498	498	0.0301	1	0:00:20.636888
24940	498	498	0.243	1	0:00:20.613245
24960	499	-1	0.0	0	0:00:20.657695
24980	499	643	0.0184	0	0:00:20.610020
25000	500	500	0.136	1	0:00:20.630299
25020	500	500	0.191	1	0:00:20.640482
25040	500	500	0.54	1	0:00:20.602511
25060	501	501	0.153	1	0:00:20.595957
25080	501	643	0.0568	0	0:00:20.622393
25100	502	502	0.268	1	0:00:20.610781
25120	502	502	0.684	1	0:00:20.658563
25140	502	788	0.00244	0	0:00:20.734901
25160	503	503	0.691	1	0:00:20.606209
25180	503	950	0.0744	0	0:00:20.602514
25200	504	504	0.279	1	0:00:20.585385
25220	504	762	0.0217	0	0:00:20.644820
25240	504	968	0.156	0	0:00:20.592362
25260	505	505	0.656	1	0:00:20.612642
25280	505	-1	0.0	0	0:00:20.624165
25300	506	506	0.8	1	0:00:20.597471
25320	506	506	0.192	1	0:00:20.631958
25340	506	-1	0.0	0	0:00:20.613955
25360	507	489	0.0955	0	0:00:20.585907
25380	507	507	0.8	1	0:00:20.598307
25400	508	508	0.764	1	0:00:20.667534
25420	508	508	0.8	1	0:00:20.569255
25440	508	508	0.0803	1	0:00:20.582766
25460	509	509	0.778	1	0:00:20.630898
25480	509	509	0.0773	1	0:00:20.649457
25500	510	510	0.8	1	0:00:20.662538
25520	510	510	0.514	1	0:00:20.697826
25540	510	510	0.8	1	0:00:20.608563
25560	511	511	0.257	1	0:00:20.648670
25580	511	511	0.355	1	0:00:20.647393
25600	512	-1	0.0	0	0:00:20.662575
25620	512	512	0.8	1	0:00:20.635925
25640	512	512	0.194	1	0:00:20.660220
25660	513	513	0.025	1	0:00:20.573409
25680	513	513	0.512	1	0:00:20.611338
25700	514	514	0.8	1	0:00:20.593206
25720	514	788	0.778	0	0:00:20.642213
25740	514	514	0.728	1	0:00:20.594829
25760	515	808	0.025	0	0:00:20.656344
25780	515	652	0.549	0	0:00:20.646834
25800	516	850	0.0112	0	0:00:20.582652
25820	516	516	0.8	1	0:00:20.602779
25840	516	516	0.0888	1	0:00:20.626258
25860	517	510	0.496	0	0:00:20.653218
25880	517	517	0.404	1	0:00:20.640444
25900	518	518	0.8	1	0:00:20.636925
25920	518	518	0.37	1	0:00:20.623528
25940	518	518	0.329	1	0:00:20.584154
25960	519	519	0.361	1	0:00:20.673828
25980	519	-1	0.0	0	0:00:20.652615
26000	520	520	0.0686	1	0:00:20.660230
26020	520	516	0.603	0	0:00:20.601639
26040	520	520	0.295	1	0:00:20.584731
26060	521	521	0.103	1	0:00:20.623287
26080	521	521	0.8	1	0:00:20.659239
26100	522	522	0.8	1	0:00:20.650008
26120	522	522	0.361	1	0:00:20.604063
26140	522	522	0.8	1	0:00:20.618676
26160	523	523	0.168	1	0:00:20.611249
26180	523	-1	0.0	0	0:00:20.599955
26200	524	461	0.0562	0	0:00:20.679581
26220	524	461	0.465	0	0:00:20.650227
26240	524	-1	0.0	0	0:00:20.619520
26260	525	525	0.548	1	0:00:20.642961
26280	525	-1	0.0	0	0:00:20.625527
26300	526	526	0.15	1	0:00:20.666696
26320	526	526	0.656	1	0:00:20.575156
26340	526	526	0.525	1	0:00:20.599421
26360	527	613	0.571	0	0:00:20.629884
26380	527	-1	0.0	0	0:00:20.613219
26400	528	478	0.0847	0	0:00:20.688095
26420	528	528	0.8	1	0:00:20.661871
26440	528	528	0.8	1	0:00:20.613203
26460	529	268	0.102	0	0:00:20.691305
26480	529	529	0.147	1	0:00:20.681594
26500	530	530	0.557	1	0:00:20.643684
26520	530	485	0.654	0	0:00:20.667120
26540	530	530	0.8	1	0:00:20.537502
26560	531	409	0.206	0	0:00:20.585169
26580	531	530	0.684	0	0:00:20.648951
26600	532	-1	0.0	0	0:00:20.653166
26620	532	532	0.33	1	0:00:20.660156
26640	532	532	0.764	1	0:00:20.648568
26660	533	533	0.7	1	0:00:20.593609
26680	533	-1	0.0	0	0:00:20.648125
26700	534	-1	0.0	0	0:00:20.634745
26720	534	-1	0.0	0	0:00:20.599254
26740	534	837	0.066	0	0:00:20.660888
26760	535	535	0.8	1	0:00:20.597915
26780	535	488	0.00746	0	0:00:20.635364
26800	536	403	0.0673	0	0:00:20.674104
26820	536	536	0.621	1	0:00:20.623964
26840	536	517	0.138	0	0:00:20.623043
26860	537	537	0.8	1	0:00:20.639746
26880	537	537	0.8	1	0:00:20.644986
26900	538	538	0.8	1	0:00:20.644253
26920	538	483	0.596	0	0:00:20.619664
26940	538	538	0.609	1	0:00:20.616731
26960	539	-1	0.0	0	0:00:20.616139
26980	539	-1	0.0	0	0:00:20.627858
27000	540	540	0.8	1	0:00:20.646311
27020	540	540	0.68	1	0:00:20.634855
27040	540	812	0.164	0	0:00:20.669124
27060	541	776	0.0182	0	0:00:20.673950
27080	541	541	0.8	1	0:00:20.626407
27100	542	542	0.356	1	0:00:20.625940
27120	542	542	0.615	1	0:00:20.608709
27140	542	-1	0.0	0	0:00:20.589739
27160	543	543	0.301	1	0:00:20.608924
27180	543	543	0.662	1	0:00:20.639688
27200	544	-1	0.0	0	0:00:20.645098
27220	544	521	0.00445	0	0:00:20.630394
27240	544	521	0.188	0	0:00:20.650568
27260	545	545	0.8	1	0:00:20.669364
27280	545	107	0.142	0	0:00:20.630378
27300	546	546	0.565	1	0:00:20.605356
27320	546	546	0.312	1	0:00:20.589057
27340	546	546	0.267	1	0:00:20.611804
27360	547	547	0.591	1	0:00:20.588841
27380	547	888	0.406	0	0:00:20.630593
27400	548	548	0.421	1	0:00:20.618312
27420	548	548	0.8	1	0:00:20.687443
27440	548	548	0.8	1	0:00:20.632974
27460	549	-1	0.0	0	0:00:20.606735
27480	549	-1	0.0	0	0:00:20.702722
27500	550	505	0.415	0	0:00:20.643033
27520	550	-1	0.0	0	0:00:20.655548
27540	550	482	0.02	0	0:00:20.647098
27560	551	551	0.8	1	0:00:20.677078
27580	551	551	0.595	1	0:00:20.581580
27600	552	552	0.8	1	0:00:20.709577
27620	552	641	0.173	0	0:00:20.601623
27640	552	903	0.0274	0	0:00:20.615190
27660	553	553	0.667	1	0:00:20.665148
27680	553	-1	0.0	0	0:00:20.624356
27700	554	554	0.128	1	0:00:20.592719
27720	554	554	0.474	1	0:00:20.619781
27740	554	562	0.205	0	0:00:20.671580
27760	555	555	0.696	1	0:00:20.615134
27780	555	555	0.138	1	0:00:20.632591
27800	556	-1	0.0	0	0:00:20.597634
27820	556	556	0.35	1	0:00:20.601425
27840	556	556	0.667	1	0:00:20.555537
27860	557	557	0.8	1	0:00:20.668180
27880	557	557	0.8	1	0:00:20.643053
27900	558	212	0.0597	0	0:00:20.604098
27920	558	432	0.0015	0	0:00:20.615808
27940	558	642	0.17	0	0:00:20.686969
27960	559	-1	0.0	0	0:00:20.616674
27980	559	559	0.463	1	0:00:20.608808
28000	560	560	0.8	1	0:00:20.609277
28020	560	560	0.8	1	0:00:20.632127
28040	560	560	0.8	1	0:00:20.647812
28060	561	561	0.00966	1	0:00:20.647193
28080	561	561	0.561	1	0:00:20.635437
28100	562	562	0.743	1	0:00:20.659416
28120	562	-1	0.0	0	0:00:20.637586
28140	562	562	0.449	1	0:00:20.579127
28160	563	563	0.229	1	0:00:20.644798
28180	563	563	0.8	1	0:00:20.647214
28200	564	564	0.114	1	0:00:20.699461
28220	564	-1	0.0	0	0:00:20.612208
28240	564	564	0.8	1	0:00:20.633969
28260	565	565	0.8	1	0:00:20.574298
28280	565	565	0.778	1	0:00:20.659136
28300	566	566	0.612	1	0:00:20.618636
28320	566	566	0.0374	1	0:00:20.608103
28340	566	-1	0.0	0	0:00:20.677243
28360	567	567	0.328	1	0:00:20.583428
28380	567	567	0.8	1	0:00:20.575748
28400	568	568	0.318	1	0:00:20.607117
28420	568	568	0.399	1	0:00:20.660047
28440	568	568	0.338	1	0:00:20.670874
28460	569	569	0.524	1	0:00:20.672654
28480	569	569	0.134	1	0:00:20.658738
28500	570	-1	0.0	0	0:00:20.625457
28520	570	570	0.623	1	0:00:20.588706
28540	570	570	0.612	1	0:00:20.615016
28560	571	571	0.161	1	0:00:20.631629
28580	571	571	0.304	1	0:00:20.664077
28600	572	572	0.174	1	0:00:20.653435
28620	572	503	0.122	0	0:00:20.663807
28640	572	572	0.8	1	0:00:20.621530
28660	573	573	0.583	1	0:00:20.650701
28680	573	573	0.416	1	0:00:20.628470
28700	574	574	0.8	1	0:00:20.674995
28720	574	574	0.656	1	0:00:20.586582
28740	574	574	0.778	1	0:00:20.649065
28760	575	575	0.8	1	0:00:20.721984
28780	575	575	0.743	1	0:00:20.631893
28800	576	576	0.743	1	0:00:20.625468
28820	576	576	0.618	1	0:00:20.690468
28840	576	576	0.8	1	0:00:20.660128
28860	577	577	0.319	1	0:00:20.683874
28880	577	577	0.764	1	0:00:20.654957
28900	578	578	0.0117	1	0:00:20.751044
28920	578	578	0.388	1	0:00:20.645623
28940	578	578	0.478	1	0:00:20.685969
28960	579	579	0.245	1	0:00:20.615823
28980	579	579	0.472	1	0:00:20.622769
29000	580	738	0.138	0	0:00:20.668471
29020	580	580	0.715	1	0:00:20.597378
29040	580	580	0.607	1	0:00:20.637421
29060	581	581	0.8	1	0:00:20.596716
29080	581	581	0.522	1	0:00:20.650846
29100	582	-1	0.0	0	0:00:20.638012
29120	582	582	0.446	1	0:00:20.661580
29140	582	582	0.743	1	0:00:20.663817
29160	583	583	0.49	1	0:00:20.601700
29180	583	583	0.122	1	0:00:20.636438
29200	584	584	0.219	1	0:00:20.639951
29220	584	584	0.8	1	0:00:20.633807
29240	584	461	0.22	0	0:00:20.608280
29260	585	-1	0.0	0	0:00:20.653776
29280	585	585	0.152	1	0:00:20.609415
29300	586	586	0.647	1	0:00:20.673263
29320	586	586	0.145	1	0:00:20.631136
29340	586	847	0.526	0	0:00:20.646073
29360	587	587	0.8	1	0:00:20.642395
29380	587	587	0.272	1	0:00:20.644715
29400	588	588	0.231	1	0:00:20.577071
29420	588	588	0.8	1	0:00:20.667460
29440	588	588	0.513	1	0:00:20.609649
29460	589	589	0.18	1	0:00:20.594418
29480	589	589	0.545	1	0:00:20.638496
29500	590	590	0.562	1	0:00:20.666852
29520	590	590	0.8	1	0:00:20.632252
29540	590	605	0.753	0	0:00:20.589525
29560	591	591	0.287	1	0:00:20.597833
29580	591	591	0.684	1	0:00:20.586757
29600	592	592	0.8	1	0:00:20.617332
29620	592	592	0.8	1	0:00:20.639900
29640	592	-1	0.0	0	0:00:20.627794
29660	593	593	0.43	1	0:00:20.602298
29680	593	593	0.778	1	0:00:20.676226
29700	594	594	0.625	1	0:00:20.610039
29720	594	594	0.8	1	0:00:20.688216
29740	594	594	0.0459	1	0:00:20.684955
29760	595	866	0.166	0	0:00:20.654316
29780	595	866	0.778	0	0:00:20.707555
29800	596	596	0.0531	1	0:00:20.625466
29820	596	-1	0.0	0	0:00:20.659267
29840	596	-1	0.0	0	0:00:20.656001
29860	597	597	0.566	1	0:00:20.644195
29880	597	-1	0.0	0	0:00:20.659725
29900	598	782	0.603	0	0:00:20.630820
29920	598	-1	0.0	0	0:00:20.636026
29940	598	851	0.435	0	0:00:20.658018
29960	599	599	0.8	1	0:00:20.511664
29980	599	-1	0.0	0	0:00:20.621517
30000	600	600	0.217	1	0:00:20.594156
30020	600	606	0.0798	0	0:00:20.598564
30040	600	600	0.0953	1	0:00:20.609086
30060	601	-1	0.0	0	0:00:20.682873
30080	601	601	0.0532	1	0:00:20.600237
30100	602	602	0.599	1	0:00:20.694978
30120	602	602	0.0823	1	0:00:20.665130
30140	602	-1	0.0	0	0:00:20.627853
30160	603	612	0.0974	0	0:00:20.658616
30180	603	603	0.64	1	0:00:20.636931
30200	604	604	0.361	1	0:00:20.437345
30220	604	604	0.659	1	0:00:20.283044
30240	604	604	0.235	1	0:00:20.265700
30260	605	-1	0.0	0	0:00:20.248320
30280	605	605	0.8	1	0:00:20.229229
30300	606	606	0.721	1	0:00:20.249681
30320	606	714	0.0305	0	0:00:20.311253
30340	606	606	0.8	1	0:00:20.310930
30360	607	607	0.8	1	0:00:20.287391
30380	607	607	0.8	1	0:00:20.344987
30400	608	-1	0.0	0	0:00:20.431332
30420	608	608	0.743	1	0:00:20.512674
30440	608	515	0.476	0	0:00:20.655741
30460	609	609	0.354	1	0:00:20.599396
30480	609	609	0.8	1	0:00:20.576077
30500	610	610	0.594	1	0:00:20.637054
30520	610	610	0.654	1	0:00:20.642968
30540	610	610	0.728	1	0:00:20.581532
30560	611	611	0.0926	1	0:00:20.647434
30580	611	611	0.516	1	0:00:20.663553
30600	612	612	0.8	1	0:00:20.636022
30620	612	612	0.8	1	0:00:20.635414
30640	612	612	0.778	1	0:00:20.672816
30660	613	613	0.449	1	0:00:20.659379
30680	613	613	0.318	1	0:00:20.629712
30700	614	614	0.483	1	0:00:20.601831
30720	614	122	0.0844	0	0:00:20.703017
30740	614	808	0.333	0	0:00:20.718571
30760	615	615	0.8	1	0:00:20.612955
30780	615	615	0.8	1	0:00:20.624836
30800	616	-1	0.0	0	0:00:20.661917
30820	616	830	0.0285	0	0:00:20.672423
30840	616	616	0.778	1	0:00:20.678220
30860	617	903	0.0395	0	0:00:20.568155
30880	617	568	0.0198	0	0:00:20.525493
30900	618	828	0.165	0	0:00:20.655287
30920	618	731	0.0284	0	0:00:20.669557
30940	618	-1	0.0	0	0:00:20.633196
30960	619	905	0.778	0	0:00:20.681170
30980	619	619	0.171	1	0:00:20.627416
31000	620	620	0.182	1	0:00:20.618785
31020	620	527	0.347	0	0:00:20.646026
31040	620	620	0.753	1	0:00:20.641257
31060	621	621	0.8	1	0:00:20.603423
31080	621	621	0.383	1	0:00:20.617879
31100	622	622	0.27	1	0:00:20.587676
31120	622	622	0.325	1	0:00:20.632100
31140	622	-1	0.0	0	0:00:20.636961
31160	623	593	0.00301	0	0:00:20.632968
31180	623	-1	0.0	0	0:00:20.669799
31200	624	624	0.0587	1	0:00:20.556580
31220	624	-1	0.0	0	0:00:20.548723
31240	624	624	0.307	1	0:00:20.630677
31260	625	625	0.778	1	0:00:20.506088
31280	625	625	0.8	1	0:00:20.553463
31300	626	692	0.335	0	0:00:20.637600
31320	626	626	0.478	1	0:00:20.595241
31340	626	626	0.649	1	0:00:20.671095
31360	627	627	0.8	1	0:00:20.655195
31380	627	627	0.229	1	0:00:20.597961
31400	628	506	0.406	0	0:00:20.622036
31420	628	628	0.764	1	0:00:20.509714
31440	628	628	0.42	1	0:00:20.342894
31460	629	629	0.764	1	0:00:20.296739
31480	629	629	0.8	1	0:00:20.271790
31500	630	703	0.667	0	0:00:20.279345
31520	630	514	0.126	0	0:00:20.283293
31540	630	630	0.8	1	0:00:20.247841
31560	631	631	0.8	1	0:00:20.280972
31580	631	631	0.0355	1	0:00:20.360765
31600	632	632	0.778	1	0:00:20.395120
31620	632	-1	0.0	0	0:00:20.440053
31640	632	819	0.592	0	0:00:20.436368
31660	633	633	0.286	1	0:00:20.564250
31680	633	633	0.168	1	0:00:20.650548
31700	634	489	0.8	0	0:00:20.655308
31720	634	565	0.129	0	0:00:20.720855
31740	634	-1	0.0	0	0:00:20.654983
31760	635	635	0.487	1	0:00:20.620455
31780	635	635	0.477	1	0:00:20.644710
31800	636	636	0.8	1	0:00:20.694264
31820	636	636	0.615	1	0:00:20.609741
31840	636	721	0.229	0	0:00:20.669231
31860	637	637	0.8	1	0:00:20.597127
31880	637	637	0.8	1	0:00:20.642840
31900	638	445	0.564	0	0:00:20.678976
31920	638	639	0.512	0	0:00:20.623391
31940	638	639	0.705	0	0:00:20.608263
31960	639	639	0.36	1	0:00:20.648815
31980	639	602	0.413	0	0:00:20.643685
32000	640	640	0.8	1	0:00:20.722403
32020	640	640	0.8	1	0:00:20.636464
32040	640	574	0.42	0	0:00:20.608190
32060	641	641	0.0562	1	0:00:20.574508
32080	641	641	0.556	1	0:00:20.651599
32100	642	642	0.8	1	0:00:20.635487
32120	642	642	0.409	1	0:00:20.627752
32140	642	642	0.8	1	0:00:20.718284
32160	643	837	0.647	0	0:00:20.638852
32180	643	-1	0.0	0	0:00:20.624792
32200	644	644	0.8	1	0:00:20.662620
32220	644	-1	0.0	0	0:00:20.672255
32240	644	644	0.705	1	0:00:20.625880
32260	645	645	0.8	1	0:00:20.644421
32280	645	645	0.8	1	0:00:20.680493
32300	646	506	0.8	0	0:00:20.622721
32320	646	646	0.764	1	0:00:20.624469
32340	646	646	0.2	1	0:00:20.600282
32360	647	473	0.728	0	0:00:20.580219
32380	647	647	0.288	1	0:00:20.648559
32400	648	648	0.306	1	0:00:20.668421
32420	648	894	0.184	0	0:00:20.634491
32440	648	648	0.656	1	0:00:20.650184
32460	649	649	0.8	1	0:00:20.609810
32480	649	649	0.67	1	0:00:20.635478
32500	650	546	0.227	0	0:00:20.563290
32520	650	650	0.8	1	0:00:20.631488
32540	650	650	0.199	1	0:00:20.595031
32560	651	651	0.359	1	0:00:20.686959
32580	651	851	0.386	0	0:00:20.594954
32600	652	652	0.71	1	0:00:20.641893
32620	652	-1	0.0	0	0:00:20.666541
32640	652	652	0.8	1	0:00:20.647350
32660	653	-1	0.0	0	0:00:20.608116
32680	653	653	0.728	1	0:00:20.662810
32700	654	656	0.293	0	0:00:20.645413
32720	654	609	0.753	0	0:00:20.664789
32740	654	-1	0.0	0	0:00:20.715798
32760	655	-1	0.0	0	0:00:20.615906
32780	655	610	0.0883	0	0:00:20.612071
32800	656	-1	0.0	0	0:00:20.659971
32820	656	656	0.609	1	0:00:20.639433
32840	656	656	0.353	1	0:00:20.675174
32860	657	-1	0.0	0	0:00:20.603367
32880	657	657	0.218	1	0:00:20.652551
32900	658	658	0.778	1	0:00:20.634963
32920	658	496	0.196	0	0:00:20.650117
32940	658	658	0.8	1	0:00:20.609033
32960	659	659	0.764	1	0:00:20.642100
32980	659	729	0.2	0	0:00:20.629244
33000	660	660	0.256	1	0:00:20.686450
33020	660	660	0.778	1	0:00:20.665096
33040	660	557	0.0833	0	0:00:20.614634
33060	661	661	0.8	1	0:00:20.632199
33080	661	661	0.778	1	0:00:20.639352
33100	662	999	0.206	0	0:00:20.678313
33120	662	662	0.295	1	0:00:20.668701
33140	662	662	0.499	1	0:00:20.622448
33160	663	-1	0.0	0	0:00:20.636250
33180	663	663	0.764	1	0:00:20.681326
33200	664	851	0.0845	0	0:00:20.633016
33220	664	527	0.358	0	0:00:20.686520
33240	664	851	0.273	0	0:00:20.711494
33260	665	665	0.217	1	0:00:20.672913
33280	665	665	0.569	1	0:00:20.619080
33300	666	666	0.728	1	0:00:20.624854
33320	666	-1	0.0	0	0:00:20.613368
33340	666	999	0.0625	0	0:00:20.666395
33360	667	-1	0.0	0	0:00:20.624123
33380	667	667	0.8	1	0:00:20.621043
33400	668	-1	0.0	0	0:00:20.627438
33420	668	668	0.778	1	0:00:20.631458
33440	668	682	0.217	0	0:00:20.627612
33460	669	669	0.183	1	0:00:20.629060
33480	669	-1	0.0	0	0:00:20.660351
33500	670	670	0.339	1	0:00:20.667592
33520	670	670	0.8	1	0:00:20.684333
33540	670	670	0.071	1	0:00:20.662620
33560	671	880	0.0921	0	0:00:20.649760
33580	671	671	0.202	1	0:00:20.663711
33600	672	672	0.213	1	0:00:20.563098
33620	672	672	0.8	1	0:00:20.586085
33640	672	672	0.8	1	0:00:20.652756
33660	673	673	0.343	1	0:00:20.608101
33680	673	859	0.204	0	0:00:20.652794
33700	674	674	0.565	1	0:00:20.648339
33720	674	674	0.764	1	0:00:20.637630
33740	674	674	0.597	1	0:00:20.644227
33760	675	675	0.337	1	0:00:20.619573
33780	675	867	0.238	0	0:00:20.582635
33800	676	676	0.137	1	0:00:20.630894
33820	676	676	0.728	1	0:00:20.633895
33840	676	676	0.268	1	0:00:20.627440
33860	677	-1	0.0	0	0:00:20.647970
33880	677	783	0.462	0	0:00:20.654872
33900	678	678	0.8	1	0:00:20.585128
33920	678	-1	0.0	0	0:00:20.629878
33940	678	678	0.59	1	0:00:20.624053
33960	679	679	0.342	1	0:00:20.660733
33980	679	-1	0.0	0	0:00:20.634401
34000	680	5	0.0027	0	0:00:20.546765
34020	680	680	0.526	1	0:00:20.569749
34040	680	680	0.599	1	0:00:20.673417
34060	681	620	0.268	0	0:00:20.669042
34080	681	620	0.42	0	0:00:20.578182
34100	682	682	0.735	1	0:00:20.587474
34120	682	663	0.0197	0	0:00:20.651619
34140	682	682	0.8	1	0:00:20.607070
34160	683	683	0.567	1	0:00:20.670053
34180	683	-1	0.0	0	0:00:20.646036
34200	684	-1	0.0	0	0:00:20.639036
34220	684	-1	0.0	0	0:00:20.684908
34240	684	684	0.571	1	0:00:20.647539
34260	685	685	0.8	1	0:00:20.705758
34280	685	685	0.8	1	0:00:20.623161
34300	686	-1	0.0	0	0:00:20.605340
34320	686	-1	0.0	0	0:00:20.589407
34340	686	-1	0.0	0	0:00:20.540399
34360	687	687	0.8	1	0:00:20.636978
34380	687	687	0.606	1	0:00:20.640862
34400	688	688	0.8	1	0:00:20.663732
34420	688	688	0.461	1	0:00:20.630906
34440	688	688	0.8	1	0:00:20.652220
34460	689	689	0.0146	1	0:00:20.646419
34480	689	-1	0.0	0	0:00:20.653721
34500	690	690	0.242	1	0:00:20.638806
34520	690	917	0.0645	0	0:00:20.648063
34540	690	866	0.327	0	0:00:20.633036
34560	691	691	0.145	1	0:00:20.596511
34580	691	-1	0.0	0	0:00:20.648629
34600	692	478	0.066	0	0:00:20.617687
34620	692	865	0.0899	0	0:00:20.648424
34640	692	692	0.8	1	0:00:20.680840
34660	693	693	0.8	1	0:00:20.662761
34680	693	-1	0.0	0	0:00:20.688615
34700	694	694	0.8	1	0:00:20.642688
34720	694	694	0.8	1	0:00:20.585595
34740	694	694	0.8	1	0:00:20.633950
34760	695	695	0.564	1	0:00:20.623741
34780	695	600	0.444	0	0:00:20.659052
34800	696	-1	0.0	0	0:00:20.603597
34820	696	463	0.0762	0	0:00:20.616902
34840	696	-1	0.0	0	0:00:20.634041
34860	697	697	0.728	1	0:00:20.635226
34880	697	697	0.715	1	0:00:20.668703
34900	698	663	0.8	0	0:00:20.671018
34920	698	483	0.541	0	0:00:20.629794
34940	698	698	0.8	1	0:00:20.625624
34960	699	-1	0.0	0	0:00:20.651358
34980	699	699	0.31	1	0:00:20.632593
35000	700	700	0.471	1	0:00:20.564468
35020	700	738	0.778	0	0:00:20.596397
35040	700	700	0.728	1	0:00:20.555151
35060	701	723	0.144	0	0:00:20.659837
35080	701	701	0.8	1	0:00:20.578897
35100	702	422	0.705	0	0:00:20.655380
35120	702	702	0.613	1	0:00:20.637333
35140	702	702	0.332	1	0:00:20.655122
35160	703	523	0.0555	0	0:00:20.636784
35180	703	-1	0.0	0	0:00:20.672111
35200	704	704	0.603	1	0:00:20.652870
35220	704	704	0.281	1	0:00:20.638591
35240	704	704	0.246	1	0:00:20.614104
35260	705	660	0.162	0	0:00:20.687259
35280	705	874	0.778	0	0:00:20.620705
35300	706	812	0.0281	0	0:00:20.639014
35320	706	762	0.561	0	0:00:20.644225
35340	706	831	0.00445	0	0:00:20.640059
35360	707	707	0.684	1	0:00:20.662218
35380	707	707	0.8	1	0:00:20.623958
35400	708	682	0.603	0	0:00:20.569896
35420	708	708	0.8	1	0:00:20.683366
35440	708	708	0.519	1	0:00:20.656313
35460	709	709	0.0781	1	0:00:20.659173
35480	709	-1	0.0	0	0:00:20.655420
35500	710	-1	0.0	0	0:00:20.703414
35520	710	767	0.368	0	0:00:20.610316
35540	710	-1	0.0	0	0:00:20.551678
35560	711	-1	0.0	0	0:00:20.574224
35580	711	844	0.15	0	0:00:20.554266
35600	712	-1	0.0	0	0:00:20.674939
35620	712	712	0.0468	1	0:00:20.655497
35640	712	712	0.509	1	0:00:20.617557
35660	713	713	0.8	1	0:00:20.652390
35680	713	713	0.778	1	0:00:20.600725
35700	714	714	0.599	1	0:00:20.615851
35720	714	714	0.446	1	0:00:20.610183
35740	714	714	0.8	1	0:00:20.614836
35760	715	715	0.8	1	0:00:20.655370
35780	715	652	0.185	0	0:00:20.630571
35800	716	716	0.8	1	0:00:20.668346
35820	716	716	0.8	1	0:00:20.596673
35840	716	716	0.8	1	0:00:20.651052
35860	717	717	0.0825	1	0:00:20.615752
35880	717	581	0.8	0	0:00:20.603750
35900	718	718	0.764	1	0:00:20.595986
35920	718	718	0.502	1	0:00:20.690881
35940	718	718	0.217	1	0:00:20.597191
35960	719	-1	0.0	0	0:00:20.651404
35980	719	-1	0.0	0	0:00:20.629002
36000	720	951	0.282	0	0:00:20.625532
36020	720	720	0.0569	1	0:00:20.610239
36040	720	720	0.68	1	0:00:20.658476
36060	721	721	0.221	1	0:00:20.693189
36080	721	721	0.148	1	0:00:20.664065
36100	722	722	0.8	1	0:00:20.652636
36120	722	722	0.8	1	0:00:20.631348
36140	722	722	0.8	1	0:00:20.600303
36160	723	723	0.8	1	0:00:20.698304
36180	723	723	0.277	1	0:00:20.579054
36200	724	780	0.8	0	0:00:20.588761
36220	724	975	0.0105	0	0:00:20.657329
36240	724	724	0.423	1	0:00:20.647750
36260	725	849	0.533	0	0:00:20.637220
36280	725	-1	0.0	0	0:00:20.586470
36300	726	726	0.677	1	0:00:20.646689
36320	726	726	0.8	1	0:00:20.640123
36340	726	596	0.149	0	0:00:20.659864
36360	727	727	0.8	1	0:00:20.643012
36380	727	727	0.0522	1	0:00:20.577674
36400	728	728	0.0964	1	0:00:20.590564
36420	728	732	0.00458	0	0:00:20.679059
36440	728	-1	0.0	0	0:00:20.611989
36460	729	453	0.161	0	0:00:20.660489
36480	729	729	0.139	1	0:00:20.613885
36500	730	856	0.106	0	0:00:20.689744
36520	730	730	0.0819	1	0:00:20.628272
36540	730	730	0.8	1	0:00:20.667316
36560	731	-1	0.0	0	0:00:20.720791
36580	731	731	0.428	1	0:00:20.576673
36600	732	732	0.316	1	0:00:20.616339
36620	732	745	0.0785	0	0:00:20.620415
36640	732	732	0.8	1	0:00:20.642846
36660	733	733	0.504	1	0:00:20.643875
36680	733	-1	0.0	0	0:00:20.678576
36700	734	734	0.58	1	0:00:20.641310
36720	734	734	0.8	1	0:00:20.625801
36740	734	468	0.277	0	0:00:20.636075
36760	735	735	0.8	1	0:00:20.652945
36780	735	735	0.427	1	0:00:20.694748
36800	736	736	0.8	1	0:00:20.604663
36820	736	883	0.168	0	0:00:20.649760
36840	736	736	0.33	1	0:00:20.599806
36860	737	-1	0.0	0	0:00:20.640663
36880	737	760	0.386	0	0:00:20.633499
36900	738	738	0.296	1	0:00:20.732002
36920	738	738	0.8	1	0:00:20.633028
36940	738	738	0.778	1	0:00:20.616937
36960	739	-1	0.0	0	0:00:20.603681
36980	739	739	0.588	1	0:00:20.643502
37000	740	796	0.125	0	0:00:20.636316
37020	740	625	0.071	0	0:00:20.649057
37040	740	740	0.345	1	0:00:20.633090
37060	741	-1	0.0	0	0:00:20.573855
37080	741	608	0.014	0	0:00:20.618128
37100	742	859	0.0565	0	0:00:20.670244
37120	742	742	0.228	1	0:00:20.621453
37140	742	713	0.625	0	0:00:20.650760
37160	743	760	0.0882	0	0:00:20.652405
37180	743	743	0.71	1	0:00:20.586718
37200	744	657	0.101	0	0:00:20.658259
37220	744	744	0.721	1	0:00:20.675162
37240	744	657	0.38	0	0:00:20.569789
37260	745	745	0.136	1	0:00:20.570632
37280	745	745	0.551	1	0:00:20.629981
37300	746	746	0.8	1	0:00:20.593927
37320	746	746	0.691	1	0:00:20.626801
37340	746	746	0.8	1	0:00:20.596355
37360	747	747	0.391	1	0:00:20.576324
37380	747	747	0.8	1	0:00:20.626908
37400	748	893	0.317	0	0:00:20.687971
37420	748	-1	0.0	0	0:00:20.654584
37440	748	748	0.8	1	0:00:20.654717
37460	749	-1	0.0	0	0:00:20.613503
37480	749	749	0.163	1	0:00:20.659141
37500	750	151	0.0624	0	0:00:20.602850
37520	750	750	0.8	1	0:00:20.706806
37540	750	885	0.192	0	0:00:20.598535
37560	751	751	0.8	1	0:00:20.627742
37580	751	751	0.67	1	0:00:20.667185
37600	752	-1	0.0	0	0:00:20.656814
37620	752	852	0.00834	0	0:00:20.685225
37640	752	752	0.778	1	0:00:20.617933
37660	753	742	0.162	0	0:00:20.650094
37680	753	753	0.0642	1	0:00:20.654989
37700	754	-1	0.0	0	0:00:20.668231
37720	754	754	0.4	1	0:00:20.603591
37740	754	844	0.144	0	0:00:20.571387
37760	755	755	0.8	1	0:00:20.632924
37780	755	755	0.8	1	0:00:20.628373
37800	756	756	0.333	1	0:00:20.668395
37820	756	463	0.547	0	0:00:20.702499
37840	756	756	0.375	1	0:00:20.611560
37860	757	-1	0.0	0	0:00:20.594273
37880	757	757	0.376	1	0:00:20.659403
37900	758	758	0.0129	1	0:00:20.644383
37920	758	-1	0.0	0	0:00:20.619411
37940	758	758	0.778	1	0:00:20.593577
37960	759	759	0.8	1	0:00:20.609998
37980	759	747	0.0052	0	0:00:20.607220
38000	760	760	0.208	1	0:00:20.604704
38020	760	760	0.423	1	0:00:20.583832
38040	760	-1	0.0	0	0:00:20.621607
38060	761	761	0.519	1	0:00:20.624985
38080	761	761	0.228	1	0:00:20.609015
38100	762	762	0.311	1	0:00:20.590346
38120	762	762	0.571	1	0:00:20.640190
38140	762	-1	0.0	0	0:00:20.604477
38160	763	763	0.248	1	0:00:20.617954
38180	763	763	0.8	1	0:00:20.615923
38200	764	-1	0.0	0	0:00:20.620474
38220	764	764	0.8	1	0:00:20.610789
38240	764	764	0.363	1	0:00:20.597038
38260	765	765	0.8	1	0:00:20.605107
38280	765	559	0.024	0	0:00:20.746683
38300	766	766	0.8	1	0:00:20.682137
38320	766	-1	0.0	0	0:00:20.698566
38340	766	766	0.111	1	0:00:20.628848
38360	767	584	0.388	0	0:00:20.644243
38380	767	767	0.217	1	0:00:20.645156
38400	768	-1	0.0	0	0:00:20.620104
38420	768	768	0.199	1	0:00:20.695027
38440	768	768	0.8	1	0:00:20.667131
38460	769	-1	0.0	0	0:00:20.643594
38480	769	769	0.8	1	0:00:20.685804
38500	770	770	0.241	1	0:00:20.612962
38520	770	916	0.259	0	0:00:20.642697
38540	770	770	0.778	1	0:00:20.587365
38560	771	771	0.778	1	0:00:20.601941
38580	771	771	0.8	1	0:00:20.693801
38600	772	772	0.7	1	0:00:20.662959
38620	772	-1	0.0	0	0:00:20.635090
38640	772	464	0.236	0	0:00:20.654037
38660	773	773	0.764	1	0:00:20.651193
38680	773	773	0.8	1	0:00:20.610336
38700	774	774	0.8	1	0:00:20.686058
38720	774	774	0.632	1	0:00:20.679816
38740	774	770	0.0151	0	0:00:20.671375
38760	775	775	0.147	1	0:00:20.640801
38780	775	775	0.489	1	0:00:20.635990
38800	776	-1	0.0	0	0:00:20.575387
38820	776	776	0.8	1	0:00:20.648110
38840	776	916	0.0742	0	0:00:20.594341
38860	777	-1	0.0	0	0:00:20.642486
38880	777	777	0.22	1	0:00:20.589662
38900	778	-1	0.0	0	0:00:20.664630
38920	778	778	0.8	1	0:00:20.627297
38940	778	778	0.198	1	0:00:20.611228
38960	779	779	0.326	1	0:00:20.758677
38980	779	779	0.8	1	0:00:20.562572
39000	780	914	0.556	0	0:00:20.569781
39020	780	780	0.64	1	0:00:20.603855
39040	780	780	0.753	1	0:00:20.636331
39060	781	781	0.8	1	0:00:20.694350
39080	781	-1	0.0	0	0:00:20.655011
39100	782	-1	0.0	0	0:00:20.641795
39120	782	-1	0.0	0	0:00:20.651500
39140	782	782	0.684	1	0:00:20.627588
39160	783	783	0.8	1	0:00:20.602034
39180	783	783	0.8	1	0:00:20.597499
39200	784	828	0.322	0	0:00:20.596502
39220	784	784	0.778	1	0:00:20.624676
39240	784	784	0.419	1	0:00:20.652000
39260	785	-1	0.0	0	0:00:20.570280
39280	785	785	0.429	1	0:00:20.635258
39300	786	-1	0.0	0	0:00:20.630836
39320	786	786	0.391	1	0:00:20.645172
39340	786	-1	0.0	0	0:00:20.618160
39360	787	787	0.778	1	0:00:20.658511
39380	787	420	0.00916	0	0:00:20.656685
39400	788	788	0.547	1	0:00:20.594080
39420	788	788	0.8	1	0:00:20.622761
39440	788	788	0.581	1	0:00:20.647281
39460	789	789	0.8	1	0:00:20.600713
39480	789	789	0.8	1	0:00:20.635000
39500	790	791	0.753	0	0:00:20.569765
39520	790	-1	0.0	0	0:00:20.629349
39540	790	790	0.8	1	0:00:20.650908
39560	791	-1	0.0	0	0:00:20.647977
39580	791	791	0.7	1	0:00:20.649711
39600	792	792	0.743	1	0:00:20.608010
39620	792	792	0.0313	1	0:00:20.597894
39640	792	792	0.285	1	0:00:20.630067
39660	793	793	0.572	1	0:00:20.630059
39680	793	740	0.0756	0	0:00:20.616506
39700	794	794	0.696	1	0:00:20.668984
39720	794	-1	0.0	0	0:00:20.603402
39740	794	-1	0.0	0	0:00:20.559651
39760	795	970	0.372	0	0:00:20.684525
39780	795	-1	0.0	0	0:00:20.597577
39800	796	796	0.8	1	0:00:20.543414
39820	796	796	0.0457	1	0:00:20.646242
39840	796	796	0.437	1	0:00:20.607086
39860	797	797	0.204	1	0:00:20.649972
39880	797	797	0.715	1	0:00:20.628955
39900	798	635	0.0331	0	0:00:20.602257
39920	798	-1	0.0	0	0:00:20.600453
39940	798	519	0.00979	0	0:00:20.681777
39960	799	799	0.115	1	0:00:20.625427
39980	799	-1	0.0	0	0:00:20.734723
40000	800	800	0.8	1	0:00:20.626836
40020	800	800	0.562	1	0:00:20.624944
40040	800	800	0.764	1	0:00:20.679847
40060	801	973	0.488	0	0:00:20.651960
40080	801	801	0.68	1	0:00:20.617715
40100	802	-1	0.0	0	0:00:20.625797
40120	802	802	0.367	1	0:00:20.607247
40140	802	802	0.8	1	0:00:20.690074
40160	803	803	0.377	1	0:00:20.647761
40180	803	803	0.721	1	0:00:20.584242
40200	804	844	0.102	0	0:00:20.667529
40220	804	711	0.696	0	0:00:20.555718
40240	804	-1	0.0	0	0:00:20.619599
40260	805	844	0.464	0	0:00:20.579774
40280	805	739	0.197	0	0:00:20.681281
40300	806	806	0.743	1	0:00:20.606806
40320	806	806	0.8	1	0:00:20.626001
40340	806	-1	0.0	0	0:00:20.628562
40360	807	517	0.0681	0	0:00:20.619437
40380	807	-1	0.0	0	0:00:20.643355
40400	808	808	0.55	1	0:00:20.636022
40420	808	515	0.156	0	0:00:20.710232
40440	808	879	0.00765	0	0:00:20.605983
40460	809	925	0.439	0	0:00:20.648448
40480	809	926	0.467	0	0:00:20.638198
40500	810	878	0.8	0	0:00:20.641184
40520	810	878	0.8	0	0:00:20.592866
40540	810	810	0.0545	1	0:00:20.611000
40560	811	827	0.183	0	0:00:20.636871
40580	811	-1	0.0	0	0:00:20.629978
40600	812	812	0.8	1	0:00:20.636124
40620	812	812	0.8	1	0:00:20.602897
40640	812	812	0.68	1	0:00:20.625948
40660	813	792	0.197	0	0:00:20.645934
40680	813	-1	0.0	0	0:00:20.649822
40700	814	554	0.00809	0	0:00:20.688419
40720	814	814	0.437	1	0:00:20.630182
40740	814	814	0.71	1	0:00:20.617452
40760	815	815	0.8	1	0:00:20.698510
40780	815	815	0.00332	1	0:00:20.656772
40800	816	816	0.8	1	0:00:20.617572
40820	816	816	0.261	1	0:00:20.619370
40840	816	-1	0.0	0	0:00:20.628158
40860	817	751	0.11	0	0:00:20.636360
40880	817	817	0.778	1	0:00:20.639545
40900	818	745	0.735	0	0:00:20.592727
40920	818	-1	0.0	0	0:00:20.561644
40940	818	818	0.459	1	0:00:20.650752
40960	819	819	0.45	1	0:00:20.708656
40980	819	839	0.00113	0	0:00:20.559960
41000	820	565	0.427	0	0:00:20.650160
41020	820	820	0.241	1	0:00:20.624997
41040	820	820	0.137	1	0:00:20.566096
41060	821	821	0.728	1	0:00:20.650191
41080	821	718	0.114	0	0:00:20.645177
41100	822	822	0.8	1	0:00:20.601206
41120	822	822	0.8	1	0:00:20.673001
41140	822	822	0.753	1	0:00:20.613528
41160	823	-1	0.0	0	0:00:20.650284
41180	823	823	0.0294	1	0:00:20.610142
41200	824	824	0.238	1	0:00:20.677906
41220	824	824	0.455	1	0:00:20.593292
41240	824	880	0.0657	0	0:00:20.635978
41260	825	-1	0.0	0	0:00:20.579792
41280	825	825	0.488	1	0:00:20.680066
41300	826	531	0.735	0	0:00:20.616829
41320	826	605	0.8	0	0:00:20.683894
41340	826	826	0.503	1	0:00:20.624423
41360	827	827	0.656	1	0:00:20.631411
41380	827	-1	0.0	0	0:00:20.694674
41400	828	828	0.301	1	0:00:20.613311
41420	828	828	0.8	1	0:00:20.688152
41440	828	904	0.273	0	0:00:20.663219
41460	829	829	0.8	1	0:00:20.609969
41480	829	-1	0.0	0	0:00:20.643589
41500	830	-1	0.0	0	0:00:20.608063
41520	830	-1	0.0	0	0:00:20.666518
41540	830	830	0.483	1	0:00:20.656433
41560	831	831	0.662	1	0:00:20.635837
41580	831	831	0.224	1	0:00:20.618034
41600	832	832	0.764	1	0:00:20.632532
41620	832	832	0.8	1	0:00:20.647829
41640	832	832	0.402	1	0:00:20.615624
41660	833	833	0.249	1	0:00:20.623533
41680	833	833	0.8	1	0:00:20.570564
41700	834	834	0.165	1	0:00:20.635612
41720	834	834	0.58	1	0:00:20.592022
41740	834	834	0.154	1	0:00:20.661129
41760	835	-1	0.0	0	0:00:20.656228
41780	835	835	0.441	1	0:00:20.655743
41800	836	830	0.0586	0	0:00:20.631611
41820	836	836	0.225	1	0:00:20.649151
41840	836	655	0.209	0	0:00:20.638155
41860	837	836	0.0973	0	0:00:20.659732
41880	837	836	0.499	0	0:00:20.658233
41900	838	-1	0.0	0	0:00:20.625227
41920	838	112	0.21	0	0:00:20.623491
41940	838	838	0.194	1	0:00:20.610347
41960	839	718	0.123	0	0:00:20.690951
41980	839	-1	0.0	0	0:00:20.687800
42000	840	-1	0.0	0	0:00:20.699703
42020	840	840	0.129	1	0:00:20.648577
42040	840	840	0.735	1	0:00:20.688763
42060	841	501	0.326	0	0:00:20.619935
42080	841	-1	0.0	0	0:00:20.633311
42100	842	-1	0.0	0	0:00:20.591652
42120	842	842	0.8	1	0:00:20.631782
42140	842	677	0.0027	0	0:00:20.529867
42160	843	843	0.579	1	0:00:20.573380
42180	843	-1	0.0	0	0:00:20.581554
42200	844	844	0.8	1	0:00:20.669004
42220	844	844	0.8	1	0:00:20.597030
42240	844	844	0.721	1	0:00:20.631854
42260	845	845	0.651	1	0:00:20.651608
42280	845	845	0.71	1	0:00:20.613261
42300	846	583	0.276	0	0:00:20.640525
42320	846	619	0.298	0	0:00:20.593804
42340	846	-1	0.0	0	0:00:20.612210
42360	847	-1	0.0	0	0:00:20.646382
42380	847	847	0.353	1	0:00:20.657573
42400	848	848	0.00665	1	0:00:20.683898
42420	848	-1	0.0	0	0:00:20.607292
42440	848	848	0.455	1	0:00:20.631850
42460	849	849	0.8	1	0:00:20.547894
42480	849	849	0.8	1	0:00:20.609073
42500	850	850	0.778	1	0:00:20.642926
42520	850	865	0.114	0	0:00:20.615812
42540	850	850	0.487	1	0:00:20.593151
42560	851	604	0.0824	0	0:00:20.640404
42580	851	851	0.0255	1	0:00:20.593241
42600	852	852	0.615	1	0:00:20.596692
42620	852	-1	0.0	0	0:00:20.673225
42640	852	852	0.8	1	0:00:20.671907
42660	853	853	0.778	1	0:00:20.631089
42680	853	853	0.778	1	0:00:20.633622
42700	854	884	0.00445	0	0:00:20.589173
42720	854	857	0.103	0	0:00:20.671192
42740	854	-1	0.0	0	0:00:20.640786
42760	855	-1	0.0	0	0:00:20.600750
42780	855	855	0.8	1	0:00:20.633446
42800	856	856	0.0156	1	0:00:20.575617
42820	856	856	0.8	1	0:00:20.629673
42840	856	-1	0.0	0	0:00:20.637535
42860	857	857	0.778	1	0:00:20.668773
42880	857	857	0.62	1	0:00:20.637130
42900	858	448	0.00313	0	0:00:20.625085
42920	858	858	0.0542	1	0:00:20.661575
42940	858	698	0.232	0	0:00:20.641252
42960	859	859	0.482	1	0:00:20.611885
42980	859	859	0.138	1	0:00:20.600921
43000	860	892	0.497	0	0:00:20.588676
43020	860	-1	0.0	0	0:00:20.578740
43040	860	-1	0.0	0	0:00:20.633980
43060	861	861	0.684	1	0:00:20.744989
43080	861	861	0.16	1	0:00:20.618381
43100	862	862	0.551	1	0:00:20.669850
43120	862	862	0.8	1	0:00:20.573759
43140	862	862	0.256	1	0:00:20.576163
43160	863	863	0.8	1	0:00:20.611484
43180	863	863	0.764	1	0:00:20.591893
43200	864	864	0.241	1	0:00:20.650934
43220	864	-1	0.0	0	0:00:20.621080
43240	864	864	0.173	1	0:00:20.547409
43260	865	865	0.279	1	0:00:20.596750
43280	865	865	0.743	1	0:00:20.615748
43300	866	-1	0.0	0	0:00:20.631927
43320	866	866	0.715	1	0:00:20.658216
43340	866	866	0.166	1	0:00:20.611029
43360	867	867	0.691	1	0:00:20.631039
43380	867	867	0.51	1	0:00:20.642853
43400	868	967	0.252	0	0:00:20.622143
43420	868	-1	0.0	0	0:00:20.696939
43440	868	463	0.00376	0	0:00:20.629082
43460	869	869	0.372	1	0:00:20.620799
43480	869	869	0.193	1	0:00:20.662338
43500	870	870	0.595	1	0:00:20.672702
43520	870	870	0.544	1	0:00:20.607702
43540	870	870	0.26	1	0:00:20.640011
43560	871	871	0.8	1	0:00:20.709440
43580	871	871	0.49	1	0:00:20.621220
43600	872	872	0.664	1	0:00:20.683892
43620	872	872	0.8	1	0:00:20.695400
43640	872	-1	0.0	0	0:00:20.649832
43660	873	873	0.8	1	0:00:20.701657
43680	873	873	0.8	1	0:00:20.641083
43700	874	874	0.0509	1	0:00:20.673770
43720	874	874	0.0605	1	0:00:20.641464
43740	874	874	0.8	1	0:00:20.670314
43760	875	875	0.743	1	0:00:20.625284
43780	875	875	0.8	1	0:00:20.614574
43800	876	648	0.0633	0	0:00:20.636648
43820	876	-1	0.0	0	0:00:20.622421
43840	876	876	0.219	1	0:00:20.657152
43860	877	877	0.8	1	0:00:20.646432
43880	877	-1	0.0	0	0:00:20.587693
43900	878	878	0.8	1	0:00:20.613625
43920	878	878	0.8	1	0:00:20.661514
43940	878	878	0.753	1	0:00:20.655147
43960	879	-1	0.0	0	0:00:20.601743
43980	879	879	0.565	1	0:00:20.704336
44000	880	880	0.299	1	0:00:20.700189
44020	880	880	0.8	1	0:00:20.630259
44040	880	880	0.173	1	0:00:20.638931
44060	881	881	0.7	1	0:00:20.610426
44080	881	881	0.8	1	0:00:20.637475
44100	882	-1	0.0	0	0:00:20.612656
44120	882	-1	0.0	0	0:00:20.650610
44140	882	859	0.0258	0	0:00:20.548560
44160	883	-1	0.0	0	0:00:20.697462
44180	883	883	0.546	1	0:00:20.584246
44200	884	884	0.8	1	0:00:20.626471
44220	884	884	0.778	1	0:00:20.635328
44240	884	884	0.464	1	0:00:20.653642
44260	885	911	0.178	0	0:00:20.609680
44280	885	679	0.237	0	0:00:20.645961
44300	886	886	0.8	1	0:00:20.698177
44320	886	886	0.7	1	0:00:20.611208
44340	886	886	0.0286	1	0:00:20.597443
44360	887	887	0.216	1	0:00:20.608580
44380	887	887	0.628	1	0:00:20.618551
44400	888	718	0.684	0	0:00:20.635651
44420	888	888	0.778	1	0:00:20.651553
44440	888	-1	0.0	0	0:00:20.626534
44460	889	889	0.743	1	0:00:20.590319
44480	889	889	0.523	1	0:00:20.641531
44500	890	890	0.8	1	0:00:20.680673
44520	890	890	0.8	1	0:00:20.688424
44540	890	890	0.8	1	0:00:20.618979
44560	891	-1	0.0	0	0:00:20.686862
44580	891	891	0.063	1	0:00:20.598543
44600	892	442	0.304	0	0:00:20.625618
44620	892	-1	0.0	0	0:00:20.600286
44640	892	892	0.8	1	0:00:20.689911
44660	893	539	0.173	0	0:00:20.610651
44680	893	893	0.743	1	0:00:20.585060
44700	894	894	0.576	1	0:00:20.634201
44720	894	-1	0.0	0	0:00:20.538457
44740	894	564	0.0105	0	0:00:20.590883
44760	895	895	0.8	1	0:00:20.570617
44780	895	404	0.102	0	0:00:20.604583
44800	896	896	0.654	1	0:00:20.632460
44820	896	896	0.8	1	0:00:20.625377
44840	896	896	0.353	1	0:00:20.560823
44860	897	-1	0.0	0	0:00:20.667763
44880	897	897	0.743	1	0:00:20.634444
44900	898	-1	0.0	0	0:00:20.571937
44920	898	737	0.423	0	0:00:20.668927
44940	898	898	0.159	1	0:00:20.580631
44960	899	-1	0.0	0	0:00:20.646278
44980	899	719	0.107	0	0:00:20.684832
45000	900	900	0.8	1	0:00:20.639615
45020	900	900	0.705	1	0:00:20.632325
45040	900	900	0.8	1	0:00:20.651063
45060	901	653	0.167	0	0:00:20.596931
45080	901	-1	0.0	0	0:00:20.623738
45100	902	902	0.586	1	0:00:20.663687
45120	902	902	0.8	1	0:00:20.612900
45140	902	902	0.8	1	0:00:20.570012
45160	903	903	0.673	1	0:00:20.657867
45180	903	903	0.609	1	0:00:20.677840
45200	904	905	0.195	0	0:00:20.692036
45220	904	904	0.356	1	0:00:20.636686
45240	904	904	0.168	1	0:00:20.651084
45260	905	794	0.0384	0	0:00:20.694993
45280	905	-1	0.0	0	0:00:20.591582
45300	906	906	0.753	1	0:00:20.618937
45320	906	457	0.0626	0	0:00:20.597235
45340	906	834	0.586	0	0:00:20.548499
45360	907	907	0.0592	1	0:00:20.572913
45380	907	966	0.384	0	0:00:20.607416
45400	908	895	0.8	0	0:00:20.670290
45420	908	908	0.000501	1	0:00:20.695483
45440	908	404	0.8	0	0:00:20.660975
45460	909	909	0.0911	1	0:00:20.633412
45480	909	909	0.161	1	0:00:20.609137
45500	910	910	0.0843	1	0:00:20.586605
45520	910	-1	0.0	0	0:00:20.625632
45540	910	910	0.8	1	0:00:20.656263
45560	911	928	0.525	0	0:00:20.580865
45580	911	911	0.778	1	0:00:20.639765
45600	912	677	0.204	0	0:00:20.630394
45620	912	912	0.284	1	0:00:20.613537
45640	912	791	0.051	0	0:00:20.706602
45660	913	51	0.0846	0	0:00:20.599769
45680	913	913	0.8	1	0:00:20.668544
45700	914	914	0.8	1	0:00:20.603258
45720	914	914	0.294	1	0:00:20.613164
45740	914	914	0.468	1	0:00:20.618418
45760	915	915	0.634	1	0:00:20.648560
45780	915	915	0.8	1	0:00:20.564591
45800	916	916	0.48	1	0:00:20.558060
45820	916	916	0.391	1	0:00:20.589177
45840	916	916	0.764	1	0:00:20.663014
45860	917	917	0.8	1	0:00:20.627165
45880	917	917	0.535	1	0:00:20.607948
45900	918	918	0.8	1	0:00:20.607906
45920	918	918	0.778	1	0:00:20.663600
45940	918	918	0.8	1	0:00:20.618197
45960	919	514	0.321	0	0:00:20.569628
45980	919	919	0.8	1	0:00:20.686164
46000	920	920	0.0901	1	0:00:20.556282
46020	920	920	0.343	1	0:00:20.616049
46040	920	920	0.8	1	0:00:20.677860
46060	921	917	0.523	0	0:00:20.636592
46080	921	918	0.319	0	0:00:20.629348
46100	922	922	0.11	1	0:00:20.638625
46120	922	922	0.226	1	0:00:20.627835
46140	922	446	0.202	0	0:00:20.621347
46160	923	923	0.25	1	0:00:20.635372
46180	923	923	0.0968	1	0:00:20.689662
46200	924	924	0.273	1	0:00:20.659697
46220	924	-1	0.0	0	0:00:20.636079
46240	924	924	0.309	1	0:00:20.615870
46260	925	925	0.656	1	0:00:20.660514
46280	925	925	0.8	1	0:00:20.605279
46300	926	926	0.8	1	0:00:20.566561
46320	926	926	0.38	1	0:00:20.601837
46340	926	926	0.8	1	0:00:20.670213
46360	927	927	0.8	1	0:00:20.666348
46380	927	927	0.728	1	0:00:20.663383
46400	928	-1	0.0	0	0:00:20.649947
46420	928	935	0.235	0	0:00:20.563609
46440	928	928	0.659	1	0:00:20.624880
46460	929	-1	0.0	0	0:00:20.664536
46480	929	929	0.572	1	0:00:20.674810
46500	930	930	0.0844	1	0:00:20.645614
46520	930	930	0.8	1	0:00:20.686026
46540	930	930	0.753	1	0:00:20.648119
46560	931	931	0.151	1	0:00:20.624321
46580	931	931	0.391	1	0:00:20.612495
46600	932	932	0.56	1	0:00:20.598153
46620	932	932	0.527	1	0:00:20.604905
46640	932	932	0.8	1	0:00:20.598599
46660	933	933	0.662	1	0:00:20.588603
46680	933	965	0.324	0	0:00:20.622498
46700	934	934	0.8	1	0:00:20.640145
46720	934	934	0.144	1	0:00:20.564366
46740	934	934	0.8	1	0:00:20.595093
46760	935	964	0.321	0	0:00:20.571377
46780	935	935	0.135	1	0:00:20.605986
46800	936	936	0.8	1	0:00:20.567128
46820	936	936	0.8	1	0:00:20.651777
46840	936	936	0.8	1	0:00:20.645247
46860	937	937	0.8	1	0:00:20.598716
46880	937	937	0.8	1	0:00:20.658564
46900	938	936	0.176	0	0:00:20.602695
46920	938	938	0.778	1	0:00:20.617887
46940	938	-1	0.0	0	0:00:20.595439
46960	939	939	0.078	1	0:00:20.546835
46980	939	939	0.178	1	0:00:20.690135
47000	940	-1	0.0	0	0:00:20.615825
47020	940	940	0.8	1	0:00:20.590946
47040	940	940	0.357	1	0:00:20.637166
47060	941	941	0.229	1	0:00:20.600836
47080	941	941	0.8	1	0:00:20.605550
47100	942	942	0.8	1	0:00:20.622264
47120	942	-1	0.0	0	0:00:20.598106
47140	942	942	0.8	1	0:00:20.586151
47160	943	943	0.488	1	0:00:20.632365
47180	943	943	0.8	1	0:00:20.568736
47200	944	946	0.364	0	0:00:20.625141
47220	944	944	0.8	1	0:00:20.625635
47240	944	944	0.8	1	0:00:20.715569
47260	945	945	0.6	1	0:00:20.594590
47280	945	945	0.735	1	0:00:20.632007
47300	946	946	0.8	1	0:00:20.616415
47320	946	946	0.485	1	0:00:20.600419
47340	946	946	0.8	1	0:00:20.595025
47360	947	947	0.8	1	0:00:20.605335
47380	947	947	0.116	1	0:00:20.503147
47400	948	948	0.8	1	0:00:20.585411
47420	948	948	0.125	1	0:00:20.556093
47440	948	948	0.8	1	0:00:20.596549
47460	949	953	0.0827	0	0:00:20.625355
47480	949	949	0.8	1	0:00:20.685168
47500	950	950	0.8	1	0:00:20.631469
47520	950	951	0.8	0	0:00:20.626631
47540	950	951	0.452	0	0:00:20.647499
47560	951	950	0.8	0	0:00:20.651345
47580	951	951	0.8	1	0:00:20.590159
47600	952	90	0.8	0	0:00:20.542260
47620	952	952	0.8	1	0:00:20.651194
47640	952	948	0.64	0	0:00:20.614222
47660	953	953	0.609	1	0:00:20.628150
47680	953	953	0.163	1	0:00:20.533934
47700	954	954	0.117	1	0:00:20.622676
47720	954	950	0.628	0	0:00:20.571477
47740	954	341	0.0144	0	0:00:20.659324
47760	955	955	0.68	1	0:00:20.659341
47780	955	955	0.8	1	0:00:20.651457
47800	956	956	0.282	1	0:00:20.594122
47820	956	956	0.339	1	0:00:20.592331
47840	956	936	0.139	0	0:00:20.589318
47860	957	949	0.111	0	0:00:20.603872
47880	957	-1	0.0	0	0:00:20.648739
47900	958	-1	0.0	0	0:00:20.602749
47920	958	958	0.432	1	0:00:20.596444
47940	958	-1	0.0	0	0:00:20.599046
47960	959	938	0.00138	0	0:00:20.593656
47980	959	959	0.8	1	0:00:20.614410
48000	960	-1	0.0	0	0:00:20.575188
48020	960	-1	0.0	0	0:00:20.607947
48040	960	-1	0.0	0	0:00:20.555909
48060	961	963	0.8	0	0:00:20.626601
48080	961	-1	0.0	0	0:00:20.583907
48100	962	962	0.607	1	0:00:20.618568
48120	962	962	0.677	1	0:00:20.638747
48140	962	-1	0.0	0	0:00:20.662397
48160	963	963	0.8	1	0:00:20.648937
48180	963	335	0.393	0	0:00:20.596496
48200	964	961	0.149	0	0:00:20.605951
48220	964	964	0.063	1	0:00:20.646125
48240	964	455	0.469	0	0:00:20.605476
48260	965	-1	0.0	0	0:00:20.604029
48280	965	924	0.0551	0	0:00:20.616016
48300	966	514	0.0176	0	0:00:20.619766
48320	966	966	0.8	1	0:00:20.579351
48340	966	966	0.8	1	0:00:20.558140
48360	967	-1	0.0	0	0:00:20.611166
48380	967	967	0.8	1	0:00:20.585618
48400	968	968	0.664	1	0:00:20.649101
48420	968	504	0.0181	0	0:00:20.665827
48440	968	968	0.0811	1	0:00:20.596575
48460	969	-1	0.0	0	0:00:20.623802
48480	969	463	0.0708	0	0:00:20.578078
48500	970	795	0.8	0	0:00:20.618333
48520	970	980	0.358	0	0:00:20.559481
48540	970	970	0.208	1	0:00:20.583642
48560	971	971	0.8	1	0:00:20.688677
48580	971	971	0.357	1	0:00:20.649891
48600	972	980	0.118	0	0:00:20.628060
48620	972	972	0.082	1	0:00:20.560467
48640	972	-1	0.0	0	0:00:20.611655
48660	973	973	0.743	1	0:00:20.618145
48680	973	973	0.102	1	0:00:20.627515
48700	974	974	0.8	1	0:00:20.627254
48720	974	974	0.8	1	0:00:20.590853
48740	974	974	0.715	1	0:00:20.584902
48760	975	975	0.341	1	0:00:20.684830
48780	975	975	0.518	1	0:00:20.572476
48800	976	972	0.508	0	0:00:20.625290
48820	976	980	0.268	0	0:00:20.640551
48840	976	972	0.00646	0	0:00:20.634773
48860	977	977	0.735	1	0:00:20.591397
48880	977	976	0.407	0	0:00:20.686685
48900	978	-1	0.0	0	0:00:20.568712
48920	978	973	0.168	0	0:00:20.612808
48940	978	-1	0.0	0	0:00:20.688307
48960	979	979	0.564	1	0:00:20.632453
48980	979	970	0.112	0	0:00:20.608712
49000	980	980	0.8	1	0:00:20.601802
49020	980	-1	0.0	0	0:00:20.585837
49040	980	980	0.484	1	0:00:20.685149
49060	981	981	0.778	1	0:00:20.553998
49080	981	981	0.8	1	0:00:20.631097
49100	982	982	0.8	1	0:00:20.590457
49120	982	982	0.764	1	0:00:20.628808
49140	982	457	0.163	0	0:00:20.587971
49160	983	-1	0.0	0	0:00:20.525658
49180	983	983	0.8	1	0:00:20.571314
49200	984	984	0.8	1	0:00:20.553166
49220	984	984	0.764	1	0:00:20.548523
49240	984	984	0.8	1	0:00:20.642057
49260	985	985	0.8	1	0:00:20.604288
49280	985	985	0.8	1	0:00:20.602002
49300	986	986	0.8	1	0:00:20.545829
49320	986	986	0.8	1	0:00:20.645612
49340	986	986	0.8	1	0:00:20.686239
49360	987	998	0.251	0	0:00:20.580310
49380	987	987	0.8	1	0:00:20.578749
49400	988	988	0.303	1	0:00:20.593653
49420	988	988	0.242	1	0:00:20.662812
49440	988	988	0.8	1	0:00:20.622070
49460	989	989	0.778	1	0:00:20.581580
49480	989	989	0.425	1	0:00:20.570570
49500	990	990	0.649	1	0:00:20.557542
49520	990	113	0.0429	0	0:00:20.594637
49540	990	990	0.638	1	0:00:20.618646
49560	991	991	0.8	1	0:00:20.611734
49580	991	991	0.8	1	0:00:20.634912
49600	992	992	0.8	1	0:00:20.708428
49620	992	947	0.8	0	0:00:20.650458
49640	992	947	0.324	0	0:00:20.602639
49660	993	993	0.634	1	0:00:20.646703
49680	993	993	0.8	1	0:00:20.576131
49700	994	994	0.8	1	0:00:20.587557
49720	994	994	0.764	1	0:00:20.599004
49740	994	994	0.37	1	0:00:20.595348
49760	995	995	0.691	1	0:00:20.578495
49780	995	995	0.8	1	0:00:20.618842
49800	996	996	0.487	1	0:00:20.686400
49820	996	996	0.22	1	0:00:20.642649
49840	996	996	0.764	1	0:00:20.642988
49860	997	997	0.778	1	0:00:20.665487
49880	997	947	0.16	0	0:00:20.644326
49900	998	987	0.8	0	0:00:20.655774
49920	998	998	0.728	1	0:00:20.650711
49940	998	987	0.8	0	0:00:20.550493
49960	999	-1	0.0	0	0:00:20.623806
49980	999	-1	0.0	0	0:00:20.575334
