idx	label	predict	radius	correct	time
0	0	-1	0.0	0	0:01:55.386190
20	0	0	0.434	1	0:00:09.045791
40	0	0	0.8	1	0:00:08.928140
60	1	1	0.603	1	0:00:08.947086
80	1	1	0.0987	1	0:00:08.973472
100	2	-1	0.0	0	0:00:08.980027
120	2	2	0.778	1	0:00:09.024015
140	2	2	0.283	1	0:00:09.074789
160	3	4	0.0202	0	0:00:09.046444
180	3	3	0.778	1	0:00:09.044945
200	4	-1	0.0	0	0:00:09.059882
220	4	-1	0.0	0	0:00:09.072538
240	4	-1	0.0	0	0:00:09.075852
260	5	6	0.219	0	0:00:09.063638
280	5	5	0.195	1	0:00:09.055912
300	6	6	0.343	1	0:00:09.067339
320	6	-1	0.0	0	0:00:09.058135
340	6	6	0.38	1	0:00:09.098209
360	7	7	0.567	1	0:00:09.061214
380	7	-1	0.0	0	0:00:09.062572
400	8	8	0.422	1	0:00:09.069468
420	8	-1	0.0	0	0:00:09.090029
440	8	8	0.195	1	0:00:09.091101
460	9	-1	0.0	0	0:00:09.113001
480	9	-1	0.0	0	0:00:09.077031
500	10	10	0.258	1	0:00:09.044246
520	10	-1	0.0	0	0:00:09.074562
540	10	-1	0.0	0	0:00:09.097794
560	11	-1	0.0	0	0:00:09.090862
580	11	-1	0.0	0	0:00:09.062184
600	12	-1	0.0	0	0:00:09.073671
620	12	12	0.8	1	0:00:09.075964
640	12	-1	0.0	0	0:00:09.079036
660	13	13	0.8	1	0:00:09.071118
680	13	-1	0.0	0	0:00:09.042124
700	14	14	0.286	1	0:00:09.053178
720	14	14	0.677	1	0:00:09.071833
740	14	14	0.565	1	0:00:09.082528
760	15	10	0.0419	0	0:00:09.101545
780	15	15	0.259	1	0:00:09.077610
800	16	16	0.463	1	0:00:09.070048
820	16	16	0.0666	1	0:00:09.070657
840	16	16	0.632	1	0:00:09.078972
860	17	17	0.7	1	0:00:09.069569
880	17	17	0.12	1	0:00:09.075890
900	18	137	0.109	0	0:00:09.075587
920	18	18	0.0879	1	0:00:09.075484
940	18	18	0.8	1	0:00:09.116455
960	19	17	0.592	0	0:00:09.119792
980	19	19	0.332	1	0:00:09.074627
1000	20	20	0.568	1	0:00:09.060317
1020	20	20	0.71	1	0:00:09.070575
1040	20	20	0.8	1	0:00:09.061334
1060	21	-1	0.0	0	0:00:09.070720
1080	21	-1	0.0	0	0:00:09.072415
1100	22	21	0.308	0	0:00:09.055204
1120	22	22	0.778	1	0:00:09.053552
1140	22	22	0.778	1	0:00:09.048196
1160	23	23	0.8	1	0:00:09.123605
1180	23	23	0.721	1	0:00:09.083695
1200	24	24	0.778	1	0:00:09.079987
1220	24	21	0.0765	0	0:00:09.074205
1240	24	24	0.8	1	0:00:09.077239
1260	25	103	0.103	0	0:00:09.071393
1280	25	25	0.0884	1	0:00:09.070565
1300	26	26	0.342	1	0:00:09.043610
1320	26	475	0.618	0	0:00:09.065458
1340	26	26	0.764	1	0:00:09.086586
1360	27	27	0.8	1	0:00:09.075584
1380	27	27	0.8	1	0:00:09.102526
1400	28	-1	0.0	0	0:00:09.078318
1420	28	28	0.554	1	0:00:09.076368
1440	28	-1	0.0	0	0:00:09.071882
1460	29	29	0.778	1	0:00:09.062227
1480	29	-1	0.0	0	0:00:09.057028
1500	30	30	0.753	1	0:00:09.065482
1520	30	132	0.176	0	0:00:09.052436
1540	30	-1	0.0	0	0:00:09.074698
1560	31	31	0.29	1	0:00:09.077172
1580	31	31	0.8	1	0:00:09.106453
1600	32	103	0.0719	0	0:00:09.077503
1620	32	32	0.305	1	0:00:09.076593
1640	32	-1	0.0	0	0:00:09.111556
1660	33	-1	0.0	0	0:00:09.085292
1680	33	33	0.533	1	0:00:09.061987
1700	34	-1	0.0	0	0:00:09.063051
1720	34	447	0.133	0	0:00:09.065803
1740	34	-1	0.0	0	0:00:09.068840
1760	35	35	0.526	1	0:00:09.078099
1780	35	-1	0.0	0	0:00:09.082924
1800	36	35	0.102	0	0:00:09.097279
1820	36	-1	0.0	0	0:00:09.049605
1840	36	35	0.145	0	0:00:09.064759
1860	37	35	0.275	0	0:00:09.100390
1880	37	37	0.0265	1	0:00:09.073181
1900	38	-1	0.0	0	0:00:09.070813
1920	38	32	0.277	0	0:00:09.078037
1940	38	746	0.0895	0	0:00:09.068776
1960	39	39	0.236	1	0:00:09.069210
1980	39	-1	0.0	0	0:00:09.082376
2000	40	-1	0.0	0	0:00:09.096645
2020	40	-1	0.0	0	0:00:09.058744
2040	40	-1	0.0	0	0:00:09.069074
2060	41	41	0.8	1	0:00:09.069370
2080	41	-1	0.0	0	0:00:09.080077
2100	42	-1	0.0	0	0:00:09.071060
2120	42	42	0.319	1	0:00:09.055326
2140	42	-1	0.0	0	0:00:09.066824
2160	43	-1	0.0	0	0:00:09.074286
2180	43	51	0.244	0	0:00:09.068355
2200	44	44	0.188	1	0:00:09.103540
2220	44	44	0.502	1	0:00:09.069191
2240	44	44	0.659	1	0:00:09.070749
2260	45	45	0.526	1	0:00:09.068748
2280	45	48	0.00803	0	0:00:09.065907
2300	46	46	0.393	1	0:00:09.072760
2320	46	-1	0.0	0	0:00:09.075006
2340	46	-1	0.0	0	0:00:09.092926
2360	47	26	0.298	0	0:00:09.069446
2380	47	47	0.514	1	0:00:09.074618
2400	48	-1	0.0	0	0:00:09.102391
2420	48	48	0.239	1	0:00:09.089341
2440	48	-1	0.0	0	0:00:09.072508
2460	49	50	0.413	0	0:00:09.068684
2480	49	-1	0.0	0	0:00:09.077945
2500	50	50	0.184	1	0:00:09.072875
2520	50	50	0.0723	1	0:00:09.074398
2540	50	-1	0.0	0	0:00:09.071180
2560	51	51	0.667	1	0:00:09.071716
2580	51	51	0.753	1	0:00:09.073870
2600	52	-1	0.0	0	0:00:09.065630
2620	52	-1	0.0	0	0:00:09.104939
2640	52	58	0.62	0	0:00:09.070948
2660	53	-1	0.0	0	0:00:09.056644
2680	53	-1	0.0	0	0:00:09.072075
2700	54	57	0.8	0	0:00:09.081115
2720	54	57	0.778	0	0:00:09.080836
2740	54	54	0.728	1	0:00:09.060896
2760	55	55	0.562	1	0:00:09.070976
2780	55	-1	0.0	0	0:00:09.080432
2800	56	56	0.705	1	0:00:09.060032
2820	56	15	0.0703	0	0:00:09.106876
2840	56	56	0.148	1	0:00:09.090542
2860	57	57	0.654	1	0:00:09.063414
2880	57	58	0.156	0	0:00:09.065799
2900	58	-1	0.0	0	0:00:09.079797
2920	58	-1	0.0	0	0:00:09.073199
2940	58	-1	0.0	0	0:00:09.074864
2960	59	59	0.505	1	0:00:09.057820
2980	59	-1	0.0	0	0:00:09.045207
3000	60	61	0.628	0	0:00:09.078111
3020	60	66	0.232	0	0:00:09.103338
3040	60	-1	0.0	0	0:00:09.128114
3060	61	-1	0.0	0	0:00:09.079643
3080	61	61	0.561	1	0:00:09.057074
3100	62	61	0.565	0	0:00:09.070550
3120	62	621	0.0151	0	0:00:09.077496
3140	62	-1	0.0	0	0:00:09.060872
3160	63	63	0.591	1	0:00:09.074483
3180	63	63	0.667	1	0:00:09.068898
3200	64	390	0.0168	0	0:00:09.056821
3220	64	-1	0.0	0	0:00:09.042859
3240	64	-1	0.0	0	0:00:09.109811
3260	65	-1	0.0	0	0:00:09.091884
3280	65	973	0.298	0	0:00:09.068305
3300	66	-1	0.0	0	0:00:09.061321
3320	66	-1	0.0	0	0:00:09.072520
3340	66	66	0.292	1	0:00:09.070018
3360	67	-1	0.0	0	0:00:09.067766
3380	67	67	0.48	1	0:00:09.082232
3400	68	111	0.316	0	0:00:09.075182
3420	68	68	0.502	1	0:00:09.073985
3440	68	66	0.454	0	0:00:09.097069
3460	69	-1	0.0	0	0:00:09.078330
3480	69	69	0.728	1	0:00:09.068306
3500	70	70	0.8	1	0:00:09.059968
3520	70	70	0.164	1	0:00:09.073727
3540	70	70	0.8	1	0:00:09.072981
3560	71	-1	0.0	0	0:00:09.077108
3580	71	71	0.266	1	0:00:09.070567
3600	72	72	0.312	1	0:00:09.067434
3620	72	72	0.461	1	0:00:09.072151
3640	72	72	0.8	1	0:00:09.107248
3660	73	-1	0.0	0	0:00:09.080646
3680	73	-1	0.0	0	0:00:09.066434
3700	74	-1	0.0	0	0:00:09.067843
3720	74	74	0.26	1	0:00:09.070113
3740	74	-1	0.0	0	0:00:09.113243
3760	75	75	0.8	1	0:00:09.073762
3780	75	75	0.226	1	0:00:09.073011
3800	76	-1	0.0	0	0:00:09.064856
3820	76	76	0.399	1	0:00:09.072021
3840	76	76	0.8	1	0:00:09.067521
3860	77	77	0.305	1	0:00:09.092554
3880	77	467	0.0241	0	0:00:09.066518
3900	78	75	0.204	0	0:00:09.060627
3920	78	70	0.546	0	0:00:09.065629
3940	78	78	0.721	1	0:00:09.071527
3960	79	-1	0.0	0	0:00:09.094852
3980	79	749	0.217	0	0:00:09.048913
4000	80	80	0.8	1	0:00:09.068490
4020	80	80	0.155	1	0:00:09.074733
4040	80	80	0.8	1	0:00:09.059702
4060	81	81	0.133	1	0:00:09.095156
4080	81	81	0.8	1	0:00:09.090134
4100	82	82	0.549	1	0:00:09.070995
4120	82	82	0.434	1	0:00:09.072327
4140	82	82	0.67	1	0:00:09.084249
4160	83	-1	0.0	0	0:00:09.079545
4180	83	83	0.8	1	0:00:09.080590
4200	84	562	0.415	0	0:00:09.062348
4220	84	84	0.743	1	0:00:09.074665
4240	84	84	0.778	1	0:00:09.074455
4260	85	-1	0.0	0	0:00:09.094611
4280	85	85	0.372	1	0:00:09.098093
4300	86	86	0.15	1	0:00:09.072891
4320	86	86	0.413	1	0:00:09.067255
4340	86	82	0.111	0	0:00:09.081356
4360	87	87	0.728	1	0:00:09.075715
4380	87	-1	0.0	0	0:00:09.076181
4400	88	90	0.0452	0	0:00:09.072366
4420	88	21	0.311	0	0:00:09.070406
4440	88	88	0.636	1	0:00:09.111617
4460	89	89	0.8	1	0:00:09.062633
4480	89	99	0.0362	0	0:00:09.122738
4500	90	90	0.5	1	0:00:09.071033
4520	90	90	0.8	1	0:00:09.066869
4540	90	90	0.764	1	0:00:09.070531
4560	91	91	0.431	1	0:00:09.073961
4580	91	91	0.8	1	0:00:09.064494
4600	92	14	0.121	0	0:00:09.074100
4620	92	92	0.778	1	0:00:09.070089
4640	92	92	0.258	1	0:00:09.071479
4660	93	93	0.8	1	0:00:09.064032
4680	93	93	0.687	1	0:00:09.093956
4700	94	94	0.8	1	0:00:09.086379
4720	94	94	0.087	1	0:00:09.063416
4740	94	94	0.513	1	0:00:09.078472
4760	95	95	0.606	1	0:00:09.065732
4780	95	95	0.8	1	0:00:09.071308
4800	96	96	0.8	1	0:00:09.065248
4820	96	96	0.8	1	0:00:09.052654
4840	96	96	0.8	1	0:00:09.067290
4860	97	97	0.483	1	0:00:09.066816
4880	97	97	0.0515	1	0:00:09.098446
4900	98	-1	0.0	0	0:00:09.092054
4920	98	98	0.54	1	0:00:09.076051
4940	98	139	0.0825	0	0:00:09.077455
4960	99	-1	0.0	0	0:00:09.062474
4980	99	-1	0.0	0	0:00:09.074539
5000	100	100	0.8	1	0:00:09.071674
5020	100	100	0.553	1	0:00:09.069384
5040	100	-1	0.0	0	0:00:09.063735
5060	101	101	0.389	1	0:00:09.069944
5080	101	-1	0.0	0	0:00:09.072073
5100	102	102	0.345	1	0:00:09.108137
5120	102	102	0.8	1	0:00:09.076240
5140	102	102	0.696	1	0:00:09.120165
5160	103	103	0.499	1	0:00:09.065866
5180	103	103	0.054	1	0:00:09.082830
5200	104	-1	0.0	0	0:00:09.078545
5220	104	-1	0.0	0	0:00:09.078282
5240	104	292	0.0148	0	0:00:09.080216
5260	105	105	0.305	1	0:00:09.074873
5280	105	-1	0.0	0	0:00:09.077601
5300	106	106	0.114	1	0:00:09.099000
5320	106	-1	0.0	0	0:00:09.093364
5340	106	-1	0.0	0	0:00:09.072198
5360	107	-1	0.0	0	0:00:09.089268
5380	107	-1	0.0	0	0:00:09.066430
5400	108	-1	0.0	0	0:00:09.076734
5420	108	108	0.477	1	0:00:09.061914
5440	108	973	0.0378	0	0:00:09.081129
5460	109	973	0.367	0	0:00:09.081863
5480	109	109	0.715	1	0:00:09.068511
5500	110	110	0.735	1	0:00:09.093271
5520	110	110	0.634	1	0:00:09.107083
5540	110	393	0.293	0	0:00:09.066400
5560	111	-1	0.0	0	0:00:09.072324
5580	111	818	0.02	0	0:00:09.061801
5600	112	-1	0.0	0	0:00:09.075645
5620	112	344	0.205	0	0:00:09.083573
5640	112	103	0.115	0	0:00:09.059068
5660	113	416	0.178	0	0:00:09.055287
5680	113	51	0.307	0	0:00:09.063013
5700	114	-1	0.0	0	0:00:09.065810
5720	114	114	0.431	1	0:00:09.117281
5740	114	114	0.664	1	0:00:09.075365
5760	115	111	0.046	0	0:00:09.045655
5780	115	115	0.385	1	0:00:09.075530
5800	116	116	0.8	1	0:00:09.085012
5820	116	116	0.623	1	0:00:09.079043
5840	116	-1	0.0	0	0:00:09.094954
5860	117	-1	0.0	0	0:00:09.062868
5880	117	117	0.126	1	0:00:09.072390
5900	118	118	0.138	1	0:00:09.076464
5920	118	-1	0.0	0	0:00:09.099805
5940	118	-1	0.0	0	0:00:09.078246
5960	119	118	0.0272	0	0:00:09.068194
5980	119	125	0.131	0	0:00:09.074168
6000	120	-1	0.0	0	0:00:09.080801
6020	120	-1	0.0	0	0:00:09.065810
6040	120	120	0.728	1	0:00:09.079194
6060	121	121	0.172	1	0:00:09.088444
6080	121	121	0.55	1	0:00:09.072396
6100	122	122	0.282	1	0:00:09.070246
6120	122	122	0.303	1	0:00:09.093050
6140	122	122	0.391	1	0:00:09.086689
6160	123	124	0.335	0	0:00:09.081304
6180	123	123	0.376	1	0:00:09.064989
6200	124	-1	0.0	0	0:00:09.080250
6220	124	-1	0.0	0	0:00:09.075052
6240	124	416	0.22	0	0:00:09.061268
6260	125	125	0.638	1	0:00:09.065561
6280	125	125	0.237	1	0:00:09.072039
6300	126	126	0.484	1	0:00:09.063346
6320	126	-1	0.0	0	0:00:09.076066
6340	126	107	0.0607	0	0:00:09.093836
6360	127	127	0.662	1	0:00:09.045568
6380	127	-1	0.0	0	0:00:09.077512
6400	128	128	0.465	1	0:00:09.075081
6420	128	21	0.212	0	0:00:09.082208
6440	128	128	0.501	1	0:00:09.066742
6460	129	129	0.8	1	0:00:09.066105
6480	129	129	0.552	1	0:00:09.052958
6500	130	-1	0.0	0	0:00:09.058406
6520	130	130	0.456	1	0:00:09.076984
6540	130	-1	0.0	0	0:00:09.125635
6560	131	132	0.00414	0	0:00:09.095143
6580	131	132	0.547	0	0:00:09.068029
6600	132	132	0.0834	1	0:00:09.061525
6620	132	132	0.357	1	0:00:09.067599
6640	132	-1	0.0	0	0:00:09.065421
6660	133	337	0.277	0	0:00:09.085562
6680	133	-1	0.0	0	0:00:09.079942
6700	134	-1	0.0	0	0:00:09.063971
6720	134	352	0.1	0	0:00:09.076594
6740	134	138	0.314	0	0:00:09.094653
6760	135	135	0.778	1	0:00:09.119336
6780	135	135	0.281	1	0:00:09.073995
6800	136	136	0.8	1	0:00:09.080531
6820	136	136	0.456	1	0:00:09.090014
6840	136	136	0.664	1	0:00:09.086555
6860	137	137	0.8	1	0:00:09.062629
6880	137	137	0.17	1	0:00:09.067990
6900	138	138	0.753	1	0:00:09.079139
6920	138	138	0.594	1	0:00:09.080584
6940	138	81	0.228	0	0:00:09.073480
6960	139	139	0.8	1	0:00:09.121248
6980	139	139	0.101	1	0:00:09.069751
7000	140	140	0.778	1	0:00:09.069667
7020	140	995	0.033	0	0:00:09.074008
7040	140	140	0.149	1	0:00:09.077320
7060	141	-1	0.0	0	0:00:09.077421
7080	141	141	0.109	1	0:00:09.076057
7100	142	-1	0.0	0	0:00:09.060862
7120	142	142	0.753	1	0:00:09.077510
7140	142	142	0.8	1	0:00:09.073543
7160	143	-1	0.0	0	0:00:09.090159
7180	143	143	0.322	1	0:00:09.100312
7200	144	29	0.0199	0	0:00:09.071533
7220	144	-1	0.0	0	0:00:09.080705
7240	144	-1	0.0	0	0:00:09.085609
7260	145	145	0.8	1	0:00:09.068622
7280	145	145	0.148	1	0:00:09.068575
7300	146	-1	0.0	0	0:00:09.080935
7320	146	-1	0.0	0	0:00:09.076088
7340	146	146	0.8	1	0:00:09.061611
7360	147	148	0.143	0	0:00:09.085090
7380	147	147	0.206	1	0:00:09.108595
7400	148	148	0.8	1	0:00:09.057156
7420	148	148	0.8	1	0:00:09.071696
7440	148	148	0.715	1	0:00:09.067150
7460	149	149	0.237	1	0:00:09.125691
7480	149	149	0.659	1	0:00:09.076826
7500	150	360	0.109	0	0:00:09.065484
7520	150	-1	0.0	0	0:00:09.064046
7540	150	-1	0.0	0	0:00:09.071939
7560	151	151	0.287	1	0:00:09.065109
7580	151	-1	0.0	0	0:00:09.102909
7600	152	152	0.213	1	0:00:09.064537
7620	152	152	0.27	1	0:00:09.075387
7640	152	152	0.0922	1	0:00:09.067237
7660	153	153	0.0354	1	0:00:09.070193
7680	153	181	0.063	0	0:00:09.067968
7700	154	262	0.0202	0	0:00:09.061871
7720	154	154	0.00947	1	0:00:09.060539
7740	154	254	0.512	0	0:00:09.055037
7760	155	-1	0.0	0	0:00:09.070216
7780	155	155	0.431	1	0:00:09.102216
7800	156	156	0.7	1	0:00:09.096074
7820	156	156	0.594	1	0:00:09.078565
7840	156	-1	0.0	0	0:00:09.067597
7860	157	195	0.122	0	0:00:09.073170
7880	157	157	0.247	1	0:00:09.065834
7900	158	158	0.332	1	0:00:09.071559
7920	158	195	0.778	0	0:00:09.070797
7940	158	237	0.00979	0	0:00:09.095804
7960	159	159	0.0372	1	0:00:09.075150
7980	159	159	0.563	1	0:00:09.086470
8000	160	160	0.488	1	0:00:09.110758
8020	160	-1	0.0	0	0:00:09.056065
8040	160	-1	0.0	0	0:00:09.065962
8060	161	161	0.21	1	0:00:09.074839
8080	161	18	0.075	0	0:00:09.062547
8100	162	162	0.17	1	0:00:09.073513
8120	162	162	0.565	1	0:00:09.052797
8140	162	162	0.594	1	0:00:09.071264
8160	163	206	0.0032	0	0:00:09.074703
8180	163	-1	0.0	0	0:00:09.078090
8200	164	-1	0.0	0	0:00:09.089955
8220	164	-1	0.0	0	0:00:09.087436
8240	164	164	0.778	1	0:00:09.074604
8260	165	206	0.327	0	0:00:09.067905
8280	165	166	0.21	0	0:00:09.073168
8300	166	-1	0.0	0	0:00:09.054839
8320	166	162	0.626	0	0:00:09.059870
8340	166	166	0.0198	1	0:00:09.057229
8360	167	-1	0.0	0	0:00:09.072006
8380	167	166	0.397	0	0:00:09.080326
8400	168	341	0.191	0	0:00:09.086015
8420	168	-1	0.0	0	0:00:09.104055
8440	168	168	0.419	1	0:00:09.075261
8460	169	-1	0.0	0	0:00:09.069251
8480	169	169	0.251	1	0:00:09.065168
8500	170	-1	0.0	0	0:00:09.071534
8520	170	202	0.18	0	0:00:09.074512
8540	170	-1	0.0	0	0:00:09.074698
8560	171	173	0.0988	0	0:00:09.085016
8580	171	-1	0.0	0	0:00:09.076818
8600	172	246	0.108	0	0:00:09.073427
8620	172	172	0.613	1	0:00:09.102977
8640	172	253	0.331	0	0:00:09.093222
8660	173	173	0.8	1	0:00:09.072411
8680	173	-1	0.0	0	0:00:09.066947
8700	174	174	0.00527	1	0:00:09.080815
8720	174	-1	0.0	0	0:00:09.073150
8740	174	174	0.464	1	0:00:09.069744
8760	175	-1	0.0	0	0:00:09.075672
8780	175	-1	0.0	0	0:00:09.065492
8800	176	176	0.618	1	0:00:09.076615
8820	176	172	0.0456	0	0:00:09.106816
8840	176	-1	0.0	0	0:00:09.063774
8860	177	177	0.216	1	0:00:09.068930
8880	177	177	0.57	1	0:00:09.069837
8900	178	178	0.561	1	0:00:09.075285
8920	178	51	0.0335	0	0:00:09.076065
8940	178	178	0.3	1	0:00:09.074036
8960	179	-1	0.0	0	0:00:09.068666
8980	179	179	0.464	1	0:00:09.062521
9000	180	286	0.0115	0	0:00:09.078838
9020	180	-1	0.0	0	0:00:09.098432
9040	180	-1	0.0	0	0:00:09.090163
9060	181	-1	0.0	0	0:00:09.070009
9080	181	181	0.381	1	0:00:09.079071
9100	182	760	0.391	0	0:00:09.065679
9120	182	170	0.146	0	0:00:09.070297
9140	182	-1	0.0	0	0:00:09.067661
9160	183	-1	0.0	0	0:00:09.075027
9180	183	197	0.618	0	0:00:09.065984
9200	184	191	0.0804	0	0:00:09.060806
9220	184	827	0.0781	0	0:00:09.085727
9240	184	184	0.6	1	0:00:09.109411
9260	185	185	0.0161	1	0:00:09.069679
9280	185	185	0.176	1	0:00:09.076601
9300	186	203	0.104	0	0:00:09.075447
9320	186	-1	0.0	0	0:00:09.086956
9340	186	-1	0.0	0	0:00:09.120465
9360	187	191	0.00263	0	0:00:09.063853
9380	187	175	0.141	0	0:00:09.069469
9400	188	188	0.177	1	0:00:09.072186
9420	188	101	0.0997	0	0:00:09.071417
9440	188	790	0.235	0	0:00:09.104662
9460	189	191	0.551	0	0:00:09.072225
9480	189	189	0.667	1	0:00:09.068595
9500	190	190	0.8	1	0:00:09.054181
9520	190	-1	0.0	0	0:00:09.071238
9540	190	-1	0.0	0	0:00:09.062896
9560	191	191	0.472	1	0:00:09.091411
9580	191	191	0.721	1	0:00:09.072605
9600	192	199	0.389	0	0:00:09.071718
9620	192	-1	0.0	0	0:00:09.077557
9640	192	192	0.0544	1	0:00:09.090056
9660	193	261	0.249	0	0:00:09.081666
9680	193	-1	0.0	0	0:00:09.080556
9700	194	-1	0.0	0	0:00:09.067638
9720	194	194	0.28	1	0:00:09.079939
9740	194	194	0.283	1	0:00:09.076015
9760	195	195	0.753	1	0:00:09.058824
9780	195	195	0.662	1	0:00:09.069436
9800	196	199	0.443	0	0:00:09.065607
9820	196	196	0.199	1	0:00:09.071701
9840	196	198	0.753	0	0:00:09.058383
9860	197	199	0.367	0	0:00:09.117714
9880	197	-1	0.0	0	0:00:09.061703
9900	198	-1	0.0	0	0:00:09.063381
9920	198	198	0.409	1	0:00:09.077106
9940	198	196	0.215	0	0:00:09.071908
9960	199	203	0.64	0	0:00:09.059491
9980	199	199	0.5	1	0:00:09.068721
10000	200	-1	0.0	0	0:00:09.053639
10020	200	-1	0.0	0	0:00:09.071736
10040	200	155	0.533	0	0:00:09.107088
10060	201	194	0.0317	0	0:00:09.098863
10080	201	-1	0.0	0	0:00:09.068127
10100	202	202	0.225	1	0:00:09.076808
10120	202	-1	0.0	0	0:00:09.064230
10140	202	184	0.0367	0	0:00:09.074257
10160	203	359	0.0101	0	0:00:09.067771
10180	203	203	0.8	1	0:00:09.067391
10200	204	155	0.0917	0	0:00:09.058950
10220	204	153	0.458	0	0:00:09.067409
10240	204	155	0.477	0	0:00:09.065757
10260	205	205	0.184	1	0:00:09.108954
10280	205	205	0.353	1	0:00:09.101527
10300	206	206	0.348	1	0:00:09.069797
10320	206	-1	0.0	0	0:00:09.069130
10340	206	206	0.207	1	0:00:09.076538
10360	207	-1	0.0	0	0:00:09.069696
10380	207	213	0.197	0	0:00:09.070865
10400	208	208	0.597	1	0:00:09.067193
10420	208	208	0.326	1	0:00:09.058354
10440	208	-1	0.0	0	0:00:09.060574
10460	209	209	0.458	1	0:00:09.071689
10480	209	386	0.0284	0	0:00:09.092588
10500	210	210	0.00464	1	0:00:09.058027
10520	210	210	0.15	1	0:00:09.071500
10540	210	210	0.654	1	0:00:09.074445
10560	211	227	0.0284	0	0:00:09.072755
10580	211	211	0.228	1	0:00:09.064278
10600	212	-1	0.0	0	0:00:09.072907
10620	212	-1	0.0	0	0:00:09.065737
10640	212	212	0.354	1	0:00:09.063415
10660	213	213	0.67	1	0:00:09.065977
10680	213	-1	0.0	0	0:00:09.100303
10700	214	-1	0.0	0	0:00:09.068253
10720	214	219	0.122	0	0:00:09.064211
10740	214	214	0.186	1	0:00:09.098001
10760	215	208	0.275	0	0:00:09.071471
10780	215	-1	0.0	0	0:00:09.069453
10800	216	216	0.159	1	0:00:09.078804
10820	216	216	0.705	1	0:00:09.063865
10840	216	-1	0.0	0	0:00:09.056200
10860	217	217	0.71	1	0:00:09.065610
10880	217	217	0.569	1	0:00:09.094372
10900	218	218	0.584	1	0:00:09.088344
10920	218	218	0.409	1	0:00:09.071779
10940	218	218	0.398	1	0:00:09.065367
10960	219	219	0.0754	1	0:00:09.086514
10980	219	-1	0.0	0	0:00:09.076686
11000	220	220	0.132	1	0:00:09.066725
11020	220	219	0.556	0	0:00:09.070801
11040	220	221	0.0398	0	0:00:09.075315
11060	221	-1	0.0	0	0:00:09.064527
11080	221	-1	0.0	0	0:00:09.056772
11100	222	296	0.0702	0	0:00:09.131443
11120	222	-1	0.0	0	0:00:09.055943
11140	222	257	0.0928	0	0:00:09.069725
11160	223	223	0.11	1	0:00:09.066909
11180	223	224	0.213	0	0:00:09.082050
11200	224	-1	0.0	0	0:00:09.068663
11220	224	224	0.164	1	0:00:09.067771
11240	224	224	0.185	1	0:00:09.059596
11260	225	284	0.134	0	0:00:09.058194
11280	225	225	0.543	1	0:00:09.072118
11300	226	-1	0.0	0	0:00:09.092061
11320	226	226	0.0254	1	0:00:09.086152
11340	226	-1	0.0	0	0:00:09.044685
11360	227	227	0.472	1	0:00:09.055145
11380	227	227	0.403	1	0:00:09.071203
11400	228	-1	0.0	0	0:00:09.066540
11420	228	228	0.599	1	0:00:09.070637
11440	228	228	0.387	1	0:00:09.115510
11460	229	229	0.372	1	0:00:09.066380
11480	229	229	0.242	1	0:00:09.056080
11500	230	230	0.778	1	0:00:09.095118
11520	230	230	0.17	1	0:00:09.100288
11540	230	230	0.367	1	0:00:09.053156
11560	231	230	0.753	0	0:00:09.064587
11580	231	231	0.244	1	0:00:09.078316
11600	232	232	0.156	1	0:00:09.069632
11620	232	251	0.146	0	0:00:09.057780
11640	232	232	0.13	1	0:00:09.076171
11660	233	197	0.247	0	0:00:09.079459
11680	233	191	0.0353	0	0:00:09.059048
11700	234	-1	0.0	0	0:00:09.067488
11720	234	234	0.0435	1	0:00:09.115960
11740	234	237	0.0682	0	0:00:09.063491
11760	235	235	0.354	1	0:00:09.066828
11780	235	235	0.181	1	0:00:09.060971
11800	236	-1	0.0	0	0:00:09.085351
11820	236	236	0.248	1	0:00:09.071479
11840	236	-1	0.0	0	0:00:09.070802
11860	237	237	0.228	1	0:00:09.063209
11880	237	234	0.00797	0	0:00:09.074810
11900	238	238	0.213	1	0:00:09.068477
11920	238	-1	0.0	0	0:00:09.092849
11940	238	238	0.163	1	0:00:09.075764
11960	239	-1	0.0	0	0:00:09.074007
11980	239	238	0.0561	0	0:00:09.055807
12000	240	-1	0.0	0	0:00:09.067460
12020	240	238	0.226	0	0:00:09.073627
12040	240	241	0.0384	0	0:00:09.069512
12060	241	241	0.288	1	0:00:09.060460
12080	241	241	0.049	1	0:00:09.071562
12100	242	-1	0.0	0	0:00:09.069334
12120	242	-1	0.0	0	0:00:09.087582
12140	242	-1	0.0	0	0:00:09.114095
12160	243	243	0.209	1	0:00:09.070600
12180	243	182	0.0229	0	0:00:09.067869
12200	244	244	0.8	1	0:00:09.071325
12220	244	244	0.504	1	0:00:09.058070
12240	244	244	0.8	1	0:00:09.064939
12260	245	245	0.778	1	0:00:09.066758
12280	245	245	0.347	1	0:00:09.053728
12300	246	251	0.267	0	0:00:09.064356
12320	246	246	0.322	1	0:00:09.072849
12340	246	-1	0.0	0	0:00:09.119514
12360	247	156	0.089	0	0:00:09.087345
12380	247	247	0.071	1	0:00:09.050631
12400	248	248	0.743	1	0:00:09.068826
12420	248	249	0.696	0	0:00:09.075014
12440	248	248	0.0968	1	0:00:09.065321
12460	249	249	0.61	1	0:00:09.072431
12480	249	-1	0.0	0	0:00:09.074558
12500	250	-1	0.0	0	0:00:09.063449
12520	250	248	0.124	0	0:00:09.070285
12540	250	248	0.217	0	0:00:09.090199
12560	251	251	0.8	1	0:00:09.088543
12580	251	251	0.8	1	0:00:09.074371
12600	252	-1	0.0	0	0:00:09.056261
12620	252	-1	0.0	0	0:00:09.065048
12640	252	256	0.00364	0	0:00:09.072252
12660	253	253	0.597	1	0:00:09.069318
12680	253	253	0.778	1	0:00:09.055828
12700	254	254	0.321	1	0:00:09.066597
12720	254	254	0.8	1	0:00:09.071228
12740	254	254	0.8	1	0:00:09.083345
12760	255	255	0.8	1	0:00:09.106214
12780	255	255	0.615	1	0:00:09.057606
12800	256	256	0.116	1	0:00:09.066615
12820	256	256	0.0662	1	0:00:09.069508
12840	256	256	0.043	1	0:00:09.085084
12860	257	257	0.343	1	0:00:09.071832
12880	257	257	0.444	1	0:00:09.062169
12900	258	258	0.435	1	0:00:09.053322
12920	258	-1	0.0	0	0:00:09.060776
12940	258	-1	0.0	0	0:00:09.054645
12960	259	259	0.342	1	0:00:09.118443
12980	259	259	0.235	1	0:00:09.063728
13000	260	260	0.7	1	0:00:09.071617
13020	260	260	0.452	1	0:00:09.055021
13040	260	279	0.0545	0	0:00:09.080585
13060	261	254	0.0628	0	0:00:09.071758
13080	261	261	0.205	1	0:00:09.073040
13100	262	262	0.526	1	0:00:09.066688
13120	262	262	0.1	1	0:00:09.060326
13140	262	234	0.137	0	0:00:09.069366
13160	263	151	0.189	0	0:00:09.080597
13180	263	263	0.667	1	0:00:09.096744
13200	264	195	0.024	0	0:00:09.082834
13220	264	-1	0.0	0	0:00:09.077593
13240	264	264	0.491	1	0:00:09.074752
13260	265	266	0.0318	0	0:00:09.065274
13280	265	181	0.13	0	0:00:09.069345
13300	266	266	0.417	1	0:00:09.062323
13320	266	181	0.00834	0	0:00:09.063000
13340	266	153	0.0827	0	0:00:09.072901
13360	267	267	0.399	1	0:00:09.071069
13380	267	-1	0.0	0	0:00:09.086628
13400	268	268	0.562	1	0:00:09.071535
13420	268	-1	0.0	0	0:00:09.055929
13440	268	268	0.0856	1	0:00:09.074788
13460	269	-1	0.0	0	0:00:09.079467
13480	269	249	0.0289	0	0:00:09.059672
13500	270	270	0.565	1	0:00:09.068938
13520	270	270	0.133	1	0:00:09.070378
13540	270	270	0.0256	1	0:00:09.113119
13560	271	341	0.089	0	0:00:09.068529
13580	271	278	0.0343	0	0:00:09.105413
13600	272	274	0.196	0	0:00:09.083570
13620	272	272	0.328	1	0:00:09.070371
13640	272	269	0.114	0	0:00:09.070773
13660	273	273	0.00138	1	0:00:09.070979
13680	273	273	0.288	1	0:00:09.075117
13700	274	274	0.207	1	0:00:09.067067
13720	274	274	0.00332	1	0:00:09.075628
13740	274	277	0.0728	0	0:00:09.061281
13760	275	275	0.494	1	0:00:09.083407
13780	275	275	0.778	1	0:00:09.105053
13800	276	276	0.317	1	0:00:09.109149
13820	276	276	0.135	1	0:00:09.058814
13840	276	-1	0.0	0	0:00:09.074107
13860	277	277	0.5	1	0:00:09.073102
13880	277	-1	0.0	0	0:00:09.065694
13900	278	278	0.0799	1	0:00:09.067367
13920	278	272	0.000564	0	0:00:09.077977
13940	278	278	0.0548	1	0:00:09.074845
13960	279	-1	0.0	0	0:00:09.072170
13980	279	279	0.616	1	0:00:09.076916
14000	280	280	0.218	1	0:00:09.109062
14020	280	280	0.134	1	0:00:09.056260
14040	280	280	0.313	1	0:00:09.065723
14060	281	281	0.132	1	0:00:09.065436
14080	281	292	0.0692	0	0:00:09.083782
14100	282	281	0.137	0	0:00:09.076201
14120	282	292	0.351	0	0:00:09.074732
14140	282	-1	0.0	0	0:00:09.069843
14160	283	258	0.121	0	0:00:09.049703
14180	283	283	0.487	1	0:00:09.060166
14200	284	284	0.8	1	0:00:09.098353
14220	284	285	0.394	0	0:00:09.058480
14240	284	284	0.8	1	0:00:09.110949
14260	285	151	0.156	0	0:00:09.052543
14280	285	281	0.0837	0	0:00:09.073604
14300	286	286	0.8	1	0:00:09.068056
14320	286	286	0.306	1	0:00:09.068178
14340	286	-1	0.0	0	0:00:09.078205
14360	287	287	0.8	1	0:00:09.068531
14380	287	293	0.416	0	0:00:09.070021
14400	288	290	0.0268	0	0:00:09.087342
14420	288	-1	0.0	0	0:00:09.094973
14440	288	288	0.111	1	0:00:09.082030
14460	289	289	0.289	1	0:00:09.082836
14480	289	289	0.398	1	0:00:09.071689
14500	290	290	0.8	1	0:00:09.076443
14520	290	291	0.188	0	0:00:09.079315
14540	290	290	0.764	1	0:00:09.074003
14560	291	-1	0.0	0	0:00:09.059564
14580	291	291	0.8	1	0:00:09.072925
14600	292	290	0.684	0	0:00:09.097847
14620	292	292	0.0847	1	0:00:09.111043
14640	292	292	0.8	1	0:00:09.075077
14660	293	293	0.8	1	0:00:09.063013
14680	293	293	0.8	1	0:00:09.077417
14700	294	-1	0.0	0	0:00:09.060381
14720	294	294	0.0986	1	0:00:09.073189
14740	294	294	0.243	1	0:00:09.073227
14760	295	295	0.389	1	0:00:09.055269
14780	295	295	0.8	1	0:00:09.070483
14800	296	296	0.195	1	0:00:09.058610
14820	296	296	0.233	1	0:00:09.098411
14840	296	-1	0.0	0	0:00:09.059656
14860	297	297	0.0978	1	0:00:09.074250
14880	297	297	0.8	1	0:00:09.069461
14900	298	274	0.141	0	0:00:09.065246
14920	298	-1	0.0	0	0:00:09.069155
14940	298	-1	0.0	0	0:00:09.105631
14960	299	-1	0.0	0	0:00:09.050876
14980	299	-1	0.0	0	0:00:09.082550
15000	300	300	0.8	1	0:00:09.075900
15020	300	-1	0.0	0	0:00:09.078706
15040	300	306	0.0337	0	0:00:09.100956
15060	301	-1	0.0	0	0:00:09.071633
15080	301	301	0.696	1	0:00:09.071947
15100	302	302	0.0597	1	0:00:09.070567
15120	302	300	0.8	0	0:00:09.065033
15140	302	-1	0.0	0	0:00:09.054356
15160	303	-1	0.0	0	0:00:09.086181
15180	303	-1	0.0	0	0:00:09.068489
15200	304	301	0.34	0	0:00:09.074162
15220	304	304	0.235	1	0:00:09.080751
15240	304	303	0.572	0	0:00:09.087534
15260	305	305	0.467	1	0:00:09.065465
15280	305	305	0.502	1	0:00:09.076241
15300	306	306	0.263	1	0:00:09.070105
15320	306	306	0.283	1	0:00:09.054365
15340	306	306	0.385	1	0:00:09.065931
15360	307	307	0.325	1	0:00:09.044334
15380	307	307	0.252	1	0:00:09.067470
15400	308	-1	0.0	0	0:00:09.070955
15420	308	308	0.126	1	0:00:09.076325
15440	308	308	0.271	1	0:00:09.104766
15460	309	308	0.112	0	0:00:09.072909
15480	309	309	0.585	1	0:00:09.059982
15500	310	310	0.705	1	0:00:09.069538
15520	310	-1	0.0	0	0:00:09.073894
15540	310	310	0.221	1	0:00:09.061912
15560	311	-1	0.0	0	0:00:09.076933
15580	311	312	0.116	0	0:00:09.061371
15600	312	-1	0.0	0	0:00:09.063355
15620	312	-1	0.0	0	0:00:09.072571
15640	312	311	0.23	0	0:00:09.122685
15660	313	313	0.207	1	0:00:09.093352
15680	313	-1	0.0	0	0:00:09.066697
15700	314	304	0.182	0	0:00:09.059131
15720	314	300	0.0863	0	0:00:09.065629
15740	314	-1	0.0	0	0:00:09.076573
15760	315	955	0.148	0	0:00:09.070352
15780	315	46	0.0464	0	0:00:09.070628
15800	316	316	0.135	1	0:00:09.043725
15820	316	316	0.6	1	0:00:09.072184
15840	316	-1	0.0	0	0:00:09.081364
15860	317	317	0.743	1	0:00:09.130314
15880	317	317	0.8	1	0:00:09.065456
15900	318	-1	0.0	0	0:00:09.062557
15920	318	389	0.0283	0	0:00:09.050153
15940	318	-1	0.0	0	0:00:09.043090
15960	319	-1	0.0	0	0:00:09.079234
15980	319	319	0.209	1	0:00:09.072251
16000	320	320	0.104	1	0:00:09.041649
16020	320	320	0.8	1	0:00:09.066382
16040	320	-1	0.0	0	0:00:09.064694
16060	321	321	0.503	1	0:00:09.097630
16080	321	321	0.178	1	0:00:09.079538
16100	322	-1	0.0	0	0:00:09.069112
16120	322	322	0.591	1	0:00:09.068386
16140	322	-1	0.0	0	0:00:09.074289
16160	323	323	0.8	1	0:00:09.068338
16180	323	323	0.8	1	0:00:09.072659
16200	324	324	0.778	1	0:00:09.052193
16220	324	324	0.104	1	0:00:09.065889
16240	324	324	0.454	1	0:00:09.066281
16260	325	392	0.0869	0	0:00:09.092374
16280	325	90	0.252	0	0:00:09.101475
16300	326	326	0.547	1	0:00:09.059925
16320	326	-1	0.0	0	0:00:09.071400
16340	326	326	0.0952	1	0:00:09.109710
16360	327	327	0.764	1	0:00:09.073484
16380	327	327	0.0542	1	0:00:09.073440
16400	328	328	0.8	1	0:00:09.067613
16420	328	328	0.8	1	0:00:09.073453
16440	328	-1	0.0	0	0:00:09.074654
16460	329	973	0.607	0	0:00:09.066449
16480	329	390	0.208	0	0:00:09.104634
16500	330	-1	0.0	0	0:00:09.077270
16520	330	330	0.565	1	0:00:09.077255
16540	330	330	0.197	1	0:00:09.076776
16560	331	331	0.505	1	0:00:09.097211
16580	331	331	0.449	1	0:00:09.074425
16600	332	850	0.0185	0	0:00:09.070765
16620	332	284	0.164	0	0:00:09.061694
16640	332	332	0.0325	1	0:00:09.052751
16660	333	333	0.8	1	0:00:09.067762
16680	333	333	0.8	1	0:00:09.099688
16700	334	-1	0.0	0	0:00:09.087810
16720	334	334	0.122	1	0:00:09.066032
16740	334	-1	0.0	0	0:00:09.066886
16760	335	-1	0.0	0	0:00:09.080284
16780	335	-1	0.0	0	0:00:09.074162
16800	336	336	0.0127	1	0:00:09.068628
16820	336	356	0.183	0	0:00:09.076936
16840	336	336	0.0975	1	0:00:09.062821
16860	337	137	0.0473	0	0:00:09.070037
16880	337	337	0.743	1	0:00:09.101603
16900	338	-1	0.0	0	0:00:09.099963
16920	338	338	0.64	1	0:00:09.073364
16940	338	216	0.132	0	0:00:09.067211
16960	339	339	0.419	1	0:00:09.077094
16980	339	603	0.333	0	0:00:09.077866
17000	340	340	0.8	1	0:00:09.070902
17020	340	340	0.8	1	0:00:09.072894
17040	340	340	0.8	1	0:00:09.109130
17060	341	341	0.691	1	0:00:09.077077
17080	341	-1	0.0	0	0:00:09.071778
17100	342	-1	0.0	0	0:00:09.089953
17120	342	350	0.118	0	0:00:09.058023
17140	342	342	0.461	1	0:00:09.074357
17160	343	343	0.433	1	0:00:09.073651
17180	343	343	0.08	1	0:00:09.083727
17200	344	344	0.534	1	0:00:09.072426
17220	344	879	0.352	0	0:00:09.077525
17240	344	-1	0.0	0	0:00:09.068809
17260	345	603	0.0343	0	0:00:09.078808
17280	345	346	0.497	0	0:00:09.063702
17300	346	137	0.239	0	0:00:09.104236
17320	346	344	0.145	0	0:00:09.092699
17340	346	346	0.651	1	0:00:09.072378
17360	347	-1	0.0	0	0:00:09.059056
17380	347	347	0.519	1	0:00:09.069670
17400	348	348	0.0438	1	0:00:09.063365
17420	348	253	0.136	0	0:00:09.076715
17440	348	349	0.753	0	0:00:09.075356
17460	349	349	0.278	1	0:00:09.072092
17480	349	349	0.721	1	0:00:09.079255
17500	350	350	0.8	1	0:00:09.104362
17520	350	350	0.8	1	0:00:09.094110
17540	350	350	0.268	1	0:00:09.067527
17560	351	-1	0.0	0	0:00:09.058205
17580	351	351	0.8	1	0:00:09.081648
17600	352	352	0.295	1	0:00:09.080689
17620	352	352	0.415	1	0:00:09.079556
17640	352	352	0.197	1	0:00:09.080229
17660	353	-1	0.0	0	0:00:09.064452
17680	353	352	0.39	0	0:00:09.073822
17700	354	354	0.387	1	0:00:09.073135
17720	354	354	0.0507	1	0:00:09.116851
17740	354	9	0.0293	0	0:00:09.105442
17760	355	355	0.8	1	0:00:09.067454
17780	355	355	0.299	1	0:00:09.068556
17800	356	344	0.0979	0	0:00:09.087323
17820	356	360	0.388	0	0:00:09.074896
17840	356	362	0.396	0	0:00:09.075341
17860	357	-1	0.0	0	0:00:09.055717
17880	357	-1	0.0	0	0:00:09.041259
17900	358	-1	0.0	0	0:00:09.060627
17920	358	356	0.138	0	0:00:09.086711
17940	358	358	0.155	1	0:00:09.093194
17960	359	-1	0.0	0	0:00:09.089952
17980	359	-1	0.0	0	0:00:09.050935
18000	360	360	0.0905	1	0:00:09.079616
18020	360	148	0.0287	0	0:00:09.074842
18040	360	356	0.106	0	0:00:09.076665
18060	361	361	0.8	1	0:00:09.073398
18080	361	-1	0.0	0	0:00:09.068560
18100	362	362	0.8	1	0:00:09.060062
18120	362	-1	0.0	0	0:00:09.088619
18140	362	362	0.8	1	0:00:09.100083
18160	363	-1	0.0	0	0:00:09.066333
18180	363	363	0.212	1	0:00:09.079642
18200	364	-1	0.0	0	0:00:09.089704
18220	364	379	0.166	0	0:00:09.081162
18240	364	364	0.39	1	0:00:09.066271
18260	365	365	0.306	1	0:00:09.078091
18280	365	365	0.259	1	0:00:09.069198
18300	366	-1	0.0	0	0:00:09.073624
18320	366	366	0.205	1	0:00:09.078130
18340	366	366	0.499	1	0:00:09.128864
18360	367	366	0.272	0	0:00:09.071187
18380	367	-1	0.0	0	0:00:09.064002
18400	368	368	0.2	1	0:00:09.076396
18420	368	368	0.501	1	0:00:09.079845
18440	368	368	0.00784	1	0:00:09.116550
18460	369	-1	0.0	0	0:00:09.079863
18480	369	-1	0.0	0	0:00:09.051247
18500	370	370	0.562	1	0:00:09.058263
18520	370	381	0.0868	0	0:00:09.079719
18540	370	-1	0.0	0	0:00:09.147988
18560	371	372	0.449	0	0:00:09.188467
18580	371	371	0.249	1	0:00:09.193544
18600	372	-1	0.0	0	0:00:09.053154
18620	372	372	0.0836	1	0:00:09.072132
18640	372	372	0.266	1	0:00:09.076404
18660	373	-1	0.0	0	0:00:09.095920
18680	373	373	0.0205	1	0:00:09.072556
18700	374	-1	0.0	0	0:00:09.059713
18720	374	-1	0.0	0	0:00:09.074213
18740	374	382	0.764	0	0:00:09.095316
18760	375	375	0.506	1	0:00:09.099585
18780	375	375	0.143	1	0:00:09.078956
18800	376	376	0.111	1	0:00:09.071288
18820	376	381	0.34	0	0:00:09.084821
18840	376	376	0.778	1	0:00:09.078269
18860	377	341	0.0746	0	0:00:09.063558
18880	377	-1	0.0	0	0:00:09.074171
18900	378	-1	0.0	0	0:00:09.059827
18920	378	379	0.313	0	0:00:09.084082
18940	378	-1	0.0	0	0:00:09.064625
18960	379	379	0.522	1	0:00:09.087805
18980	379	379	0.276	1	0:00:09.070779
19000	380	-1	0.0	0	0:00:09.067701
19020	380	387	0.286	0	0:00:09.065017
19040	380	-1	0.0	0	0:00:09.072776
19060	381	381	0.0657	1	0:00:09.060772
19080	381	-1	0.0	0	0:00:09.073323
19100	382	382	0.691	1	0:00:09.075035
19120	382	382	0.18	1	0:00:09.058027
19140	382	380	0.141	0	0:00:09.116855
19160	383	383	0.8	1	0:00:09.102298
19180	383	383	0.452	1	0:00:09.092907
19200	384	-1	0.0	0	0:00:09.066091
19220	384	384	0.8	1	0:00:09.052282
19240	384	384	0.213	1	0:00:09.082160
19260	385	-1	0.0	0	0:00:09.066404
19280	385	101	0.0707	0	0:00:09.081311
19300	386	101	0.118	0	0:00:09.064666
19320	386	386	0.0584	1	0:00:09.065264
19340	386	101	0.0754	0	0:00:09.072703
19360	387	387	0.8	1	0:00:09.093912
19380	387	-1	0.0	0	0:00:09.095000
19400	388	388	0.541	1	0:00:09.057274
19420	388	388	0.8	1	0:00:09.066125
19440	388	146	0.0154	0	0:00:09.059795
19460	389	2	0.439	0	0:00:09.080364
19480	389	391	0.13	0	0:00:09.075950
19500	390	-1	0.0	0	0:00:09.047740
19520	390	390	0.352	1	0:00:09.053015
19540	390	-1	0.0	0	0:00:09.062387
19560	391	391	0.39	1	0:00:09.061583
19580	391	97	0.181	0	0:00:09.122573
19600	392	115	0.00207	0	0:00:09.063962
19620	392	392	0.8	1	0:00:09.063961
19640	392	392	0.8	1	0:00:09.075533
19660	393	973	0.139	0	0:00:09.075468
19680	393	393	0.8	1	0:00:09.070864
19700	394	391	0.412	0	0:00:09.070343
19720	394	103	0.583	0	0:00:09.056973
19740	394	-1	0.0	0	0:00:09.070677
19760	395	-1	0.0	0	0:00:09.055665
19780	395	6	0.343	0	0:00:09.091025
19800	396	396	0.8	1	0:00:09.086492
19820	396	396	0.8	1	0:00:09.070873
19840	396	396	0.8	1	0:00:09.114781
19860	397	396	0.0373	0	0:00:09.067510
19880	397	397	0.8	1	0:00:09.080518
19900	398	398	0.8	1	0:00:09.074142
19920	398	398	0.8	1	0:00:09.073645
19940	398	783	0.482	0	0:00:09.047019
19960	399	523	0.061	0	0:00:09.055290
19980	399	-1	0.0	0	0:00:09.087998
20000	400	667	0.0766	0	0:00:09.092130
20020	400	608	0.0554	0	0:00:09.055388
20040	400	667	0.0868	0	0:00:09.049832
20060	401	401	0.628	1	0:00:09.076133
20080	401	401	0.476	1	0:00:09.058460
20100	402	-1	0.0	0	0:00:09.068180
20120	402	-1	0.0	0	0:00:09.065754
20140	402	402	0.0156	1	0:00:09.071620
20160	403	403	0.8	1	0:00:09.056046
20180	403	-1	0.0	0	0:00:09.048766
20200	404	404	0.8	1	0:00:09.116614
20220	404	404	0.567	1	0:00:09.061680
20240	404	908	0.226	0	0:00:09.062749
20260	405	405	0.721	1	0:00:09.070271
20280	405	-1	0.0	0	0:00:09.084231
20300	406	562	0.656	0	0:00:09.068630
20320	406	857	0.667	0	0:00:09.065413
20340	406	406	0.569	1	0:00:09.073120
20360	407	407	0.8	1	0:00:09.057079
20380	407	407	0.8	1	0:00:09.068953
20400	408	847	0.442	0	0:00:09.099767
20420	408	408	0.322	1	0:00:09.090341
20440	408	-1	0.0	0	0:00:09.064422
20460	409	442	0.437	0	0:00:09.060097
20480	409	409	0.454	1	0:00:09.054504
20500	410	-1	0.0	0	0:00:09.074491
20520	410	410	0.8	1	0:00:09.075991
20540	410	-1	0.0	0	0:00:09.105092
20560	411	411	0.538	1	0:00:09.077420
20580	411	-1	0.0	0	0:00:09.069152
20600	412	412	0.275	1	0:00:09.090103
20620	412	-1	0.0	0	0:00:09.104973
20640	412	412	0.429	1	0:00:09.061210
20660	413	-1	0.0	0	0:00:09.073216
20680	413	-1	0.0	0	0:00:09.075447
20700	414	414	0.204	1	0:00:09.062636
20720	414	-1	0.0	0	0:00:09.063201
20740	414	-1	0.0	0	0:00:09.075247
20760	415	857	0.552	0	0:00:09.084738
20780	415	928	0.0817	0	0:00:09.059053
20800	416	416	0.63	1	0:00:09.066254
20820	416	416	0.523	1	0:00:09.077345
20840	416	543	0.32	0	0:00:09.057743
20860	417	417	0.8	1	0:00:09.058865
20880	417	-1	0.0	0	0:00:09.065033
20900	418	-1	0.0	0	0:00:09.076535
20920	418	-1	0.0	0	0:00:09.059376
20940	418	542	0.329	0	0:00:09.062936
20960	419	419	0.145	1	0:00:09.041885
20980	419	902	0.103	0	0:00:09.047883
21000	420	-1	0.0	0	0:00:09.053505
21020	420	-1	0.0	0	0:00:09.096071
21040	420	-1	0.0	0	0:00:09.078058
21060	421	421	0.191	1	0:00:09.069980
21080	421	534	0.00947	0	0:00:09.056771
21100	422	-1	0.0	0	0:00:09.071807
21120	422	422	0.544	1	0:00:09.074355
21140	422	422	0.501	1	0:00:09.064013
21160	423	423	0.8	1	0:00:09.071521
21180	423	586	0.0281	0	0:00:09.060408
21200	424	-1	0.0	0	0:00:09.072619
21220	424	439	0.262	0	0:00:09.077152
21240	424	-1	0.0	0	0:00:09.124328
21260	425	-1	0.0	0	0:00:09.059370
21280	425	360	0.345	0	0:00:09.066377
21300	426	426	0.659	1	0:00:09.076658
21320	426	426	0.61	1	0:00:09.061040
21340	426	426	0.269	1	0:00:09.068444
21360	427	858	0.586	0	0:00:09.074759
21380	427	549	0.0342	0	0:00:09.047846
21400	428	428	0.538	1	0:00:09.065313
21420	428	-1	0.0	0	0:00:09.070645
21440	428	-1	0.0	0	0:00:09.097117
21460	429	429	0.581	1	0:00:09.084205
21480	429	429	0.8	1	0:00:09.065838
21500	430	890	0.0619	0	0:00:09.054058
21520	430	430	0.0463	1	0:00:09.058480
21540	430	-1	0.0	0	0:00:09.075381
21560	431	431	0.438	1	0:00:09.068499
21580	431	431	0.32	1	0:00:09.073892
21600	432	432	0.39	1	0:00:09.060848
21620	432	432	0.185	1	0:00:09.062573
21640	432	513	0.302	0	0:00:09.089730
21660	433	-1	0.0	0	0:00:09.084841
21680	433	433	0.8	1	0:00:09.065840
21700	434	-1	0.0	0	0:00:09.073049
21720	434	793	0.258	0	0:00:09.062199
21740	434	-1	0.0	0	0:00:09.054984
21760	435	-1	0.0	0	0:00:09.053845
21780	435	876	0.329	0	0:00:09.049474
21800	436	436	0.251	1	0:00:09.064268
21820	436	436	0.8	1	0:00:09.071321
21840	436	436	0.366	1	0:00:09.071944
21860	437	827	0.00916	0	0:00:09.097069
21880	437	833	0.595	0	0:00:09.059940
21900	438	463	0.216	0	0:00:09.064345
21920	438	477	0.103	0	0:00:09.068089
21940	438	957	0.365	0	0:00:09.095392
21960	439	439	0.8	1	0:00:09.069275
21980	439	541	0.0815	0	0:00:09.052246
22000	440	-1	0.0	0	0:00:09.070173
22020	440	440	0.221	1	0:00:09.045911
22040	440	440	0.8	1	0:00:09.056500
22060	441	441	0.8	1	0:00:09.071939
22080	441	441	0.8	1	0:00:09.056917
22100	442	442	0.8	1	0:00:09.054129
22120	442	483	0.315	0	0:00:09.062777
22140	442	608	0.038	0	0:00:09.081267
22160	443	443	0.673	1	0:00:09.093258
22180	443	443	0.64	1	0:00:09.063944
22200	444	-1	0.0	0	0:00:09.066962
22220	444	444	0.144	1	0:00:09.073049
22240	444	444	0.415	1	0:00:09.064466
22260	445	638	0.0756	0	0:00:09.098513
22280	445	890	0.0988	0	0:00:09.099316
22300	446	446	0.515	1	0:00:09.064254
22320	446	-1	0.0	0	0:00:09.046700
22340	446	478	0.471	0	0:00:09.068716
22360	447	447	0.125	1	0:00:09.057276
22380	447	-1	0.0	0	0:00:09.054462
22400	448	-1	0.0	0	0:00:09.058750
22420	448	448	0.8	1	0:00:09.076650
22440	448	448	0.8	1	0:00:09.063299
22460	449	449	0.778	1	0:00:09.088797
22480	449	525	0.0707	0	0:00:09.253604
22500	450	-1	0.0	0	0:00:09.199085
22520	450	450	0.453	1	0:00:09.207867
22540	450	450	0.3	1	0:00:09.142024
22560	451	711	0.233	0	0:00:09.149799
22580	451	451	0.8	1	0:00:09.108002
22600	452	-1	0.0	0	0:00:09.073525
22620	452	-1	0.0	0	0:00:09.059955
22640	452	-1	0.0	0	0:00:09.109274
22660	453	453	0.8	1	0:00:09.082065
22680	453	453	0.353	1	0:00:09.112197
22700	454	454	0.589	1	0:00:09.093030
22720	454	454	0.287	1	0:00:09.071864
22740	454	-1	0.0	0	0:00:09.049363
22760	455	455	0.8	1	0:00:09.097375
22780	455	611	0.8	0	0:00:09.095189
22800	456	-1	0.0	0	0:00:09.616402
22820	456	-1	0.0	0	0:00:10.339498
22840	456	456	0.244	1	0:00:15.846168
22860	457	457	0.778	1	0:00:15.594410
22880	457	457	0.283	1	0:00:16.045652
22900	458	771	0.165	0	0:00:15.699185
22920	458	458	0.8	1	0:00:16.021062
22940	458	458	0.8	1	0:00:16.181485
22960	459	445	0.363	0	0:00:15.529351
22980	459	459	0.604	1	0:00:15.825467
23000	460	975	0.24	0	0:00:15.717406
23020	460	460	0.147	1	0:00:15.193671
23040	460	460	0.155	1	0:00:15.935889
23060	461	-1	0.0	0	0:00:15.911885
23080	461	787	0.8	0	0:00:16.067605
23100	462	-1	0.0	0	0:00:16.071788
23120	462	462	0.385	1	0:00:15.985994
23140	462	462	0.194	1	0:00:15.734692
23160	463	-1	0.0	0	0:00:15.604673
23180	463	-1	0.0	0	0:00:16.142269
23200	464	-1	0.0	0	0:00:15.509762
23220	464	-1	0.0	0	0:00:15.666308
23240	464	-1	0.0	0	0:00:15.653245
23260	465	610	0.192	0	0:00:15.590017
23280	465	830	0.212	0	0:00:15.642584
23300	466	466	0.647	1	0:00:15.764603
23320	466	466	0.778	1	0:00:15.594473
23340	466	466	0.419	1	0:00:15.612667
23360	467	467	0.103	1	0:00:15.367835
23380	467	467	0.625	1	0:00:15.464227
23400	468	468	0.8	1	0:00:16.064255
23420	468	468	0.8	1	0:00:15.721380
23440	468	-1	0.0	0	0:00:15.217087
23460	469	469	0.8	1	0:00:16.143636
23480	469	-1	0.0	0	0:00:16.173097
23500	470	832	0.168	0	0:00:16.190745
23520	470	-1	0.0	0	0:00:15.956233
23540	470	865	0.343	0	0:00:15.884748
23560	471	920	0.437	0	0:00:15.691309
23580	471	586	0.165	0	0:00:16.154106
23600	472	472	0.778	1	0:00:16.054554
23620	472	472	0.453	1	0:00:16.302441
23640	472	573	0.235	0	0:00:15.827560
23660	473	-1	0.0	0	0:00:16.073877
23680	473	473	0.191	1	0:00:15.763403
23700	474	652	0.0292	0	0:00:16.081796
23720	474	474	0.0905	1	0:00:15.746583
23740	474	457	0.0658	0	0:00:15.798970
23760	475	818	0.0241	0	0:00:15.584507
23780	475	475	0.8	1	0:00:15.057063
23800	476	-1	0.0	0	0:00:15.654032
23820	476	476	0.8	1	0:00:15.898822
23840	476	476	0.303	1	0:00:15.473449
23860	477	492	0.163	0	0:00:15.945016
23880	477	421	0.0554	0	0:00:15.800831
23900	478	726	0.0277	0	0:00:16.140206
23920	478	921	0.0868	0	0:00:15.997779
23940	478	-1	0.0	0	0:00:15.827815
23960	479	864	0.0459	0	0:00:15.805029
23980	479	-1	0.0	0	0:00:15.229591
24000	480	509	0.0531	0	0:00:15.836523
24020	480	-1	0.0	0	0:00:15.533893
24040	480	859	0.0109	0	0:00:15.462017
24060	481	-1	0.0	0	0:00:15.775183
24080	481	881	0.0267	0	0:00:16.081870
24100	482	481	0.15	0	0:00:15.869787
24120	482	586	0.114	0	0:00:15.708041
24140	482	848	0.571	0	0:00:15.354378
24160	483	483	0.479	1	0:00:16.027645
24180	483	698	0.764	0	0:00:16.036644
24200	484	484	0.136	1	0:00:15.868778
24220	484	484	0.691	1	0:00:15.790499
24240	484	484	0.152	1	0:00:15.625708
24260	485	754	0.029	0	0:00:15.893451
24280	485	485	0.659	1	0:00:15.567050
24300	486	486	0.0305	1	0:00:15.861582
24320	486	486	0.8	1	0:00:15.838938
24340	486	-1	0.0	0	0:00:15.594100
24360	487	487	0.8	1	0:00:15.581809
24380	487	487	0.8	1	0:00:15.838153
24400	488	-1	0.0	0	0:00:15.865839
24420	488	488	0.8	1	0:00:15.623275
24440	488	839	0.476	0	0:00:15.691166
24460	489	904	0.121	0	0:00:15.528491
24480	489	-1	0.0	0	0:00:15.644372
24500	490	490	0.196	1	0:00:16.146544
24520	490	490	0.409	1	0:00:15.934130
24540	490	490	0.601	1	0:00:16.041593
24560	491	491	0.166	1	0:00:15.975506
24580	491	491	0.173	1	0:00:16.084720
24600	492	492	0.394	1	0:00:15.622271
24620	492	519	0.118	0	0:00:16.046383
24640	492	-1	0.0	0	0:00:15.486083
24660	493	799	0.298	0	0:00:15.516633
24680	493	799	0.128	0	0:00:15.608232
24700	494	398	0.8	0	0:00:15.254500
24720	494	494	0.626	1	0:00:15.741704
24740	494	494	0.721	1	0:00:16.114774
24760	495	495	0.8	1	0:00:15.904369
24780	495	495	0.8	1	0:00:15.810480
24800	496	-1	0.0	0	0:00:15.781841
24820	496	496	0.8	1	0:00:15.717093
24840	496	496	0.8	1	0:00:15.530964
24860	497	497	0.735	1	0:00:15.526954
24880	497	497	0.281	1	0:00:15.951015
24900	498	498	0.596	1	0:00:15.967801
24920	498	-1	0.0	0	0:00:15.753625
24940	498	-1	0.0	0	0:00:15.357307
24960	499	851	0.00972	0	0:00:15.574707
24980	499	-1	0.0	0	0:00:16.048056
25000	500	500	0.259	1	0:00:15.577504
25020	500	825	0.279	0	0:00:15.661739
25040	500	500	0.0927	1	0:00:16.444761
25060	501	568	0.167	0	0:00:15.751544
25080	501	340	0.179	0	0:00:15.784961
25100	502	502	0.076	1	0:00:16.236217
25120	502	643	0.131	0	0:00:15.699777
25140	502	788	0.491	0	0:00:15.798220
25160	503	503	0.527	1	0:00:15.780316
25180	503	950	0.509	0	0:00:15.503972
25200	504	504	0.36	1	0:00:15.723121
25220	504	788	0.247	0	0:00:15.874817
25240	504	666	0.092	0	0:00:15.420919
25260	505	505	0.715	1	0:00:15.606772
25280	505	455	0.027	0	0:00:16.171855
25300	506	898	0.127	0	0:00:15.656600
25320	506	506	0.585	1	0:00:15.563690
25340	506	-1	0.0	0	0:00:15.847298
25360	507	489	0.8	0	0:00:16.333652
25380	507	695	0.098	0	0:00:16.095398
25400	508	508	0.625	1	0:00:15.834256
25420	508	508	0.8	1	0:00:16.127895
25440	508	859	0.721	0	0:00:15.220971
25460	509	865	0.17	0	0:00:15.537477
25480	509	791	0.0941	0	0:00:16.083123
25500	510	510	0.594	1	0:00:16.039440
25520	510	510	0.63	1	0:00:15.366450
25540	510	-1	0.0	0	0:00:15.760590
25560	511	436	0.361	0	0:00:15.991407
25580	511	511	0.174	1	0:00:15.525158
25600	512	-1	0.0	0	0:00:16.306487
25620	512	512	0.8	1	0:00:15.634611
25640	512	512	0.632	1	0:00:15.759259
25660	513	-1	0.0	0	0:00:15.832354
25680	513	875	0.579	0	0:00:15.893002
25700	514	747	0.0371	0	0:00:15.668303
25720	514	788	0.753	0	0:00:15.591298
25740	514	514	0.667	1	0:00:15.902383
25760	515	808	0.335	0	0:00:15.253698
25780	515	652	0.249	0	0:00:15.720327
25800	516	750	0.0134	0	0:00:15.566380
25820	516	-1	0.0	0	0:00:15.639380
25840	516	431	0.362	0	0:00:15.587568
25860	517	540	0.338	0	0:00:15.307839
25880	517	554	0.0444	0	0:00:15.839680
25900	518	518	0.8	1	0:00:15.989684
25920	518	518	0.244	1	0:00:15.976504
25940	518	518	0.764	1	0:00:15.794866
25960	519	-1	0.0	0	0:00:16.167769
25980	519	-1	0.0	0	0:00:15.892302
26000	520	-1	0.0	0	0:00:15.711756
26020	520	516	0.436	0	0:00:15.934699
26040	520	-1	0.0	0	0:00:16.383132
26060	521	-1	0.0	0	0:00:15.672049
26080	521	521	0.541	1	0:00:15.608572
26100	522	-1	0.0	0	0:00:15.954386
26120	522	752	0.0247	0	0:00:15.556993
26140	522	522	0.584	1	0:00:15.620223
26160	523	-1	0.0	0	0:00:15.714046
26180	523	-1	0.0	0	0:00:15.732075
26200	524	-1	0.0	0	0:00:15.790569
26220	524	461	0.447	0	0:00:15.562637
26240	524	-1	0.0	0	0:00:15.821927
26260	525	525	0.509	1	0:00:15.821804
26280	525	-1	0.0	0	0:00:15.568529
26300	526	527	0.215	0	0:00:16.013806
26320	526	526	0.54	1	0:00:15.734352
26340	526	526	0.0183	1	0:00:15.335260
26360	527	613	0.0878	0	0:00:16.037256
26380	527	-1	0.0	0	0:00:15.736180
26400	528	-1	0.0	0	0:00:15.698537
26420	528	528	0.8	1	0:00:15.772551
26440	528	528	0.753	1	0:00:15.859152
26460	529	-1	0.0	0	0:00:15.902975
26480	529	-1	0.0	0	0:00:15.706773
26500	530	479	0.396	0	0:00:15.544640
26520	530	-1	0.0	0	0:00:16.274540
26540	530	530	0.8	1	0:00:15.871795
26560	531	-1	0.0	0	0:00:16.015677
26580	531	531	0.00119	1	0:00:15.838491
26600	532	448	0.146	0	0:00:15.640591
26620	532	913	0.0783	0	0:00:16.023382
26640	532	532	0.154	1	0:00:15.818990
26660	533	-1	0.0	0	0:00:15.624678
26680	533	533	0.8	1	0:00:15.893701
26700	534	614	0.281	0	0:00:15.761395
26720	534	696	0.2	0	0:00:16.110097
26740	534	-1	0.0	0	0:00:15.977286
26760	535	535	0.8	1	0:00:15.522340
26780	535	489	0.112	0	0:00:15.599638
26800	536	403	0.304	0	0:00:15.955557
26820	536	-1	0.0	0	0:00:16.104885
26840	536	-1	0.0	0	0:00:15.800149
26860	537	537	0.554	1	0:00:15.258296
26880	537	537	0.8	1	0:00:15.779700
26900	538	538	0.8	1	0:00:15.265434
26920	538	562	0.0246	0	0:00:15.517185
26940	538	538	0.000815	1	0:00:15.863528
26960	539	-1	0.0	0	0:00:15.749307
26980	539	-1	0.0	0	0:00:15.532258
27000	540	540	0.7	1	0:00:16.267791
27020	540	540	0.49	1	0:00:15.501867
27040	540	540	0.401	1	0:00:16.064587
27060	541	-1	0.0	0	0:00:15.764275
27080	541	541	0.715	1	0:00:15.879245
27100	542	-1	0.0	0	0:00:15.596273
27120	542	579	0.0148	0	0:00:16.043730
27140	542	-1	0.0	0	0:00:15.662338
27160	543	-1	0.0	0	0:00:15.452929
27180	543	819	0.206	0	0:00:16.089406
27200	544	-1	0.0	0	0:00:15.647001
27220	544	-1	0.0	0	0:00:15.745021
27240	544	469	0.188	0	0:00:16.606808
27260	545	545	0.419	1	0:00:15.755878
27280	545	-1	0.0	0	0:00:16.147356
27300	546	546	0.8	1	0:00:15.492434
27320	546	546	0.8	1	0:00:15.508960
27340	546	917	0.139	0	0:00:15.955480
27360	547	820	0.0325	0	0:00:15.541491
27380	547	888	0.464	0	0:00:15.360473
27400	548	548	0.25	1	0:00:15.901133
27420	548	548	0.8	1	0:00:15.690197
27440	548	548	0.556	1	0:00:15.481826
27460	549	496	0.19	0	0:00:15.960462
27480	549	-1	0.0	0	0:00:15.526545
27500	550	505	0.395	0	0:00:16.018575
27520	550	851	0.0943	0	0:00:16.145923
27540	550	844	0.248	0	0:00:15.580102
27560	551	-1	0.0	0	0:00:15.557077
27580	551	559	0.0981	0	0:00:15.464676
27600	552	552	0.8	1	0:00:15.699419
27620	552	-1	0.0	0	0:00:16.093474
27640	552	-1	0.0	0	0:00:16.392075
27660	553	553	0.309	1	0:00:15.599954
27680	553	-1	0.0	0	0:00:15.953112
27700	554	554	0.0661	1	0:00:16.443577
27720	554	554	0.288	1	0:00:15.550341
27740	554	562	0.442	0	0:00:16.207782
27760	555	-1	0.0	0	0:00:15.818300
27780	555	-1	0.0	0	0:00:15.600239
27800	556	703	0.533	0	0:00:16.184731
27820	556	827	0.541	0	0:00:15.628912
27840	556	556	0.594	1	0:00:16.080852
27860	557	557	0.8	1	0:00:15.821703
27880	557	557	0.149	1	0:00:15.882242
27900	558	251	0.17	0	0:00:15.835631
27920	558	432	0.0376	0	0:00:15.551021
27940	558	467	0.044	0	0:00:15.838849
27960	559	-1	0.0	0	0:00:15.888448
27980	559	559	0.6	1	0:00:15.614748
28000	560	560	0.0981	1	0:00:16.053491
28020	560	560	0.8	1	0:00:15.801915
28040	560	560	0.8	1	0:00:15.925760
28060	561	867	0.422	0	0:00:15.781141
28080	561	-1	0.0	0	0:00:16.115905
28100	562	562	0.778	1	0:00:15.517069
28120	562	-1	0.0	0	0:00:15.480260
28140	562	-1	0.0	0	0:00:16.007496
28160	563	657	0.0197	0	0:00:15.869936
28180	563	563	0.8	1	0:00:16.042998
28200	564	-1	0.0	0	0:00:15.862967
28220	564	564	0.497	1	0:00:15.469235
28240	564	564	0.721	1	0:00:15.606765
28260	565	565	0.395	1	0:00:15.813030
28280	565	565	0.764	1	0:00:15.804143
28300	566	513	0.441	0	0:00:15.831373
28320	566	-1	0.0	0	0:00:15.909183
28340	566	513	0.462	0	0:00:15.778642
28360	567	567	0.424	1	0:00:14.801725
28380	567	567	0.304	1	0:00:15.761523
28400	568	439	0.214	0	0:00:15.835118
28420	568	-1	0.0	0	0:00:15.641771
28440	568	-1	0.0	0	0:00:15.696998
28460	569	569	0.753	1	0:00:15.946575
28480	569	569	0.233	1	0:00:15.836262
28500	570	-1	0.0	0	0:00:15.745980
28520	570	570	0.027	1	0:00:15.636121
28540	570	570	0.135	1	0:00:16.292829
28560	571	-1	0.0	0	0:00:15.841437
28580	571	877	0.135	0	0:00:15.918013
28600	572	-1	0.0	0	0:00:16.168308
28620	572	572	0.369	1	0:00:16.375715
28640	572	572	0.8	1	0:00:16.193533
28660	573	573	0.558	1	0:00:15.875615
28680	573	573	0.11	1	0:00:16.384084
28700	574	574	0.8	1	0:00:16.159147
28720	574	574	0.735	1	0:00:15.639719
28740	574	-1	0.0	0	0:00:15.994277
28760	575	575	0.8	1	0:00:15.962246
28780	575	575	0.8	1	0:00:15.686545
28800	576	-1	0.0	0	0:00:15.874453
28820	576	576	0.764	1	0:00:15.751625
28840	576	576	0.55	1	0:00:16.002282
28860	577	541	0.136	0	0:00:16.271492
28880	577	577	0.439	1	0:00:15.950866
28900	578	-1	0.0	0	0:00:15.737952
28920	578	-1	0.0	0	0:00:15.533715
28940	578	775	0.000815	0	0:00:15.678738
28960	579	-1	0.0	0	0:00:15.794210
28980	579	423	0.531	0	0:00:16.088039
29000	580	738	0.146	0	0:00:15.407716
29020	580	580	0.0315	1	0:00:15.717466
29040	580	-1	0.0	0	0:00:16.336084
29060	581	581	0.778	1	0:00:16.132321
29080	581	581	0.8	1	0:00:15.908284
29100	582	-1	0.0	0	0:00:15.953491
29120	582	582	0.187	1	0:00:15.436195
29140	582	582	0.233	1	0:00:15.662587
29160	583	583	0.0546	1	0:00:15.387822
29180	583	448	0.00182	0	0:00:15.569735
29200	584	584	0.324	1	0:00:15.562650
29220	584	584	0.382	1	0:00:15.736149
29240	584	-1	0.0	0	0:00:15.899737
29260	585	-1	0.0	0	0:00:16.041000
29280	585	-1	0.0	0	0:00:15.969748
29300	586	586	0.8	1	0:00:15.623511
29320	586	-1	0.0	0	0:00:15.833745
29340	586	847	0.516	0	0:00:15.996830
29360	587	587	0.579	1	0:00:16.345223
29380	587	477	0.8	0	0:00:16.072647
29400	588	732	0.0404	0	0:00:16.087501
29420	588	588	0.259	1	0:00:16.025634
29440	588	-1	0.0	0	0:00:15.259879
29460	589	-1	0.0	0	0:00:15.592441
29480	589	-1	0.0	0	0:00:15.679975
29500	590	605	0.138	0	0:00:15.910125
29520	590	487	0.241	0	0:00:16.010366
29540	590	851	0.195	0	0:00:15.824669
29560	591	591	0.735	1	0:00:15.965610
29580	591	591	0.218	1	0:00:15.508165
29600	592	592	0.353	1	0:00:15.715320
29620	592	593	0.0173	0	0:00:15.513266
29640	592	-1	0.0	0	0:00:16.084310
29660	593	-1	0.0	0	0:00:15.564389
29680	593	-1	0.0	0	0:00:15.858004
29700	594	-1	0.0	0	0:00:15.642830
29720	594	594	0.8	1	0:00:16.062950
29740	594	642	0.00433	0	0:00:15.986973
29760	595	595	0.188	1	0:00:15.779922
29780	595	866	0.7	0	0:00:15.402355
29800	596	912	0.049	0	0:00:15.981401
29820	596	634	0.251	0	0:00:15.753369
29840	596	587	0.0494	0	0:00:15.706698
29860	597	763	0.175	0	0:00:16.022565
29880	597	763	0.508	0	0:00:15.799887
29900	598	782	0.0758	0	0:00:15.856377
29920	598	598	0.462	1	0:00:15.760071
29940	598	-1	0.0	0	0:00:15.644934
29960	599	599	0.8	1	0:00:15.932085
29980	599	973	0.037	0	0:00:15.989280
30000	600	-1	0.0	0	0:00:15.776039
30020	600	-1	0.0	0	0:00:15.701445
30040	600	-1	0.0	0	0:00:15.782634
30060	601	-1	0.0	0	0:00:15.656417
30080	601	-1	0.0	0	0:00:15.660920
30100	602	702	0.172	0	0:00:15.325057
30120	602	602	0.538	1	0:00:15.582668
30140	602	890	0.178	0	0:00:15.678241
30160	603	612	0.259	0	0:00:15.584002
30180	603	603	0.496	1	0:00:15.557524
30200	604	401	0.358	0	0:00:16.055906
30220	604	-1	0.0	0	0:00:16.089170
30240	604	604	0.0908	1	0:00:16.086125
30260	605	651	0.273	0	0:00:15.731471
30280	605	605	0.0889	1	0:00:15.952796
30300	606	606	0.0345	1	0:00:15.831507
30320	606	592	0.243	0	0:00:15.690787
30340	606	606	0.584	1	0:00:15.726727
30360	607	607	0.616	1	0:00:15.604190
30380	607	607	0.8	1	0:00:16.102073
30400	608	-1	0.0	0	0:00:15.413288
30420	608	608	0.345	1	0:00:15.486741
30440	608	-1	0.0	0	0:00:15.462315
30460	609	-1	0.0	0	0:00:15.376392
30480	609	609	0.204	1	0:00:15.280879
30500	610	610	0.339	1	0:00:15.571019
30520	610	-1	0.0	0	0:00:15.299432
30540	610	496	0.359	0	0:00:15.957769
30560	611	455	0.0154	0	0:00:15.948936
30580	611	611	0.753	1	0:00:15.529052
30600	612	612	0.8	1	0:00:15.882981
30620	612	612	0.8	1	0:00:16.096283
30640	612	612	0.8	1	0:00:15.915511
30660	613	844	0.0947	0	0:00:16.236563
30680	613	-1	0.0	0	0:00:16.154661
30700	614	-1	0.0	0	0:00:15.957674
30720	614	-1	0.0	0	0:00:15.568645
30740	614	-1	0.0	0	0:00:16.379129
30760	615	615	0.451	1	0:00:16.214028
30780	615	615	0.684	1	0:00:16.166785
30800	616	-1	0.0	0	0:00:16.460483
30820	616	-1	0.0	0	0:00:16.119435
30840	616	-1	0.0	0	0:00:15.704953
30860	617	795	0.0963	0	0:00:16.106562
30880	617	617	0.764	1	0:00:16.368763
30900	618	618	0.239	1	0:00:16.171700
30920	618	771	0.065	0	0:00:16.154134
30940	618	567	0.139	0	0:00:16.437274
30960	619	905	0.496	0	0:00:16.064993
30980	619	607	0.0277	0	0:00:16.009370
31000	620	681	0.0367	0	0:00:16.649968
31020	620	527	0.0364	0	0:00:16.210101
31040	620	782	0.0641	0	0:00:15.943156
31060	621	621	0.204	1	0:00:15.766047
31080	621	621	0.0942	1	0:00:15.804756
31100	622	622	0.0657	1	0:00:15.851614
31120	622	427	0.778	0	0:00:16.224283
31140	622	-1	0.0	0	0:00:16.048292
31160	623	859	0.0125	0	0:00:16.077197
31180	623	917	0.292	0	0:00:16.199763
31200	624	-1	0.0	0	0:00:16.261809
31220	624	-1	0.0	0	0:00:16.190416
31240	624	454	0.298	0	0:00:16.252820
31260	625	625	0.8	1	0:00:15.747459
31280	625	625	0.8	1	0:00:16.505789
31300	626	-1	0.0	0	0:00:16.053015
31320	626	470	0.17	0	0:00:15.934373
31340	626	-1	0.0	0	0:00:15.920520
31360	627	627	0.8	1	0:00:15.724286
31380	627	627	0.117	1	0:00:15.577170
31400	628	-1	0.0	0	0:00:15.865948
31420	628	628	0.481	1	0:00:15.978415
31440	628	833	0.188	0	0:00:15.872679
31460	629	945	0.296	0	0:00:15.710547
31480	629	629	0.8	1	0:00:15.391099
31500	630	703	0.114	0	0:00:15.475697
31520	630	942	0.0975	0	0:00:15.841849
31540	630	630	0.28	1	0:00:16.067283
31560	631	631	0.589	1	0:00:15.266627
31580	631	585	0.576	0	0:00:15.682887
31600	632	848	0.735	0	0:00:15.788090
31620	632	481	0.248	0	0:00:14.980970
31640	632	819	0.105	0	0:00:15.810522
31660	633	-1	0.0	0	0:00:16.079275
31680	633	447	0.169	0	0:00:15.926335
31700	634	489	0.8	0	0:00:15.803904
31720	634	-1	0.0	0	0:00:15.689734
31740	634	913	0.258	0	0:00:15.526096
31760	635	635	0.452	1	0:00:15.699980
31780	635	635	0.208	1	0:00:15.986738
31800	636	636	0.555	1	0:00:15.588757
31820	636	636	0.0866	1	0:00:15.749315
31840	636	750	0.118	0	0:00:16.157434
31860	637	637	0.618	1	0:00:15.678945
31880	637	637	0.469	1	0:00:15.433277
31900	638	445	0.0815	0	0:00:15.582334
31920	638	639	0.516	0	0:00:15.954480
31940	638	747	0.0762	0	0:00:15.304626
31960	639	639	0.721	1	0:00:16.116459
31980	639	602	0.222	0	0:00:15.678535
32000	640	640	0.8	1	0:00:15.594813
32020	640	640	0.163	1	0:00:15.597515
32040	640	574	0.333	0	0:00:15.948690
32060	641	-1	0.0	0	0:00:16.080269
32080	641	-1	0.0	0	0:00:15.501378
32100	642	642	0.026	1	0:00:15.847795
32120	642	642	0.743	1	0:00:15.908777
32140	642	642	0.8	1	0:00:15.954738
32160	643	837	0.551	0	0:00:16.160108
32180	643	889	0.0204	0	0:00:15.561680
32200	644	644	0.483	1	0:00:15.506712
32220	644	-1	0.0	0	0:00:15.542425
32240	644	644	0.363	1	0:00:16.198864
32260	645	645	0.8	1	0:00:15.556993
32280	645	645	0.728	1	0:00:15.851860
32300	646	646	0.778	1	0:00:15.704933
32320	646	646	0.8	1	0:00:15.567405
32340	646	646	0.651	1	0:00:15.937274
32360	647	448	0.342	0	0:00:15.604321
32380	647	859	0.0229	0	0:00:15.492361
32400	648	827	0.53	0	0:00:15.924172
32420	648	-1	0.0	0	0:00:16.010784
32440	648	648	0.452	1	0:00:15.696049
32460	649	649	0.8	1	0:00:15.941435
32480	649	649	0.715	1	0:00:15.791544
32500	650	-1	0.0	0	0:00:15.724900
32520	650	650	0.379	1	0:00:16.108416
32540	650	776	0.194	0	0:00:15.814494
32560	651	786	0.0742	0	0:00:15.314534
32580	651	851	0.0729	0	0:00:15.977477
32600	652	652	0.649	1	0:00:15.815546
32620	652	652	0.0738	1	0:00:15.909764
32640	652	652	0.302	1	0:00:15.625489
32660	653	-1	0.0	0	0:00:15.624853
32680	653	653	0.152	1	0:00:15.850204
32700	654	436	0.0277	0	0:00:15.731816
32720	654	609	0.428	0	0:00:15.584435
32740	654	-1	0.0	0	0:00:15.922217
32760	655	-1	0.0	0	0:00:15.731940
32780	655	-1	0.0	0	0:00:15.450426
32800	656	581	0.46	0	0:00:15.698400
32820	656	654	0.522	0	0:00:15.574586
32840	656	656	0.112	1	0:00:15.797972
32860	657	795	0.371	0	0:00:15.940856
32880	657	-1	0.0	0	0:00:15.658630
32900	658	658	0.764	1	0:00:15.762446
32920	658	-1	0.0	0	0:00:16.407469
32940	658	658	0.8	1	0:00:16.137692
32960	659	659	0.778	1	0:00:15.959962
32980	659	495	0.474	0	0:00:15.304756
33000	660	660	0.696	1	0:00:15.809799
33020	660	660	0.278	1	0:00:15.903057
33040	660	-1	0.0	0	0:00:15.845894
33060	661	661	0.764	1	0:00:15.704638
33080	661	661	0.398	1	0:00:15.538494
33100	662	-1	0.0	0	0:00:16.169919
33120	662	597	0.185	0	0:00:15.796918
33140	662	-1	0.0	0	0:00:15.778367
33160	663	663	0.00859	1	0:00:16.158319
33180	663	663	0.613	1	0:00:15.536869
33200	664	851	0.492	0	0:00:15.616650
33220	664	782	0.705	0	0:00:15.884660
33240	664	851	0.314	0	0:00:16.115198
33260	665	671	0.625	0	0:00:15.791887
33280	665	665	0.00138	1	0:00:15.406974
33300	666	-1	0.0	0	0:00:15.979388
33320	666	924	0.177	0	0:00:15.460370
33340	666	-1	0.0	0	0:00:15.424840
33360	667	667	0.0233	1	0:00:15.560323
33380	667	667	0.728	1	0:00:15.864662
33400	668	303	0.026	0	0:00:15.862781
33420	668	668	0.753	1	0:00:16.150996
33440	668	682	0.555	0	0:00:16.003861
33460	669	751	0.0506	0	0:00:15.271413
33480	669	-1	0.0	0	0:00:15.413994
33500	670	407	0.156	0	0:00:15.782140
33520	670	670	0.721	1	0:00:16.142894
33540	670	670	0.8	1	0:00:15.817403
33560	671	-1	0.0	0	0:00:15.904231
33580	671	671	0.461	1	0:00:16.138090
33600	672	979	0.00257	0	0:00:15.431412
33620	672	672	0.8	1	0:00:15.778324
33640	672	672	0.176	1	0:00:15.558739
33660	673	673	0.343	1	0:00:15.472882
33680	673	673	0.0395	1	0:00:15.840630
33700	674	-1	0.0	0	0:00:15.688918
33720	674	674	0.595	1	0:00:15.288699
33740	674	847	0.278	0	0:00:15.796258
33760	675	675	0.282	1	0:00:15.464804
33780	675	867	0.0244	0	0:00:15.513980
33800	676	-1	0.0	0	0:00:15.667523
33820	676	676	0.288	1	0:00:16.077279
33840	676	676	0.483	1	0:00:15.658069
33860	677	179	0.0623	0	0:00:15.574030
33880	677	844	0.111	0	0:00:15.776730
33900	678	678	0.778	1	0:00:16.165915
33920	678	-1	0.0	0	0:00:15.760329
33940	678	678	0.485	1	0:00:16.080065
33960	679	679	0.225	1	0:00:16.144536
33980	679	506	0.196	0	0:00:15.873094
34000	680	-1	0.0	0	0:00:15.731148
34020	680	760	0.421	0	0:00:15.869788
34040	680	898	0.00878	0	0:00:15.861114
34060	681	681	0.205	1	0:00:16.063396
34080	681	620	0.398	0	0:00:15.100499
34100	682	682	0.552	1	0:00:15.640107
34120	682	698	0.274	0	0:00:15.642353
34140	682	682	0.8	1	0:00:15.402425
34160	683	416	0.133	0	0:00:16.013815
34180	683	652	0.0666	0	0:00:15.457150
34200	684	-1	0.0	0	0:00:15.893049
34220	684	439	0.221	0	0:00:15.931831
34240	684	684	0.63	1	0:00:15.829504
34260	685	685	0.8	1	0:00:15.557956
34280	685	685	0.8	1	0:00:16.085344
34300	686	-1	0.0	0	0:00:15.624555
34320	686	569	0.29	0	0:00:16.116083
34340	686	-1	0.0	0	0:00:15.733996
34360	687	687	0.8	1	0:00:15.762364
34380	687	687	0.00489	1	0:00:15.942508
34400	688	688	0.8	1	0:00:15.815516
34420	688	590	0.778	0	0:00:15.474417
34440	688	688	0.265	1	0:00:15.335049
34460	689	708	0.187	0	0:00:16.291858
34480	689	-1	0.0	0	0:00:15.830499
34500	690	690	0.099	1	0:00:15.823971
34520	690	917	0.13	0	0:00:15.560082
34540	690	634	0.109	0	0:00:15.858284
34560	691	691	0.236	1	0:00:15.981138
34580	691	-1	0.0	0	0:00:15.836419
34600	692	481	0.0756	0	0:00:15.729810
34620	692	865	0.138	0	0:00:15.608321
34640	692	893	0.181	0	0:00:16.042489
34660	693	693	0.0675	1	0:00:15.897150
34680	693	801	0.0931	0	0:00:15.939242
34700	694	694	0.8	1	0:00:16.090541
34720	694	694	0.764	1	0:00:15.454663
34740	694	694	0.584	1	0:00:15.855282
34760	695	695	0.101	1	0:00:15.668464
34780	695	-1	0.0	0	0:00:15.500169
34800	696	-1	0.0	0	0:00:15.802217
34820	696	-1	0.0	0	0:00:15.550901
34840	696	-1	0.0	0	0:00:15.962634
34860	697	697	0.651	1	0:00:15.605209
34880	697	697	0.644	1	0:00:15.820812
34900	698	663	0.662	0	0:00:16.334438
34920	698	698	0.023	1	0:00:15.858204
34940	698	698	0.764	1	0:00:15.478559
34960	699	-1	0.0	0	0:00:16.202776
34980	699	614	0.0733	0	0:00:15.499045
35000	700	700	0.114	1	0:00:15.869543
35020	700	895	0.503	0	0:00:15.918865
35040	700	777	0.112	0	0:00:15.860006
35060	701	-1	0.0	0	0:00:15.180084
35080	701	701	0.62	1	0:00:15.323001
35100	702	422	0.51	0	0:00:15.631444
35120	702	702	0.0543	1	0:00:15.606824
35140	702	-1	0.0	0	0:00:15.420242
35160	703	-1	0.0	0	0:00:15.805744
35180	703	4	0.0967	0	0:00:15.983369
35200	704	704	0.019	1	0:00:15.462888
35220	704	834	0.0723	0	0:00:15.712605
35240	704	523	0.092	0	0:00:15.808793
35260	705	705	0.529	1	0:00:15.590499
35280	705	874	0.778	0	0:00:15.467315
35300	706	-1	0.0	0	0:00:15.800771
35320	706	762	0.474	0	0:00:15.779270
35340	706	660	0.0502	0	0:00:15.388036
35360	707	707	0.42	1	0:00:15.807700
35380	707	707	0.8	1	0:00:15.865099
35400	708	682	0.647	0	0:00:15.521473
35420	708	708	0.409	1	0:00:16.203928
35440	708	708	0.8	1	0:00:15.773973
35460	709	709	0.0949	1	0:00:15.524511
35480	709	-1	0.0	0	0:00:15.726240
35500	710	710	0.0194	1	0:00:16.128153
35520	710	-1	0.0	0	0:00:15.892081
35540	710	-1	0.0	0	0:00:15.950960
35560	711	-1	0.0	0	0:00:15.399765
35580	711	916	0.581	0	0:00:15.695666
35600	712	544	0.128	0	0:00:15.653608
35620	712	-1	0.0	0	0:00:15.678063
35640	712	712	0.8	1	0:00:15.594395
35660	713	713	0.447	1	0:00:15.476990
35680	713	713	0.245	1	0:00:15.668174
35700	714	774	0.198	0	0:00:15.546127
35720	714	451	0.187	0	0:00:15.888832
35740	714	714	0.34	1	0:00:15.711262
35760	715	715	0.8	1	0:00:15.771192
35780	715	652	0.576	0	0:00:15.764033
35800	716	497	0.395	0	0:00:15.445017
35820	716	716	0.8	1	0:00:15.615524
35840	716	716	0.8	1	0:00:15.628368
35860	717	717	0.271	1	0:00:15.686322
35880	717	581	0.647	0	0:00:15.652218
35900	718	449	0.136	0	0:00:15.614864
35920	718	807	0.128	0	0:00:15.298346
35940	718	839	0.087	0	0:00:15.535469
35960	719	254	0.245	0	0:00:15.695042
35980	719	-1	0.0	0	0:00:15.839293
36000	720	951	0.253	0	0:00:15.669009
36020	720	709	0.061	0	0:00:16.343510
36040	720	720	0.651	1	0:00:15.372424
36060	721	721	0.265	1	0:00:15.436910
36080	721	-1	0.0	0	0:00:15.588813
36100	722	722	0.778	1	0:00:15.786730
36120	722	722	0.8	1	0:00:15.946488
36140	722	722	0.8	1	0:00:16.353937
36160	723	723	0.8	1	0:00:15.615156
36180	723	723	0.29	1	0:00:15.673374
36200	724	780	0.8	0	0:00:15.884427
36220	724	724	0.0323	1	0:00:15.833875
36240	724	913	0.0567	0	0:00:15.959978
36260	725	849	0.164	0	0:00:15.879684
36280	725	-1	0.0	0	0:00:15.411524
36300	726	726	0.8	1	0:00:15.487474
36320	726	726	0.8	1	0:00:15.607039
36340	726	889	0.554	0	0:00:15.507022
36360	727	727	0.8	1	0:00:15.908150
36380	727	727	0.8	1	0:00:15.599272
36400	728	728	0.0623	1	0:00:15.766123
36420	728	-1	0.0	0	0:00:15.717134
36440	728	-1	0.0	0	0:00:15.880220
36460	729	-1	0.0	0	0:00:15.589234
36480	729	-1	0.0	0	0:00:15.413418
36500	730	730	0.0313	1	0:00:15.891854
36520	730	603	0.534	0	0:00:15.839496
36540	730	730	0.597	1	0:00:15.988441
36560	731	895	0.0123	0	0:00:15.722628
36580	731	861	0.354	0	0:00:15.642854
36600	732	732	0.691	1	0:00:15.907835
36620	732	732	0.691	1	0:00:15.262258
36640	732	732	0.8	1	0:00:15.845858
36660	733	660	0.0922	0	0:00:15.820858
36680	733	523	0.201	0	0:00:16.096530
36700	734	569	0.282	0	0:00:15.919566
36720	734	734	0.169	1	0:00:15.741675
36740	734	468	0.135	0	0:00:15.537952
36760	735	735	0.8	1	0:00:15.674015
36780	735	735	0.182	1	0:00:15.696682
36800	736	736	0.687	1	0:00:16.504371
36820	736	-1	0.0	0	0:00:15.984937
36840	736	736	0.38	1	0:00:15.646118
36860	737	440	0.474	0	0:00:16.206255
36880	737	760	0.8	0	0:00:16.098673
36900	738	-1	0.0	0	0:00:15.913548
36920	738	738	0.778	1	0:00:15.428011
36940	738	738	0.522	1	0:00:15.790735
36960	739	-1	0.0	0	0:00:15.639723
36980	739	739	0.216	1	0:00:15.763170
37000	740	796	0.2	0	0:00:16.051444
37020	740	-1	0.0	0	0:00:15.746713
37040	740	-1	0.0	0	0:00:16.091360
37060	741	-1	0.0	0	0:00:15.860410
37080	741	887	0.341	0	0:00:15.926120
37100	742	-1	0.0	0	0:00:15.513195
37120	742	897	0.0863	0	0:00:15.871911
37140	742	742	0.212	1	0:00:15.653358
37160	743	760	0.0658	0	0:00:15.820531
37180	743	877	0.0461	0	0:00:16.196606
37200	744	812	0.431	0	0:00:15.712301
37220	744	-1	0.0	0	0:00:15.633138
37240	744	657	0.753	0	0:00:15.271874
37260	745	827	0.045	0	0:00:15.780900
37280	745	745	0.426	1	0:00:15.652101
37300	746	746	0.8	1	0:00:15.639844
37320	746	537	0.173	0	0:00:16.074710
37340	746	746	0.8	1	0:00:15.942450
37360	747	-1	0.0	0	0:00:15.810887
37380	747	887	0.0833	0	0:00:15.781299
37400	748	893	0.236	0	0:00:15.580379
37420	748	-1	0.0	0	0:00:16.119050
37440	748	748	0.535	1	0:00:15.672182
37460	749	-1	0.0	0	0:00:15.497150
37480	749	-1	0.0	0	0:00:15.877121
37500	750	-1	0.0	0	0:00:15.584523
37520	750	750	0.8	1	0:00:15.811702
37540	750	-1	0.0	0	0:00:15.429113
37560	751	751	0.673	1	0:00:15.755279
37580	751	751	0.256	1	0:00:16.034395
37600	752	765	0.145	0	0:00:16.106915
37620	752	752	0.778	1	0:00:16.103990
37640	752	752	0.176	1	0:00:15.655394
37660	753	-1	0.0	0	0:00:15.799733
37680	753	126	0.375	0	0:00:16.043628
37700	754	781	0.0376	0	0:00:15.555023
37720	754	-1	0.0	0	0:00:16.347577
37740	754	626	0.271	0	0:00:15.867327
37760	755	755	0.8	1	0:00:15.621579
37780	755	755	0.8	1	0:00:15.620995
37800	756	756	0.276	1	0:00:16.068628
37820	756	491	0.0725	0	0:00:15.587471
37840	756	-1	0.0	0	0:00:15.366753
37860	757	867	0.0854	0	0:00:15.624496
37880	757	757	0.293	1	0:00:15.612773
37900	758	587	0.0103	0	0:00:15.629138
37920	758	-1	0.0	0	0:00:16.019723
37940	758	758	0.0679	1	0:00:15.984800
37960	759	759	0.554	1	0:00:15.684595
37980	759	-1	0.0	0	0:00:15.405877
38000	760	-1	0.0	0	0:00:15.853325
38020	760	760	0.186	1	0:00:15.845457
38040	760	-1	0.0	0	0:00:16.089008
38060	761	761	0.303	1	0:00:16.094008
38080	761	-1	0.0	0	0:00:15.571844
38100	762	762	0.323	1	0:00:15.669093
38120	762	762	0.64	1	0:00:15.415289
38140	762	-1	0.0	0	0:00:15.780869
38160	763	783	0.00759	0	0:00:16.048464
38180	763	763	0.662	1	0:00:15.642615
38200	764	-1	0.0	0	0:00:16.008519
38220	764	764	0.0052	1	0:00:15.515203
38240	764	-1	0.0	0	0:00:15.958765
38260	765	765	0.8	1	0:00:15.757569
38280	765	559	0.104	0	0:00:15.647673
38300	766	766	0.8	1	0:00:16.079175
38320	766	444	0.00784	0	0:00:15.920470
38340	766	771	0.28	0	0:00:15.614961
38360	767	451	0.026	0	0:00:15.788582
38380	767	84	0.0156	0	0:00:15.755574
38400	768	-1	0.0	0	0:00:15.577062
38420	768	-1	0.0	0	0:00:16.098836
38440	768	768	0.231	1	0:00:15.920276
38460	769	769	0.0864	1	0:00:15.935237
38480	769	325	0.0149	0	0:00:15.773473
38500	770	-1	0.0	0	0:00:15.771504
38520	770	916	0.172	0	0:00:15.759029
38540	770	774	0.268	0	0:00:16.189279
38560	771	771	0.465	1	0:00:15.801036
38580	771	771	0.8	1	0:00:15.451859
38600	772	772	0.187	1	0:00:15.526424
38620	772	448	0.0334	0	0:00:15.856552
38640	772	-1	0.0	0	0:00:15.666508
38660	773	773	0.138	1	0:00:16.141304
38680	773	773	0.68	1	0:00:15.737927
38700	774	774	0.42	1	0:00:15.578913
38720	774	774	0.283	1	0:00:16.222439
38740	774	-1	0.0	0	0:00:15.559974
38760	775	88	0.28	0	0:00:15.767453
38780	775	-1	0.0	0	0:00:15.727433
38800	776	-1	0.0	0	0:00:15.313809
38820	776	776	0.62	1	0:00:15.860470
38840	776	916	0.8	0	0:00:15.669527
38860	777	-1	0.0	0	0:00:15.216241
38880	777	423	0.0207	0	0:00:16.127923
38900	778	-1	0.0	0	0:00:15.693550
38920	778	409	0.327	0	0:00:15.537816
38940	778	577	0.126	0	0:00:15.618557
38960	779	864	0.0144	0	0:00:15.702007
38980	779	779	0.753	1	0:00:15.830575
39000	780	914	0.36	0	0:00:15.485594
39020	780	780	0.599	1	0:00:15.800670
39040	780	780	0.569	1	0:00:15.792032
39060	781	781	0.479	1	0:00:15.698152
39080	781	-1	0.0	0	0:00:15.646529
39100	782	598	0.753	0	0:00:16.072010
39120	782	-1	0.0	0	0:00:15.689071
39140	782	782	0.17	1	0:00:15.830423
39160	783	530	0.141	0	0:00:15.941444
39180	783	641	0.563	0	0:00:15.496056
39200	784	-1	0.0	0	0:00:15.997739
39220	784	843	0.169	0	0:00:15.973885
39240	784	-1	0.0	0	0:00:15.851664
39260	785	-1	0.0	0	0:00:15.849066
39280	785	617	0.276	0	0:00:15.959546
39300	786	-1	0.0	0	0:00:15.806375
39320	786	593	0.11	0	0:00:15.753169
39340	786	-1	0.0	0	0:00:16.010334
39360	787	787	0.8	1	0:00:15.772064
39380	787	-1	0.0	0	0:00:16.091590
39400	788	-1	0.0	0	0:00:16.022821
39420	788	788	0.8	1	0:00:15.807238
39440	788	788	0.743	1	0:00:15.627466
39460	789	789	0.0833	1	0:00:16.231133
39480	789	789	0.8	1	0:00:15.804500
39500	790	791	0.8	0	0:00:15.783681
39520	790	-1	0.0	0	0:00:15.837492
39540	790	790	0.8	1	0:00:15.511771
39560	791	865	0.226	0	0:00:15.687551
39580	791	791	0.691	1	0:00:15.694969
39600	792	795	0.0112	0	0:00:15.226246
39620	792	-1	0.0	0	0:00:15.587625
39640	792	895	0.235	0	0:00:15.756811
39660	793	-1	0.0	0	0:00:15.635792
39680	793	726	0.116	0	0:00:15.863922
39700	794	794	0.778	1	0:00:16.301656
39720	794	760	0.0859	0	0:00:16.031559
39740	794	854	0.0178	0	0:00:15.753402
39760	795	-1	0.0	0	0:00:15.952901
39780	795	795	0.124	1	0:00:15.883101
39800	796	796	0.8	1	0:00:15.867233
39820	796	745	0.0457	0	0:00:16.034691
39840	796	796	0.506	1	0:00:15.937850
39860	797	748	0.0359	0	0:00:15.636144
39880	797	608	0.366	0	0:00:15.451715
39900	798	798	0.0484	1	0:00:15.641052
39920	798	-1	0.0	0	0:00:15.650434
39940	798	458	0.0845	0	0:00:15.805245
39960	799	799	0.564	1	0:00:16.050407
39980	799	-1	0.0	0	0:00:15.713123
40000	800	800	0.642	1	0:00:16.086036
40020	800	800	0.753	1	0:00:15.427266
40040	800	800	0.485	1	0:00:15.621541
40060	801	973	0.407	0	0:00:15.768543
40080	801	801	0.0999	1	0:00:15.842415
40100	802	537	0.0311	0	0:00:15.710228
40120	802	802	0.533	1	0:00:15.495969
40140	802	537	0.0673	0	0:00:15.588455
40160	803	803	0.561	1	0:00:15.565483
40180	803	803	0.8	1	0:00:15.489140
40200	804	-1	0.0	0	0:00:16.057436
40220	804	711	0.375	0	0:00:15.495794
40240	804	859	0.00979	0	0:00:15.819146
40260	805	-1	0.0	0	0:00:15.825516
40280	805	-1	0.0	0	0:00:15.561150
40300	806	806	0.517	1	0:00:16.123908
40320	806	806	0.8	1	0:00:15.633299
40340	806	-1	0.0	0	0:00:15.989580
40360	807	-1	0.0	0	0:00:15.801372
40380	807	807	0.687	1	0:00:15.455374
40400	808	808	0.325	1	0:00:15.807495
40420	808	-1	0.0	0	0:00:15.655900
40440	808	791	0.0399	0	0:00:15.341799
40460	809	927	0.533	0	0:00:15.770996
40480	809	926	0.198	0	0:00:15.888093
40500	810	878	0.8	0	0:00:15.816825
40520	810	878	0.297	0	0:00:15.892590
40540	810	878	0.778	0	0:00:15.553574
40560	811	827	0.314	0	0:00:15.632911
40580	811	-1	0.0	0	0:00:15.654906
40600	812	812	0.8	1	0:00:15.615991
40620	812	812	0.504	1	0:00:15.387442
40640	812	812	0.778	1	0:00:16.091530
40660	813	-1	0.0	0	0:00:15.992593
40680	813	680	0.117	0	0:00:15.623179
40700	814	814	0.139	1	0:00:15.897522
40720	814	814	0.8	1	0:00:15.447743
40740	814	450	0.356	0	0:00:15.690913
40760	815	815	0.374	1	0:00:15.948293
40780	815	-1	0.0	0	0:00:15.614941
40800	816	816	0.753	1	0:00:15.655698
40820	816	677	0.222	0	0:00:15.690531
40840	816	-1	0.0	0	0:00:15.805004
40860	817	751	0.119	0	0:00:15.554975
40880	817	751	0.432	0	0:00:15.663588
40900	818	745	0.33	0	0:00:15.865737
40920	818	818	0.203	1	0:00:15.474215
40940	818	2	0.16	0	0:00:15.440671
40960	819	819	0.402	1	0:00:15.980659
40980	819	839	0.391	0	0:00:15.511407
41000	820	820	0.302	1	0:00:15.670888
41020	820	820	0.323	1	0:00:15.883143
41040	820	820	0.0986	1	0:00:16.450771
41060	821	821	0.248	1	0:00:15.814243
41080	821	821	0.625	1	0:00:15.345919
41100	822	822	0.8	1	0:00:16.060437
41120	822	822	0.8	1	0:00:15.849591
41140	822	822	0.7	1	0:00:15.962506
41160	823	850	0.0704	0	0:00:15.571234
41180	823	889	0.604	0	0:00:15.481025
41200	824	824	0.505	1	0:00:15.954652
41220	824	-1	0.0	0	0:00:15.639712
41240	824	-1	0.0	0	0:00:15.763307
41260	825	-1	0.0	0	0:00:15.680166
41280	825	825	0.242	1	0:00:15.909656
41300	826	531	0.26	0	0:00:15.589257
41320	826	605	0.8	0	0:00:15.911409
41340	826	-1	0.0	0	0:00:15.441914
41360	827	827	0.397	1	0:00:15.340963
41380	827	909	0.146	0	0:00:15.663987
41400	828	818	0.386	0	0:00:15.618711
41420	828	828	0.0235	1	0:00:15.814146
41440	828	556	0.061	0	0:00:16.163955
41460	829	829	0.8	1	0:00:15.916466
41480	829	-1	0.0	0	0:00:15.808657
41500	830	830	0.145	1	0:00:15.734157
41520	830	-1	0.0	0	0:00:15.432034
41540	830	-1	0.0	0	0:00:15.865011
41560	831	831	0.8	1	0:00:15.940344
41580	831	831	0.162	1	0:00:15.919871
41600	832	832	0.561	1	0:00:15.757948
41620	832	832	0.8	1	0:00:15.898349
41640	832	832	0.411	1	0:00:15.744744
41660	833	833	0.466	1	0:00:15.644848
41680	833	833	0.8	1	0:00:16.034973
41700	834	834	0.364	1	0:00:15.866366
41720	834	834	0.601	1	0:00:15.844590
41740	834	524	0.122	0	0:00:16.058622
41760	835	-1	0.0	0	0:00:15.787193
41780	835	-1	0.0	0	0:00:15.446813
41800	836	-1	0.0	0	0:00:15.179688
41820	836	-1	0.0	0	0:00:15.836697
41840	836	416	0.0293	0	0:00:15.285095
41860	837	-1	0.0	0	0:00:15.818371
41880	837	-1	0.0	0	0:00:15.407701
41900	838	-1	0.0	0	0:00:15.490211
41920	838	112	0.0104	0	0:00:15.743640
41940	838	898	0.458	0	0:00:16.192416
41960	839	833	0.513	0	0:00:15.638429
41980	839	913	0.217	0	0:00:15.670927
42000	840	470	0.2	0	0:00:15.370372
42020	840	619	0.0664	0	0:00:15.824055
42040	840	840	0.551	1	0:00:15.935168
42060	841	-1	0.0	0	0:00:15.616369
42080	841	746	0.0726	0	0:00:15.466121
42100	842	-1	0.0	0	0:00:15.852913
42120	842	416	0.328	0	0:00:16.090219
42140	842	-1	0.0	0	0:00:15.330739
42160	843	488	0.0193	0	0:00:15.838545
42180	843	-1	0.0	0	0:00:15.709071
42200	844	844	0.8	1	0:00:15.709006
42220	844	844	0.51	1	0:00:15.600950
42240	844	844	0.536	1	0:00:15.542426
42260	845	747	0.139	0	0:00:15.866458
42280	845	629	0.186	0	0:00:15.320932
42300	846	583	0.0272	0	0:00:16.211327
42320	846	818	0.228	0	0:00:15.395602
42340	846	-1	0.0	0	0:00:15.455935
42360	847	634	0.26	0	0:00:16.322783
42380	847	-1	0.0	0	0:00:15.961101
42400	848	-1	0.0	0	0:00:15.414340
42420	848	742	0.0562	0	0:00:15.685819
42440	848	482	0.00922	0	0:00:15.762704
42460	849	849	0.327	1	0:00:15.507658
42480	849	849	0.715	1	0:00:15.489192
42500	850	850	0.613	1	0:00:16.019625
42520	850	865	0.146	0	0:00:15.834931
42540	850	850	0.8	1	0:00:16.138847
42560	851	-1	0.0	0	0:00:15.986874
42580	851	800	0.0767	0	0:00:15.617019
42600	852	852	0.8	1	0:00:15.545939
42620	852	17	0.00953	0	0:00:15.712679
42640	852	852	0.0526	1	0:00:15.979737
42660	853	853	0.023	1	0:00:15.743959
42680	853	853	0.684	1	0:00:15.927927
42700	854	980	0.158	0	0:00:15.887470
42720	854	857	0.705	0	0:00:15.648553
42740	854	-1	0.0	0	0:00:15.494278
42760	855	562	0.0511	0	0:00:15.932030
42780	855	855	0.8	1	0:00:16.066936
42800	856	-1	0.0	0	0:00:15.670629
42820	856	856	0.183	1	0:00:16.187011
42840	856	565	0.081	0	0:00:15.679200
42860	857	857	0.271	1	0:00:15.732188
42880	857	857	0.428	1	0:00:15.465705
42900	858	915	0.019	0	0:00:15.500106
42920	858	497	0.026	0	0:00:15.691259
42940	858	698	0.433	0	0:00:15.418844
42960	859	859	0.0772	1	0:00:15.489088
42980	859	859	0.0593	1	0:00:15.798815
43000	860	409	0.134	0	0:00:15.745780
43020	860	-1	0.0	0	0:00:15.686849
43040	860	-1	0.0	0	0:00:15.322374
43060	861	861	0.213	1	0:00:15.843896
43080	861	861	0.22	1	0:00:15.244632
43100	862	-1	0.0	0	0:00:15.418388
43120	862	862	0.753	1	0:00:15.719075
43140	862	862	0.715	1	0:00:15.599855
43160	863	863	0.8	1	0:00:15.803853
43180	863	863	0.8	1	0:00:16.024185
43200	864	803	0.025	0	0:00:15.652871
43220	864	-1	0.0	0	0:00:15.545752
43240	864	555	0.262	0	0:00:15.486422
43260	865	865	0.465	1	0:00:15.392701
43280	865	865	0.621	1	0:00:15.399553
43300	866	-1	0.0	0	0:00:15.549464
43320	866	866	0.547	1	0:00:15.670238
43340	866	-1	0.0	0	0:00:15.315341
43360	867	867	0.505	1	0:00:15.583635
43380	867	867	0.581	1	0:00:15.751416
43400	868	528	0.107	0	0:00:15.550236
43420	868	923	0.279	0	0:00:15.961226
43440	868	723	0.51	0	0:00:15.782674
43460	869	617	0.563	0	0:00:15.883822
43480	869	869	0.469	1	0:00:15.579335
43500	870	-1	0.0	0	0:00:15.414753
43520	870	-1	0.0	0	0:00:15.941915
43540	870	870	0.149	1	0:00:16.040484
43560	871	871	0.57	1	0:00:15.517758
43580	871	871	0.00194	1	0:00:15.739174
43600	872	872	0.36	1	0:00:15.392370
43620	872	872	0.778	1	0:00:15.590915
43640	872	-1	0.0	0	0:00:16.086920
43660	873	873	0.8	1	0:00:16.222682
43680	873	873	0.8	1	0:00:15.756807
43700	874	874	0.584	1	0:00:15.764042
43720	874	874	0.124	1	0:00:16.088287
43740	874	874	0.8	1	0:00:15.564683
43760	875	-1	0.0	0	0:00:15.612246
43780	875	875	0.0227	1	0:00:15.611073
43800	876	-1	0.0	0	0:00:15.719882
43820	876	625	0.0209	0	0:00:15.835057
43840	876	-1	0.0	0	0:00:15.550941
43860	877	877	0.8	1	0:00:15.706559
43880	877	-1	0.0	0	0:00:15.986869
43900	878	878	0.8	1	0:00:15.810344
43920	878	878	0.8	1	0:00:15.529231
43940	878	-1	0.0	0	0:00:15.516037
43960	879	-1	0.0	0	0:00:15.932883
43980	879	-1	0.0	0	0:00:15.451615
44000	880	880	0.202	1	0:00:15.563075
44020	880	-1	0.0	0	0:00:15.737437
44040	880	-1	0.0	0	0:00:15.708283
44060	881	-1	0.0	0	0:00:16.177219
44080	881	579	0.378	0	0:00:16.057741
44100	882	-1	0.0	0	0:00:15.564842
44120	882	-1	0.0	0	0:00:16.082719
44140	882	747	0.00633	0	0:00:16.302885
44160	883	-1	0.0	0	0:00:16.260117
44180	883	716	0.316	0	0:00:15.569727
44200	884	884	0.367	1	0:00:16.102015
44220	884	643	0.096	0	0:00:16.032146
44240	884	-1	0.0	0	0:00:16.247613
44260	885	850	0.216	0	0:00:15.665681
44280	885	643	0.167	0	0:00:15.581755
44300	886	886	0.513	1	0:00:15.335892
44320	886	886	0.0257	1	0:00:15.476848
44340	886	886	0.154	1	0:00:15.709349
44360	887	614	0.0317	0	0:00:15.806602
44380	887	887	0.0564	1	0:00:15.329693
44400	888	718	0.705	0	0:00:15.236985
44420	888	888	0.0449	1	0:00:15.831715
44440	888	839	0.0725	0	0:00:15.757287
44460	889	889	0.664	1	0:00:15.768142
44480	889	889	0.42	1	0:00:15.742410
44500	890	890	0.299	1	0:00:15.783820
44520	890	890	0.8	1	0:00:15.739070
44540	890	890	0.172	1	0:00:15.871009
44560	891	772	0.203	0	0:00:15.916011
44580	891	546	0.00589	0	0:00:15.910204
44600	892	442	0.433	0	0:00:15.681795
44620	892	-1	0.0	0	0:00:16.142013
44640	892	892	0.477	1	0:00:15.852615
44660	893	893	0.0716	1	0:00:15.860237
44680	893	893	0.466	1	0:00:15.410364
44700	894	894	0.0708	1	0:00:15.362107
44720	894	760	0.259	0	0:00:16.052222
44740	894	495	0.314	0	0:00:15.944746
44760	895	895	0.8	1	0:00:15.863820
44780	895	895	0.247	1	0:00:15.634742
44800	896	896	0.27	1	0:00:16.341915
44820	896	896	0.8	1	0:00:15.543666
44840	896	700	0.00313	0	0:00:15.288185
44860	897	-1	0.0	0	0:00:15.572627
44880	897	-1	0.0	0	0:00:15.768856
44900	898	458	0.492	0	0:00:15.806078
44920	898	737	0.435	0	0:00:15.623346
44940	898	-1	0.0	0	0:00:15.862232
44960	899	-1	0.0	0	0:00:15.843914
44980	899	611	0.254	0	0:00:15.776813
45000	900	900	0.8	1	0:00:15.979088
45020	900	900	0.168	1	0:00:16.490029
45040	900	900	0.8	1	0:00:16.251465
45060	901	653	0.662	0	0:00:15.612355
45080	901	692	0.0149	0	0:00:15.746570
45100	902	902	0.8	1	0:00:16.084398
45120	902	902	0.691	1	0:00:15.737422
45140	902	902	0.8	1	0:00:16.040944
45160	903	-1	0.0	0	0:00:16.008091
45180	903	903	0.0662	1	0:00:16.210462
45200	904	904	0.462	1	0:00:15.843456
45220	904	904	0.8	1	0:00:15.604486
45240	904	556	0.25	0	0:00:15.724370
45260	905	-1	0.0	0	0:00:16.081485
45280	905	-1	0.0	0	0:00:15.733693
45300	906	906	0.621	1	0:00:15.481403
45320	906	56	0.335	0	0:00:15.943523
45340	906	834	0.8	0	0:00:15.804991
45360	907	907	0.8	1	0:00:15.649036
45380	907	-1	0.0	0	0:00:15.962518
45400	908	895	0.47	0	0:00:16.171131
45420	908	908	0.753	1	0:00:15.887292
45440	908	404	0.8	0	0:00:16.030922
45460	909	909	0.179	1	0:00:16.126622
45480	909	-1	0.0	0	0:00:16.051787
45500	910	641	0.38	0	0:00:15.879630
45520	910	930	0.084	0	0:00:15.801293
45540	910	-1	0.0	0	0:00:16.518263
45560	911	-1	0.0	0	0:00:15.836232
45580	911	911	0.0969	1	0:00:15.801715
45600	912	677	0.179	0	0:00:15.827864
45620	912	912	0.57	1	0:00:16.097979
45640	912	912	0.135	1	0:00:16.183416
45660	913	913	0.301	1	0:00:15.792986
45680	913	913	0.8	1	0:00:15.922994
45700	914	914	0.778	1	0:00:15.615992
45720	914	914	0.44	1	0:00:16.037014
45740	914	914	0.108	1	0:00:15.512420
45760	915	-1	0.0	0	0:00:15.795240
45780	915	915	0.193	1	0:00:15.458678
45800	916	916	0.0985	1	0:00:15.813232
45820	916	916	0.8	1	0:00:16.007844
45840	916	916	0.743	1	0:00:15.606718
45860	917	917	0.8	1	0:00:16.257298
45880	917	917	0.0687	1	0:00:15.882713
45900	918	918	0.8	1	0:00:15.814164
45920	918	598	0.431	0	0:00:15.536390
45940	918	918	0.8	1	0:00:15.775747
45960	919	562	0.412	0	0:00:16.307193
45980	919	919	0.274	1	0:00:15.937133
46000	920	607	0.142	0	0:00:15.709099
46020	920	468	0.0119	0	0:00:15.671974
46040	920	920	0.735	1	0:00:15.939204
46060	921	424	0.176	0	0:00:15.721308
46080	921	918	0.0851	0	0:00:16.151557
46100	922	922	0.492	1	0:00:16.005841
46120	922	922	0.407	1	0:00:15.933107
46140	922	893	0.174	0	0:00:16.010711
46160	923	923	0.331	1	0:00:15.631885
46180	923	541	0.284	0	0:00:15.419969
46200	924	-1	0.0	0	0:00:15.830707
46220	924	937	0.592	0	0:00:15.668530
46240	924	-1	0.0	0	0:00:15.817577
46260	925	925	0.8	1	0:00:15.635475
46280	925	925	0.308	1	0:00:15.531078
46300	926	926	0.452	1	0:00:15.797724
46320	926	-1	0.0	0	0:00:15.473029
46340	926	926	0.623	1	0:00:15.663660
46360	927	927	0.764	1	0:00:15.653441
46380	927	927	0.67	1	0:00:16.200399
46400	928	-1	0.0	0	0:00:16.057143
46420	928	935	0.0318	0	0:00:15.561752
46440	928	928	0.568	1	0:00:15.846143
46460	929	-1	0.0	0	0:00:15.888134
46480	929	-1	0.0	0	0:00:15.729826
46500	930	964	0.0171	0	0:00:15.892798
46520	930	930	0.691	1	0:00:15.957949
46540	930	-1	0.0	0	0:00:15.517723
46560	931	-1	0.0	0	0:00:15.868437
46580	931	-1	0.0	0	0:00:15.985133
46600	932	415	0.367	0	0:00:16.255178
46620	932	967	0.485	0	0:00:16.024609
46640	932	932	0.753	1	0:00:15.865918
46660	933	933	0.215	1	0:00:15.988061
46680	933	-1	0.0	0	0:00:15.920453
46700	934	-1	0.0	0	0:00:15.708967
46720	934	121	0.319	0	0:00:15.446234
46740	934	934	0.8	1	0:00:15.629943
46760	935	415	0.183	0	0:00:15.952921
46780	935	953	0.0747	0	0:00:15.934608
46800	936	936	0.369	1	0:00:15.437775
46820	936	936	0.778	1	0:00:16.293736
46840	936	936	0.715	1	0:00:15.942297
46860	937	937	0.606	1	0:00:15.807714
46880	937	937	0.476	1	0:00:15.811999
46900	938	937	0.112	0	0:00:16.238504
46920	938	938	0.0584	1	0:00:15.954611
46940	938	924	0.42	0	0:00:15.860356
46960	939	939	0.664	1	0:00:15.405131
46980	939	939	0.778	1	0:00:16.020089
47000	940	-1	0.0	0	0:00:15.686043
47020	940	940	0.474	1	0:00:16.072906
47040	940	941	0.222	0	0:00:15.959809
47060	941	-1	0.0	0	0:00:15.906920
47080	941	941	0.8	1	0:00:15.548031
47100	942	942	0.764	1	0:00:15.443126
47120	942	306	0.0255	0	0:00:15.609055
47140	942	942	0.8	1	0:00:16.445190
47160	943	943	0.282	1	0:00:15.693175
47180	943	943	0.238	1	0:00:12.862318
47200	944	946	0.8	0	0:00:09.621636
47220	944	944	0.778	1	0:00:14.584014
47240	944	944	0.554	1	0:00:14.819788
47260	945	945	0.0324	1	0:00:15.136685
47280	945	55	0.0986	0	0:00:14.790610
47300	946	946	0.8	1	0:00:15.120986
47320	946	946	0.483	1	0:00:15.271803
47340	946	946	0.591	1	0:00:15.049376
47360	947	947	0.8	1	0:00:14.677379
47380	947	947	0.764	1	0:00:15.062515
47400	948	948	0.8	1	0:00:14.814220
47420	948	641	0.00702	0	0:00:14.939225
47440	948	948	0.8	1	0:00:14.832850
47460	949	949	0.203	1	0:00:15.139589
47480	949	949	0.735	1	0:00:15.032414
47500	950	950	0.659	1	0:00:15.120130
47520	950	951	0.375	0	0:00:15.066995
47540	950	951	0.104	0	0:00:14.922279
47560	951	950	0.8	0	0:00:14.825181
47580	951	-1	0.0	0	0:00:14.010571
47600	952	90	0.8	0	0:00:09.975897
47620	952	952	0.8	1	0:00:15.803295
47640	952	-1	0.0	0	0:00:15.815304
47660	953	850	0.126	0	0:00:15.666724
47680	953	-1	0.0	0	0:00:15.665412
47700	954	955	0.0729	0	0:00:15.807228
47720	954	950	0.528	0	0:00:15.450616
47740	954	-1	0.0	0	0:00:15.789474
47760	955	-1	0.0	0	0:00:15.879577
47780	955	955	0.8	1	0:00:15.588658
47800	956	956	0.59	1	0:00:15.138068
47820	956	956	0.45	1	0:00:15.666221
47840	956	-1	0.0	0	0:00:15.652889
47860	957	957	0.285	1	0:00:16.012781
47880	957	989	0.314	0	0:00:16.195595
47900	958	483	0.705	0	0:00:15.770066
47920	958	958	0.376	1	0:00:15.594057
47940	958	-1	0.0	0	0:00:15.805792
47960	959	611	0.0907	0	0:00:15.993233
47980	959	959	0.7	1	0:00:16.058589
48000	960	-1	0.0	0	0:00:15.588856
48020	960	-1	0.0	0	0:00:15.857323
48040	960	-1	0.0	0	0:00:15.882351
48060	961	963	0.8	0	0:00:15.960353
48080	961	964	0.0591	0	0:00:15.462021
48100	962	937	0.00709	0	0:00:16.183888
48120	962	962	0.25	1	0:00:15.657761
48140	962	-1	0.0	0	0:00:15.956796
48160	963	963	0.565	1	0:00:15.813131
48180	963	376	0.185	0	0:00:16.208915
48200	964	-1	0.0	0	0:00:15.802943
48220	964	964	0.333	1	0:00:15.423251
48240	964	990	0.121	0	0:00:15.708795
48260	965	-1	0.0	0	0:00:15.515726
48280	965	925	0.105	0	0:00:15.891519
48300	966	-1	0.0	0	0:00:15.627892
48320	966	966	0.551	1	0:00:15.820330
48340	966	966	0.8	1	0:00:15.752782
48360	967	967	0.155	1	0:00:15.920224
48380	967	-1	0.0	0	0:00:15.455366
48400	968	968	0.186	1	0:00:15.926956
48420	968	504	0.0716	0	0:00:15.430277
48440	968	-1	0.0	0	0:00:15.552275
48460	969	-1	0.0	0	0:00:16.098469
48480	969	523	0.233	0	0:00:15.488215
48500	970	795	0.526	0	0:00:15.896346
48520	970	908	0.234	0	0:00:15.969457
48540	970	970	0.216	1	0:00:15.517511
48560	971	971	0.8	1	0:00:15.756265
48580	971	-1	0.0	0	0:00:15.675048
48600	972	979	0.625	0	0:00:15.660710
48620	972	-1	0.0	0	0:00:15.771643
48640	972	972	0.00345	1	0:00:15.637604
48660	973	973	0.508	1	0:00:15.818870
48680	973	973	0.127	1	0:00:16.014500
48700	974	974	0.8	1	0:00:15.977217
48720	974	974	0.626	1	0:00:16.139728
48740	974	974	0.764	1	0:00:15.901338
48760	975	975	0.0932	1	0:00:16.488131
48780	975	-1	0.0	0	0:00:15.750591
48800	976	-1	0.0	0	0:00:15.234250
48820	976	976	0.267	1	0:00:16.081900
48840	976	972	0.37	0	0:00:15.599861
48860	977	-1	0.0	0	0:00:15.699838
48880	977	976	0.677	0	0:00:15.686717
48900	978	-1	0.0	0	0:00:15.686719
48920	978	978	0.358	1	0:00:15.673886
48940	978	851	0.076	0	0:00:15.679371
48960	979	979	0.8	1	0:00:16.002045
48980	979	979	0.361	1	0:00:15.609159
49000	980	980	0.341	1	0:00:15.925266
49020	980	122	0.0424	0	0:00:15.925519
49040	980	-1	0.0	0	0:00:16.139465
49060	981	981	0.556	1	0:00:16.020828
49080	981	-1	0.0	0	0:00:15.992085
49100	982	982	0.238	1	0:00:15.825848
49120	982	982	0.352	1	0:00:15.725146
49140	982	593	0.0855	0	0:00:15.817424
49160	983	-1	0.0	0	0:00:15.371750
49180	983	983	0.505	1	0:00:15.370604
49200	984	984	0.64	1	0:00:15.817066
49220	984	984	0.8	1	0:00:15.738442
49240	984	984	0.8	1	0:00:16.018122
49260	985	985	0.743	1	0:00:15.601739
49280	985	985	0.8	1	0:00:15.992910
49300	986	986	0.778	1	0:00:16.018205
49320	986	986	0.8	1	0:00:15.992464
49340	986	-1	0.0	0	0:00:16.707821
49360	987	998	0.58	0	0:00:16.316004
49380	987	987	0.664	1	0:00:15.754929
49400	988	-1	0.0	0	0:00:15.790187
49420	988	988	0.0109	1	0:00:15.524840
49440	988	988	0.499	1	0:00:15.507489
49460	989	989	0.0723	1	0:00:15.792428
49480	989	989	0.0664	1	0:00:15.730170
49500	990	990	0.125	1	0:00:15.407150
49520	990	-1	0.0	0	0:00:15.612779
49540	990	990	0.253	1	0:00:15.569419
49560	991	991	0.27	1	0:00:16.103497
49580	991	991	0.8	1	0:00:15.908278
49600	992	992	0.257	1	0:00:15.478843
49620	992	348	0.258	0	0:00:15.574993
49640	992	947	0.275	0	0:00:15.710129
49660	993	993	0.644	1	0:00:15.635098
49680	993	993	0.533	1	0:00:15.874415
49700	994	994	0.743	1	0:00:16.227562
49720	994	994	0.647	1	0:00:15.410504
49740	994	-1	0.0	0	0:00:15.761309
49760	995	995	0.274	1	0:00:15.668519
49780	995	995	0.764	1	0:00:16.297927
49800	996	996	0.232	1	0:00:15.624161
49820	996	-1	0.0	0	0:00:15.606051
49840	996	996	0.7	1	0:00:15.750836
49860	997	947	0.0586	0	0:00:15.278612
49880	997	997	0.8	1	0:00:15.867732
49900	998	998	0.8	1	0:00:15.670632
49920	998	-1	0.0	0	0:00:15.933581
49940	998	987	0.428	0	0:00:15.391099
49960	999	999	0.178	1	0:00:15.599032
49980	999	546	0.0619	0	0:00:15.654104
