idx	label	predict	radius	correct	time
0	0	6	0.0744	0	0:00:59.554079
200	4	-1	0.0	0	0:00:19.867833
400	8	8	0.8	1	0:00:20.242303
600	12	12	0.778	1	0:00:19.886371
800	16	16	0.8	1	0:00:19.948941
1000	20	20	0.8	1	0:00:19.950064
1200	24	24	0.8	1	0:00:20.022005
1400	28	28	0.0807	1	0:00:19.818601
1600	32	307	0.0854	0	0:00:19.701173
1800	36	35	0.8	0	0:00:20.156979
2000	40	-1	0.0	0	0:00:19.975445
2200	44	44	0.753	1	0:00:20.028079
2400	48	48	0.0892	1	0:00:20.087495
2600	52	111	0.154	0	0:00:19.874059
2800	56	56	0.8	1	0:00:20.149600
3000	60	61	0.0194	0	0:00:20.041389
3200	64	64	0.8	1	0:00:20.269264
3400	68	111	0.8	0	0:00:20.087285
3600	72	72	0.8	1	0:00:20.251639
3800	76	76	0.588	1	0:00:20.107728
4000	80	80	0.8	1	0:00:20.039602
4200	84	84	0.0339	1	0:00:20.079952
4400	88	88	0.8	1	0:00:20.282467
4600	92	92	0.71	1	0:00:20.092503
4800	96	96	0.8	1	0:00:19.873323
5000	100	100	0.8	1	0:00:19.983698
5200	104	104	0.721	1	0:00:19.854884
5400	108	677	0.106	0	0:00:20.046143
5600	112	112	0.8	1	0:00:20.220308
5800	116	116	0.8	1	0:00:20.158890
6000	120	119	0.0164	0	0:00:19.962067
6200	124	124	0.496	1	0:00:19.948356
6400	128	128	0.8	1	0:00:20.108222
6600	132	132	0.524	1	0:00:20.052527
6800	136	136	0.8	1	0:00:20.035318
7000	140	140	0.8	1	0:00:19.939240
7200	144	144	0.397	1	0:00:20.054682
7400	148	148	0.8	1	0:00:19.892477
7600	152	152	0.604	1	0:00:19.878709
7800	156	156	0.8	1	0:00:20.277500
8000	160	160	0.8	1	0:00:19.974173
8200	164	164	0.721	1	0:00:20.194893
8400	168	168	0.277	1	0:00:20.192573
8600	172	246	0.0417	0	0:00:20.325719
8800	176	176	0.8	1	0:00:20.183327
9000	180	180	0.204	1	0:00:20.126335
9200	184	189	0.219	0	0:00:20.165825
9400	188	188	0.8	1	0:00:20.184285
9600	192	199	0.179	0	0:00:20.288718
9800	196	199	0.778	0	0:00:20.274218
10000	200	200	0.193	1	0:00:20.240695
10200	204	204	0.359	1	0:00:20.264742
10400	208	208	0.8	1	0:00:20.006829
10600	212	212	0.7	1	0:00:19.941167
10800	216	216	0.26	1	0:00:20.122448
11000	220	220	0.728	1	0:00:20.207267
11200	224	197	0.58	0	0:00:20.118828
11400	228	228	0.472	1	0:00:20.167039
11600	232	232	0.8	1	0:00:19.873183
11800	236	-1	0.0	0	0:00:20.093722
12000	240	238	0.8	0	0:00:20.297212
12200	244	244	0.8	1	0:00:20.214783
12400	248	248	0.8	1	0:00:19.868316
12600	252	252	0.447	1	0:00:20.017613
12800	256	256	0.8	1	0:00:20.254682
13000	260	260	0.778	1	0:00:20.073718
13200	264	264	0.7	1	0:00:20.395030
13400	268	268	0.8	1	0:00:20.156132
13600	272	274	0.8	0	0:00:20.241394
13800	276	276	0.8	1	0:00:20.030068
14000	280	280	0.8	1	0:00:20.153391
14200	284	284	0.8	1	0:00:20.200045
14400	288	288	0.274	1	0:00:20.127852
14600	292	290	0.389	0	0:00:20.021020
14800	296	296	0.153	1	0:00:20.275585
15000	300	300	0.8	1	0:00:20.058491
15200	304	301	0.486	0	0:00:20.121144
15400	308	308	0.8	1	0:00:20.053932
15600	312	-1	0.0	0	0:00:20.087319
15800	316	316	0.8	1	0:00:20.145455
16000	320	320	0.8	1	0:00:20.156846
16200	324	324	0.8	1	0:00:20.220511
16400	328	328	0.8	1	0:00:20.160789
16600	332	333	0.205	0	0:00:20.047888
16800	336	336	0.299	1	0:00:20.217975
17000	340	340	0.8	1	0:00:20.149257
17200	344	344	0.8	1	0:00:19.949657
17400	348	348	0.353	1	0:00:20.056266
17600	352	352	0.557	1	0:00:20.054814
17800	356	-1	0.0	0	0:00:20.194627
18000	360	360	0.644	1	0:00:20.035390
18200	364	364	0.214	1	0:00:20.021785
18400	368	368	0.8	1	0:00:19.990784
18600	372	372	0.595	1	0:00:20.164498
18800	376	376	0.474	1	0:00:20.190606
19000	380	380	0.8	1	0:00:19.928571
19200	384	384	0.234	1	0:00:19.924967
19400	388	388	0.288	1	0:00:20.090515
19600	392	397	0.8	0	0:00:20.215911
19800	396	396	0.8	1	0:00:20.039820
20000	400	667	0.424	0	0:00:20.261002
20200	404	404	0.8	1	0:00:19.968616
20400	408	847	0.8	0	0:00:19.990476
20600	412	412	0.61	1	0:00:20.029844
20800	416	416	0.8	1	0:00:19.807601
21000	420	420	0.404	1	0:00:20.172797
21200	424	860	0.391	0	0:00:19.952977
21400	428	428	0.8	1	0:00:20.189543
21600	432	432	0.8	1	0:00:20.099075
21800	436	436	0.8	1	0:00:20.161924
22000	440	440	0.457	1	0:00:19.962044
22200	444	870	0.0167	0	0:00:19.911747
22400	448	448	0.435	1	0:00:20.001907
22600	452	452	0.691	1	0:00:20.074406
22800	456	522	0.0142	0	0:00:20.044879
23000	460	978	0.216	0	0:00:19.835796
23200	464	674	0.778	0	0:00:20.076583
23400	468	468	0.8	1	0:00:20.171267
23600	472	472	0.8	1	0:00:20.336982
23800	476	476	0.212	1	0:00:20.160979
24000	480	-1	0.0	0	0:00:20.286721
24200	484	871	0.8	0	0:00:20.078749
24400	488	649	0.276	0	0:00:20.237289
24600	492	492	0.735	1	0:00:20.094877
24800	496	496	0.753	1	0:00:19.869281
25000	500	500	0.8	1	0:00:19.862434
25200	504	504	0.513	1	0:00:19.749204
25400	508	508	0.8	1	0:00:20.071778
25600	512	-1	0.0	0	0:00:20.015218
25800	516	850	0.189	0	0:00:20.071423
26000	520	520	0.523	1	0:00:20.222176
26200	524	851	0.122	0	0:00:20.304111
26400	528	674	0.295	0	0:00:20.313264
26600	532	846	0.464	0	0:00:20.004637
26800	536	403	0.0939	0	0:00:19.967188
27000	540	540	0.8	1	0:00:20.032680
27200	544	926	0.111	0	0:00:20.256783
27400	548	548	0.8	1	0:00:20.175400
27600	552	552	0.8	1	0:00:20.017973
27800	556	421	0.55	0	0:00:19.909534
28000	560	560	0.8	1	0:00:19.816838
28200	564	564	0.0738	1	0:00:20.040035
28400	568	568	0.245	1	0:00:20.110677
28600	572	572	0.8	1	0:00:20.135016
28800	576	576	0.642	1	0:00:20.235285
29000	580	738	0.8	0	0:00:20.130990
29200	584	584	0.8	1	0:00:20.037500
29400	588	588	0.576	1	0:00:19.746957
29600	592	592	0.8	1	0:00:20.176982
29800	596	596	0.235	1	0:00:20.090942
30000	600	600	0.721	1	0:00:20.102411
30200	604	604	0.363	1	0:00:19.954808
30400	608	523	0.215	0	0:00:20.215768
30600	612	612	0.8	1	0:00:20.164094
30800	616	-1	0.0	0	0:00:20.241197
31000	620	617	0.182	0	0:00:20.301759
31200	624	-1	0.0	0	0:00:20.140828
31400	628	829	0.41	0	0:00:20.077360
31600	632	632	0.8	1	0:00:20.148065
31800	636	636	0.8	1	0:00:20.317607
32000	640	640	0.8	1	0:00:20.194087
32200	644	644	0.8	1	0:00:20.102014
32400	648	651	0.0196	0	0:00:20.192014
32600	652	652	0.8	1	0:00:20.230242
32800	656	656	0.0367	1	0:00:20.084917
33000	660	660	0.537	1	0:00:20.153504
33200	664	851	0.232	0	0:00:20.133239
33400	668	-1	0.0	0	0:00:20.143222
33600	672	980	0.0754	0	0:00:20.140821
33800	676	125	0.16	0	0:00:19.961007
34000	680	971	0.199	0	0:00:20.172900
34200	684	684	0.8	1	0:00:20.175960
34400	688	688	0.8	1	0:00:20.308019
34600	692	-1	0.0	0	0:00:19.982111
34800	696	-1	0.0	0	0:00:20.077247
35000	700	700	0.735	1	0:00:20.154889
35200	704	704	0.8	1	0:00:20.015339
35400	708	682	0.00671	0	0:00:19.887377
35600	712	-1	0.0	0	0:00:19.911739
35800	716	716	0.8	1	0:00:20.084805
36000	720	720	0.169	1	0:00:19.939623
36200	724	780	0.8	0	0:00:20.029818
36400	728	728	0.542	1	0:00:19.632051
36600	732	732	0.8	1	0:00:19.951944
36800	736	736	0.8	1	0:00:20.141932
37000	740	-1	0.0	0	0:00:20.044266
37200	744	657	0.492	0	0:00:20.191316
37400	748	748	0.0999	1	0:00:20.197766
37600	752	541	0.14	0	0:00:20.159626
37800	756	756	0.216	1	0:00:20.360688
38000	760	-1	0.0	0	0:00:20.227775
38200	764	650	0.475	0	0:00:20.284725
38400	768	768	0.288	1	0:00:20.198121
38600	772	772	0.778	1	0:00:20.136786
38800	776	-1	0.0	0	0:00:20.069641
39000	780	914	0.237	0	0:00:19.992347
39200	784	-1	0.0	0	0:00:20.096999
39400	788	788	0.176	1	0:00:20.005964
39600	792	792	0.62	1	0:00:20.192170
39800	796	796	0.8	1	0:00:20.229468
40000	800	800	0.8	1	0:00:20.077941
40200	804	-1	0.0	0	0:00:20.099631
40400	808	808	0.8	1	0:00:19.930800
40600	812	812	0.8	1	0:00:20.105700
40800	816	816	0.8	1	0:00:20.136640
41000	820	820	0.621	1	0:00:20.208757
41200	824	824	0.638	1	0:00:20.181739
41400	828	-1	0.0	0	0:00:20.093073
41600	832	832	0.549	1	0:00:20.045158
41800	836	-1	0.0	0	0:00:20.226526
42000	840	840	0.8	1	0:00:19.898697
42200	844	844	0.8	1	0:00:20.214660
42400	848	732	0.351	0	0:00:20.127283
42600	852	852	0.8	1	0:00:20.146530
42800	856	856	0.0226	1	0:00:20.130838
43000	860	892	0.218	0	0:00:20.196557
43200	864	864	0.138	1	0:00:20.178807
43400	868	967	0.253	0	0:00:20.114417
43600	872	872	0.8	1	0:00:20.103550
43800	876	648	0.259	0	0:00:20.097484
44000	880	880	0.528	1	0:00:20.146728
44200	884	884	0.8	1	0:00:20.109701
44400	888	718	0.306	0	0:00:20.036529
44600	892	442	0.604	0	0:00:20.074329
44800	896	896	0.8	1	0:00:20.174974
45000	900	900	0.8	1	0:00:20.133813
45200	904	905	0.15	0	0:00:20.134879
45400	908	895	0.8	0	0:00:20.053046
45600	912	912	0.778	1	0:00:20.114235
45800	916	916	0.715	1	0:00:20.179253
46000	920	920	0.164	1	0:00:20.134086
46200	924	924	0.764	1	0:00:20.254298
46400	928	927	0.67	0	0:00:20.116422
46600	932	932	0.8	1	0:00:20.448459
46800	936	936	0.8	1	0:00:19.929364
47000	940	940	0.0487	1	0:00:20.121894
47200	944	946	0.8	0	0:00:20.012841
47400	948	948	0.8	1	0:00:20.168758
47600	952	90	0.8	0	0:00:20.233802
47800	956	956	0.649	1	0:00:20.210840
48000	960	960	0.186	1	0:00:20.077331
48200	964	964	0.0442	1	0:00:20.126955
48400	968	968	0.8	1	0:00:20.091059
48600	972	979	0.642	0	0:00:20.045042
48800	976	972	0.0443	0	0:00:20.018425
49000	980	980	0.8	1	0:00:20.115420
49200	984	984	0.8	1	0:00:19.998754
49400	988	988	0.407	1	0:00:19.802434
49600	992	992	0.8	1	0:00:19.951303
49800	996	996	0.8	1	0:00:19.846289
