idx	label	predict	radius	correct	time
0	0	-1	0.0	0	0:00:52.992995
20	0	0	0.8	1	0:00:12.314353
40	0	0	0.8	1	0:00:12.498806
60	1	1	0.538	1	0:00:12.521597
80	1	-1	0.0	0	0:00:12.579043
100	2	2	0.558	1	0:00:12.373530
120	2	2	0.625	1	0:00:12.407024
140	2	2	0.298	1	0:00:12.553010
160	3	3	0.154	1	0:00:12.537438
180	3	3	0.8	1	0:00:12.401398
200	4	395	0.16	0	0:00:12.458030
220	4	-1	0.0	0	0:00:12.587876
240	4	-1	0.0	0	0:00:12.627688
260	5	6	0.107	0	0:00:12.659278
280	5	5	0.8	1	0:00:12.486989
300	6	6	0.49	1	0:00:12.527660
320	6	6	0.358	1	0:00:12.570648
340	6	6	0.369	1	0:00:12.448498
360	7	7	0.478	1	0:00:12.382268
380	7	7	0.778	1	0:00:12.558301
400	8	8	0.8	1	0:00:12.385154
420	8	-1	0.0	0	0:00:12.240797
440	8	8	0.691	1	0:00:12.339226
460	9	9	0.8	1	0:00:12.456713
480	9	9	0.159	1	0:00:12.586340
500	10	10	0.64	1	0:00:12.631302
520	10	-1	0.0	0	0:00:12.539276
540	10	10	0.131	1	0:00:12.373068
560	11	11	0.376	1	0:00:12.491153
580	11	11	0.601	1	0:00:12.480309
600	12	12	0.529	1	0:00:12.561016
620	12	12	0.8	1	0:00:12.376367
640	12	12	0.443	1	0:00:12.351376
660	13	13	0.8	1	0:00:12.297571
680	13	13	0.242	1	0:00:12.172335
700	14	14	0.8	1	0:00:12.636115
720	14	14	0.8	1	0:00:12.231682
740	14	14	0.743	1	0:00:12.566724
760	15	15	0.8	1	0:00:12.604646
780	15	-1	0.0	0	0:00:12.620212
800	16	16	0.8	1	0:00:12.430386
820	16	16	0.687	1	0:00:12.280568
840	16	16	0.8	1	0:00:12.366941
860	17	17	0.8	1	0:00:12.522713
880	17	17	0.283	1	0:00:12.484849
900	18	18	0.0979	1	0:00:12.597774
920	18	18	0.728	1	0:00:12.622620
940	18	18	0.8	1	0:00:12.624208
960	19	19	0.378	1	0:00:12.609673
980	19	19	0.528	1	0:00:12.722647
1000	20	20	0.753	1	0:00:12.529868
1020	20	20	0.8	1	0:00:12.378681
1040	20	20	0.8	1	0:00:12.632645
1060	21	22	0.205	0	0:00:12.345117
1080	21	21	0.0347	1	0:00:12.137602
1100	22	21	0.388	0	0:00:12.612078
1120	22	22	0.8	1	0:00:12.549057
1140	22	22	0.8	1	0:00:12.478919
1160	23	23	0.8	1	0:00:12.450871
1180	23	23	0.8	1	0:00:12.484220
1200	24	24	0.8	1	0:00:12.438204
1220	24	83	0.15	0	0:00:12.584703
1240	24	24	0.8	1	0:00:12.426840
1260	25	26	0.0154	0	0:00:12.475567
1280	25	25	0.233	1	0:00:12.670100
1300	26	26	0.312	1	0:00:12.406958
1320	26	26	0.0294	1	0:00:12.307520
1340	26	26	0.8	1	0:00:12.467485
1360	27	27	0.8	1	0:00:12.595190
1380	27	27	0.715	1	0:00:12.487269
1400	28	28	0.00872	1	0:00:12.359768
1420	28	28	0.8	1	0:00:12.671867
1440	28	28	0.8	1	0:00:12.548167
1460	29	29	0.8	1	0:00:12.369852
1480	29	96	0.0464	0	0:00:12.448762
1500	30	30	0.34	1	0:00:12.362625
1520	30	-1	0.0	0	0:00:12.678730
1540	30	32	0.6	0	0:00:12.434396
1560	31	31	0.651	1	0:00:12.310361
1580	31	31	0.8	1	0:00:12.538750
1600	32	-1	0.0	0	0:00:12.615069
1620	32	32	0.242	1	0:00:12.445271
1640	32	-1	0.0	0	0:00:12.700069
1660	33	33	0.615	1	0:00:12.495342
1680	33	33	0.696	1	0:00:12.700078
1700	34	34	0.178	1	0:00:12.678488
1720	34	34	0.11	1	0:00:12.552334
1740	34	34	0.504	1	0:00:12.535293
1760	35	35	0.778	1	0:00:12.508142
1780	35	35	0.359	1	0:00:12.569580
1800	36	37	0.174	0	0:00:12.643212
1820	36	-1	0.0	0	0:00:12.758234
1840	36	35	0.715	0	0:00:12.526103
1860	37	37	0.258	1	0:00:12.511977
1880	37	37	0.367	1	0:00:12.494055
1900	38	38	0.638	1	0:00:12.469501
1920	38	38	0.319	1	0:00:12.478588
1940	38	38	0.8	1	0:00:12.436498
1960	39	46	0.8	0	0:00:12.199466
1980	39	39	0.552	1	0:00:12.116964
2000	40	-1	0.0	0	0:00:12.653945
2020	40	40	0.503	1	0:00:12.462094
2040	40	46	0.42	0	0:00:12.601138
2060	41	41	0.8	1	0:00:12.314664
2080	41	-1	0.0	0	0:00:12.611420
2100	42	-1	0.0	0	0:00:12.448842
2120	42	42	0.49	1	0:00:12.511015
2140	42	-1	0.0	0	0:00:12.400795
2160	43	43	0.654	1	0:00:12.633289
2180	43	43	0.202	1	0:00:12.645298
2200	44	44	0.71	1	0:00:12.415918
2220	44	44	0.753	1	0:00:12.513133
2240	44	44	0.8	1	0:00:12.647524
2260	45	45	0.8	1	0:00:12.290885
2280	45	45	0.778	1	0:00:12.461020
2300	46	46	0.283	1	0:00:12.381783
2320	46	-1	0.0	0	0:00:12.336301
2340	46	46	0.122	1	0:00:12.546782
2360	47	44	0.0128	0	0:00:12.424233
2380	47	47	0.212	1	0:00:12.649741
2400	48	48	0.257	1	0:00:12.361725
2420	48	48	0.298	1	0:00:12.445560
2440	48	-1	0.0	0	0:00:12.275702
2460	49	50	0.68	0	0:00:12.567606
2480	49	-1	0.0	0	0:00:12.538974
2500	50	50	0.175	1	0:00:12.631448
2520	50	50	0.421	1	0:00:12.323025
2540	50	-1	0.0	0	0:00:12.331251
2560	51	51	0.8	1	0:00:12.599052
2580	51	51	0.8	1	0:00:12.714203
2600	52	-1	0.0	0	0:00:12.463623
2620	52	52	0.438	1	0:00:12.393521
2640	52	53	0.0737	0	0:00:12.519489
2660	53	53	0.356	1	0:00:12.587558
2680	53	53	0.0181	1	0:00:12.576297
2700	54	57	0.8	0	0:00:12.344596
2720	54	57	0.8	0	0:00:12.348345
2740	54	54	0.778	1	0:00:12.575109
2760	55	59	0.0717	0	0:00:12.710811
2780	55	55	0.113	1	0:00:12.499241
2800	56	56	0.8	1	0:00:12.367161
2820	56	56	0.778	1	0:00:12.567522
2840	56	56	0.753	1	0:00:12.540107
2860	57	57	0.8	1	0:00:12.477502
2880	57	57	0.0124	1	0:00:12.455276
2900	58	114	0.122	0	0:00:12.521715
2920	58	-1	0.0	0	0:00:12.471719
2940	58	-1	0.0	0	0:00:12.325636
2960	59	59	0.8	1	0:00:12.574425
2980	59	59	0.8	1	0:00:12.687660
3000	60	61	0.8	0	0:00:12.617655
3020	60	66	0.8	0	0:00:12.549653
3040	60	53	0.394	0	0:00:12.109952
3060	61	66	0.137	0	0:00:12.648415
3080	61	61	0.8	1	0:00:12.393307
3100	62	61	0.642	0	0:00:12.592637
3120	62	621	0.208	0	0:00:12.393019
3140	62	-1	0.0	0	0:00:12.479955
3160	63	63	0.8	1	0:00:12.524746
3180	63	63	0.8	1	0:00:12.482246
3200	64	64	0.728	1	0:00:12.306147
3220	64	55	0.0258	0	0:00:12.682459
3240	64	-1	0.0	0	0:00:12.497213
3260	65	65	0.46	1	0:00:12.288783
3280	65	65	0.174	1	0:00:12.734738
3300	66	61	0.124	0	0:00:12.481378
3320	66	66	0.212	1	0:00:12.445271
3340	66	-1	0.0	0	0:00:12.657575
3360	67	-1	0.0	0	0:00:12.571481
3380	67	67	0.8	1	0:00:12.513598
3400	68	111	0.155	0	0:00:12.659841
3420	68	68	0.356	1	0:00:12.716328
3440	68	66	0.705	0	0:00:12.614626
3460	69	69	0.251	1	0:00:12.692109
3480	69	69	0.8	1	0:00:12.492282
3500	70	70	0.8	1	0:00:12.418249
3520	70	70	0.576	1	0:00:12.261535
3540	70	70	0.8	1	0:00:12.551598
3560	71	71	0.258	1	0:00:12.653759
3580	71	71	0.8	1	0:00:12.531028
3600	72	72	0.8	1	0:00:12.476248
3620	72	72	0.8	1	0:00:12.735918
3640	72	72	0.8	1	0:00:12.572953
3660	73	78	0.0264	0	0:00:12.519747
3680	73	815	0.201	0	0:00:12.431487
3700	74	-1	0.0	0	0:00:12.488145
3720	74	-1	0.0	0	0:00:12.432967
3740	74	74	0.525	1	0:00:12.362322
3760	75	75	0.8	1	0:00:12.561463
3780	75	75	0.8	1	0:00:12.600407
3800	76	76	0.743	1	0:00:12.484443
3820	76	76	0.764	1	0:00:12.598659
3840	76	76	0.8	1	0:00:12.602009
3860	77	77	0.778	1	0:00:12.470614
3880	77	77	0.162	1	0:00:12.766811
3900	78	78	0.696	1	0:00:12.513033
3920	78	70	0.715	0	0:00:12.580517
3940	78	78	0.8	1	0:00:12.448572
3960	79	79	0.515	1	0:00:12.473886
3980	79	69	0.273	0	0:00:12.623068
4000	80	80	0.8	1	0:00:12.493309
4020	80	80	0.728	1	0:00:12.604808
4040	80	80	0.8	1	0:00:12.667926
4060	81	81	0.256	1	0:00:12.388687
4080	81	81	0.8	1	0:00:12.453540
4100	82	82	0.764	1	0:00:12.300630
4120	82	82	0.8	1	0:00:12.403213
4140	82	82	0.8	1	0:00:12.442718
4160	83	-1	0.0	0	0:00:12.330673
4180	83	83	0.8	1	0:00:12.460196
4200	84	84	0.361	1	0:00:12.343793
4220	84	84	0.8	1	0:00:12.471773
4240	84	84	0.8	1	0:00:12.606726
4260	85	86	0.293	0	0:00:12.580566
4280	85	85	0.8	1	0:00:12.605478
4300	86	86	0.8	1	0:00:12.484922
4320	86	86	0.8	1	0:00:12.403857
4340	86	86	0.8	1	0:00:12.346473
4360	87	87	0.8	1	0:00:12.548095
4380	87	87	0.542	1	0:00:12.340031
4400	88	88	0.532	1	0:00:12.756752
4420	88	21	0.395	0	0:00:12.466942
4440	88	88	0.8	1	0:00:12.417068
4460	89	89	0.8	1	0:00:12.838331
4480	89	89	0.427	1	0:00:12.513462
4500	90	90	0.8	1	0:00:12.628317
4520	90	90	0.8	1	0:00:12.512486
4540	90	90	0.8	1	0:00:12.710342
4560	91	91	0.8	1	0:00:12.453893
4580	91	91	0.8	1	0:00:12.628950
4600	92	-1	0.0	0	0:00:12.448911
4620	92	92	0.8	1	0:00:12.345782
4640	92	92	0.8	1	0:00:12.612822
4660	93	93	0.8	1	0:00:12.609453
4680	93	93	0.8	1	0:00:12.677092
4700	94	94	0.8	1	0:00:12.602074
4720	94	94	0.472	1	0:00:12.590049
4740	94	94	0.8	1	0:00:12.440657
4760	95	95	0.8	1	0:00:12.460243
4780	95	95	0.8	1	0:00:12.530951
4800	96	96	0.8	1	0:00:12.387038
4820	96	96	0.8	1	0:00:12.501353
4840	96	96	0.8	1	0:00:12.467892
4860	97	97	0.8	1	0:00:12.513296
4880	97	97	0.778	1	0:00:12.698391
4900	98	98	0.476	1	0:00:12.565314
4920	98	98	0.8	1	0:00:12.359748
4940	98	98	0.288	1	0:00:12.433502
4960	99	99	0.129	1	0:00:12.547871
4980	99	99	0.0922	1	0:00:12.365779
5000	100	100	0.8	1	0:00:12.381981
5020	100	100	0.8	1	0:00:12.349639
5040	100	100	0.127	1	0:00:12.424974
5060	101	101	0.656	1	0:00:12.392222
5080	101	-1	0.0	0	0:00:12.949332
5100	102	102	0.8	1	0:00:12.911861
5120	102	102	0.8	1	0:00:12.722842
5140	102	102	0.8	1	0:00:12.409963
5160	103	103	0.8	1	0:00:12.360968
5180	103	103	0.64	1	0:00:12.396185
5200	104	104	0.315	1	0:00:12.378354
5220	104	-1	0.0	0	0:00:12.375163
5240	104	-1	0.0	0	0:00:12.283286
5260	105	105	0.8	1	0:00:12.188586
5280	105	105	0.753	1	0:00:12.523013
5300	106	106	0.295	1	0:00:12.513395
5320	106	106	0.101	1	0:00:12.485765
5340	106	106	0.521	1	0:00:12.652733
5360	107	34	0.0634	0	0:00:12.332623
5380	107	-1	0.0	0	0:00:12.315030
5400	108	-1	0.0	0	0:00:12.353115
5420	108	108	0.8	1	0:00:12.424997
5440	108	108	0.8	1	0:00:12.463182
5460	109	109	0.247	1	0:00:12.294445
5480	109	109	0.618	1	0:00:12.659926
5500	110	110	0.778	1	0:00:12.549559
5520	110	110	0.8	1	0:00:12.607247
5540	110	110	0.764	1	0:00:12.416133
5560	111	111	0.451	1	0:00:12.353371
5580	111	111	0.8	1	0:00:12.474931
5600	112	112	0.17	1	0:00:12.378353
5620	112	-1	0.0	0	0:00:12.364954
5640	112	113	0.139	0	0:00:12.380461
5660	113	-1	0.0	0	0:00:12.375397
5680	113	113	0.0794	1	0:00:12.411379
5700	114	113	0.228	0	0:00:12.539674
5720	114	114	0.49	1	0:00:12.864941
5740	114	114	0.735	1	0:00:12.793760
5760	115	-1	0.0	0	0:00:12.760016
5780	115	115	0.513	1	0:00:12.870260
5800	116	116	0.8	1	0:00:12.703341
5820	116	-1	0.0	0	0:00:12.634130
5840	116	-1	0.0	0	0:00:12.484928
5860	117	117	0.649	1	0:00:12.412077
5880	117	117	0.8	1	0:00:12.442950
5900	118	118	0.8	1	0:00:12.496002
5920	118	118	0.636	1	0:00:12.437955
5940	118	-1	0.0	0	0:00:12.415894
5960	119	-1	0.0	0	0:00:12.685534
5980	119	-1	0.0	0	0:00:12.672832
6000	120	-1	0.0	0	0:00:12.718791
6020	120	120	0.103	1	0:00:12.728862
6040	120	120	0.7	1	0:00:12.467281
6060	121	121	0.8	1	0:00:12.531304
6080	121	121	0.735	1	0:00:12.353770
6100	122	122	0.364	1	0:00:12.417403
6120	122	122	0.127	1	0:00:12.605269
6140	122	122	0.8	1	0:00:12.676108
6160	123	-1	0.0	0	0:00:12.622659
6180	123	123	0.8	1	0:00:12.557659
6200	124	124	0.201	1	0:00:12.699558
6220	124	-1	0.0	0	0:00:12.315720
6240	124	-1	0.0	0	0:00:12.320629
6260	125	125	0.684	1	0:00:12.406557
6280	125	125	0.764	1	0:00:12.465084
6300	126	126	0.8	1	0:00:12.397375
6320	126	125	0.172	0	0:00:12.330403
6340	126	126	0.124	1	0:00:12.372560
6360	127	127	0.8	1	0:00:12.331814
6380	127	127	0.377	1	0:00:12.956187
6400	128	128	0.8	1	0:00:12.833953
6420	128	128	0.691	1	0:00:12.752685
6440	128	128	0.8	1	0:00:12.276989
6460	129	129	0.8	1	0:00:12.368770
6480	129	129	0.8	1	0:00:12.362692
6500	130	130	0.691	1	0:00:12.353553
6520	130	130	0.8	1	0:00:12.388657
6540	130	601	0.339	0	0:00:12.390225
6560	131	131	0.399	1	0:00:12.400943
6580	131	132	0.8	0	0:00:12.593391
6600	132	132	0.647	1	0:00:12.651244
6620	132	132	0.8	1	0:00:12.707260
6640	132	132	0.256	1	0:00:12.299612
6660	133	337	0.384	0	0:00:12.383370
6680	133	133	0.376	1	0:00:12.467200
6700	134	132	0.647	0	0:00:12.532066
6720	134	134	0.606	1	0:00:12.601378
6740	134	138	0.00069	0	0:00:12.556676
6760	135	135	0.8	1	0:00:12.436311
6780	135	135	0.8	1	0:00:12.501752
6800	136	136	0.8	1	0:00:12.348390
6820	136	136	0.764	1	0:00:12.495873
6840	136	136	0.753	1	0:00:12.673061
6860	137	137	0.8	1	0:00:12.570972
6880	137	148	0.406	0	0:00:12.320417
6900	138	138	0.8	1	0:00:12.581833
6920	138	138	0.8	1	0:00:12.536937
6940	138	138	0.67	1	0:00:12.360198
6960	139	139	0.8	1	0:00:12.368086
6980	139	139	0.8	1	0:00:12.677588
7000	140	140	0.8	1	0:00:12.782935
7020	140	141	0.02	0	0:00:12.484467
7040	140	140	0.439	1	0:00:12.159795
7060	141	-1	0.0	0	0:00:12.694266
7080	141	141	0.5	1	0:00:12.570666
7100	142	142	0.8	1	0:00:12.433481
7120	142	142	0.8	1	0:00:12.618047
7140	142	142	0.8	1	0:00:12.551630
7160	143	143	0.237	1	0:00:12.644962
7180	143	143	0.778	1	0:00:12.374723
7200	144	144	0.0794	1	0:00:12.371781
7220	144	144	0.8	1	0:00:12.509011
7240	144	144	0.687	1	0:00:12.493180
7260	145	145	0.8	1	0:00:12.478725
7280	145	145	0.8	1	0:00:12.681660
7300	146	146	0.0306	1	0:00:12.459457
7320	146	146	0.51	1	0:00:12.635310
7340	146	146	0.778	1	0:00:12.523092
7360	147	147	0.311	1	0:00:12.686047
7380	147	147	0.67	1	0:00:12.516556
7400	148	148	0.8	1	0:00:12.618673
7420	148	148	0.8	1	0:00:12.767372
7440	148	148	0.8	1	0:00:12.525621
7460	149	149	0.8	1	0:00:12.394882
7480	149	149	0.8	1	0:00:12.384708
7500	150	360	0.424	0	0:00:12.646798
7520	150	150	0.337	1	0:00:12.581684
7540	150	-1	0.0	0	0:00:12.733457
7560	151	151	0.442	1	0:00:12.502085
7580	151	245	0.115	0	0:00:12.406420
7600	152	152	0.505	1	0:00:12.613972
7620	152	152	0.353	1	0:00:12.677155
7640	152	152	0.0909	1	0:00:12.371122
7660	153	153	0.46	1	0:00:12.360795
7680	153	-1	0.0	0	0:00:12.314958
7700	154	259	0.0432	0	0:00:12.591967
7720	154	154	0.626	1	0:00:12.362519
7740	154	154	0.473	1	0:00:12.619196
7760	155	-1	0.0	0	0:00:12.617978
7780	155	155	0.254	1	0:00:12.359752
7800	156	156	0.8	1	0:00:12.452419
7820	156	156	0.8	1	0:00:12.314483
7840	156	156	0.687	1	0:00:12.501142
7860	157	157	0.0245	1	0:00:12.555015
7880	157	157	0.715	1	0:00:12.500070
7900	158	158	0.634	1	0:00:12.231121
7920	158	195	0.677	0	0:00:12.784979
7940	158	158	0.0253	1	0:00:12.453294
7960	159	159	0.471	1	0:00:12.374408
7980	159	159	0.59	1	0:00:12.526161
8000	160	160	0.8	1	0:00:12.714281
8020	160	160	0.299	1	0:00:12.651394
8040	160	-1	0.0	0	0:00:12.712555
8060	161	161	0.533	1	0:00:12.287188
8080	161	166	0.178	0	0:00:12.303962
8100	162	162	0.8	1	0:00:12.327635
8120	162	162	0.691	1	0:00:12.545554
8140	162	162	0.8	1	0:00:12.345849
8160	163	244	0.0125	0	0:00:12.439951
8180	163	281	0.199	0	0:00:12.551554
8200	164	164	0.221	1	0:00:12.585066
8220	164	-1	0.0	0	0:00:12.483320
8240	164	164	0.8	1	0:00:12.464741
8260	165	236	0.142	0	0:00:12.358006
8280	165	-1	0.0	0	0:00:12.558542
8300	166	162	0.516	0	0:00:12.412166
8320	166	162	0.406	0	0:00:12.512669
8340	166	162	0.255	0	0:00:12.437208
8360	167	162	0.0237	0	0:00:12.242906
8380	167	166	0.136	0	0:00:12.479140
8400	168	168	0.0419	1	0:00:12.697688
8420	168	168	0.175	1	0:00:12.689985
8440	168	168	0.407	1	0:00:12.449770
8460	169	-1	0.0	0	0:00:12.578457
8480	169	169	0.764	1	0:00:12.515130
8500	170	172	0.179	0	0:00:12.684890
8520	170	202	0.425	0	0:00:12.434780
8540	170	192	0.0932	0	0:00:12.350453
8560	171	173	0.0463	0	0:00:12.323457
8580	171	171	0.152	1	0:00:12.389707
8600	172	-1	0.0	0	0:00:12.381723
8620	172	172	0.673	1	0:00:12.440684
8640	172	253	0.0731	0	0:00:12.618693
8660	173	173	0.8	1	0:00:12.473347
8680	173	173	0.261	1	0:00:12.409210
8700	174	174	0.588	1	0:00:12.449879
8720	174	174	0.392	1	0:00:12.554276
8740	174	174	0.721	1	0:00:12.600945
8760	175	175	0.26	1	0:00:12.485305
8780	175	-1	0.0	0	0:00:12.313671
8800	176	176	0.588	1	0:00:12.377513
8820	176	171	0.0588	0	0:00:12.554917
8840	176	176	0.778	1	0:00:12.507432
8860	177	177	0.662	1	0:00:12.451476
8880	177	177	0.535	1	0:00:12.535307
8900	178	178	0.8	1	0:00:12.724584
8920	178	-1	0.0	0	0:00:12.550775
8940	178	178	0.778	1	0:00:12.749327
8960	179	-1	0.0	0	0:00:12.165346
8980	179	179	0.45	1	0:00:12.520204
9000	180	180	0.116	1	0:00:12.575471
9020	180	151	0.00797	0	0:00:12.412284
9040	180	-1	0.0	0	0:00:12.478508
9060	181	-1	0.0	0	0:00:12.423815
9080	181	181	0.241	1	0:00:12.619534
9100	182	-1	0.0	0	0:00:12.619599
9120	182	-1	0.0	0	0:00:12.467683
9140	182	182	0.121	1	0:00:12.490750
9160	183	-1	0.0	0	0:00:12.377852
9180	183	197	0.482	0	0:00:12.556159
9200	184	-1	0.0	0	0:00:12.631885
9220	184	827	0.144	0	0:00:12.520660
9240	184	184	0.53	1	0:00:12.347416
9260	185	185	0.49	1	0:00:12.640928
9280	185	185	0.673	1	0:00:12.795714
9300	186	192	0.483	0	0:00:12.561232
9320	186	186	0.148	1	0:00:12.611948
9340	186	-1	0.0	0	0:00:12.611117
9360	187	-1	0.0	0	0:00:12.371548
9380	187	200	0.253	0	0:00:12.613644
9400	188	188	0.67	1	0:00:12.637247
9420	188	-1	0.0	0	0:00:12.522111
9440	188	-1	0.0	0	0:00:12.467183
9460	189	189	0.114	1	0:00:12.363613
9480	189	189	0.8	1	0:00:12.369681
9500	190	190	0.8	1	0:00:12.390509
9520	190	190	0.0841	1	0:00:12.443128
9540	190	190	0.8	1	0:00:12.872516
9560	191	191	0.52	1	0:00:12.558881
9580	191	191	0.8	1	0:00:12.733284
9600	192	199	0.485	0	0:00:12.415629
9620	192	192	0.0764	1	0:00:12.333913
9640	192	192	0.245	1	0:00:12.347986
9660	193	-1	0.0	0	0:00:12.236928
9680	193	-1	0.0	0	0:00:12.286449
9700	194	-1	0.0	0	0:00:12.546048
9720	194	200	0.0518	0	0:00:12.366977
9740	194	194	0.585	1	0:00:12.708835
9760	195	195	0.8	1	0:00:12.567544
9780	195	195	0.8	1	0:00:12.447911
9800	196	199	0.8	0	0:00:12.477350
9820	196	196	0.8	1	0:00:12.593362
9840	196	198	0.8	0	0:00:12.604709
9860	197	197	0.471	1	0:00:12.234916
9880	197	-1	0.0	0	0:00:12.422713
9900	198	196	0.0479	0	0:00:12.470380
9920	198	198	0.8	1	0:00:12.303871
9940	198	-1	0.0	0	0:00:12.353515
9960	199	203	0.8	0	0:00:12.565180
9980	199	199	0.8	1	0:00:12.683240
10000	200	160	0.133	0	0:00:12.499010
10020	200	202	0.0464	0	0:00:12.404122
10040	200	200	0.124	1	0:00:12.492844
10060	201	201	0.266	1	0:00:12.503386
10080	201	201	0.12	1	0:00:12.305154
10100	202	202	0.8	1	0:00:12.649650
10120	202	184	0.104	0	0:00:12.375291
10140	202	202	0.295	1	0:00:12.364221
10160	203	-1	0.0	0	0:00:12.334569
10180	203	203	0.8	1	0:00:12.384389
10200	204	204	0.141	1	0:00:12.417904
10220	204	153	0.524	0	0:00:12.793295
10240	204	155	0.642	0	0:00:12.653110
10260	205	205	0.505	1	0:00:12.492091
10280	205	205	0.352	1	0:00:12.502052
10300	206	206	0.8	1	0:00:12.420535
10320	206	206	0.0822	1	0:00:12.514168
10340	206	206	0.431	1	0:00:12.476146
10360	207	207	0.596	1	0:00:12.475980
10380	207	213	0.0521	0	0:00:12.705709
10400	208	208	0.589	1	0:00:12.595346
10420	208	208	0.451	1	0:00:12.740299
10440	208	208	0.0601	1	0:00:12.453252
10460	209	209	0.318	1	0:00:12.472310
10480	209	208	0.384	0	0:00:12.362036
10500	210	208	0.0193	0	0:00:12.481852
10520	210	210	0.626	1	0:00:12.439696
10540	210	210	0.8	1	0:00:12.597826
10560	211	-1	0.0	0	0:00:12.529969
10580	211	-1	0.0	0	0:00:12.607790
10600	212	212	0.329	1	0:00:12.586385
10620	212	212	0.388	1	0:00:12.501516
10640	212	212	0.778	1	0:00:12.360285
10660	213	213	0.8	1	0:00:12.524653
10680	213	-1	0.0	0	0:00:12.538276
10700	214	214	0.553	1	0:00:12.549040
10720	214	214	0.481	1	0:00:12.521099
10740	214	214	0.753	1	0:00:12.529286
10760	215	215	0.145	1	0:00:12.472868
10780	215	-1	0.0	0	0:00:12.443360
10800	216	212	0.0226	0	0:00:12.362313
10820	216	216	0.8	1	0:00:12.509364
10840	216	216	0.126	1	0:00:12.723172
10860	217	217	0.59	1	0:00:12.803768
10880	217	217	0.8	1	0:00:12.764603
10900	218	218	0.8	1	0:00:12.550462
10920	218	218	0.71	1	0:00:12.432034
10940	218	218	0.8	1	0:00:12.471448
10960	219	219	0.545	1	0:00:12.448602
10980	219	217	0.254	0	0:00:12.755657
11000	220	220	0.715	1	0:00:12.502103
11020	220	219	0.492	0	0:00:12.572837
11040	220	220	0.696	1	0:00:12.689499
11060	221	221	0.0645	1	0:00:12.721665
11080	221	256	0.148	0	0:00:12.731578
11100	222	270	0.121	0	0:00:12.455345
11120	222	-1	0.0	0	0:00:12.546169
11140	222	222	0.129	1	0:00:12.349540
11160	223	223	0.443	1	0:00:12.429616
11180	223	224	0.0332	0	0:00:12.464961
11200	224	-1	0.0	0	0:00:12.411475
11220	224	224	0.743	1	0:00:12.473381
11240	224	224	0.764	1	0:00:12.775200
11260	225	225	0.16	1	0:00:12.429180
11280	225	225	0.8	1	0:00:12.449297
11300	226	226	0.309	1	0:00:12.594600
11320	226	226	0.396	1	0:00:12.436891
11340	226	-1	0.0	0	0:00:12.493599
11360	227	227	0.604	1	0:00:12.579818
11380	227	227	0.287	1	0:00:12.724615
11400	228	228	0.687	1	0:00:12.445573
11420	228	228	0.8	1	0:00:12.437847
11440	228	228	0.8	1	0:00:12.526754
11460	229	229	0.743	1	0:00:12.612905
11480	229	229	0.8	1	0:00:12.446629
11500	230	230	0.285	1	0:00:12.326788
11520	230	230	0.454	1	0:00:12.424904
11540	230	230	0.62	1	0:00:12.329422
11560	231	230	0.8	0	0:00:12.399610
11580	231	231	0.119	1	0:00:12.223680
11600	232	232	0.677	1	0:00:12.692627
11620	232	152	0.138	0	0:00:12.283084
11640	232	232	0.408	1	0:00:12.388309
11660	233	197	0.219	0	0:00:12.460077
11680	233	183	0.0696	0	0:00:12.642544
11700	234	214	0.217	0	0:00:12.409819
11720	234	234	0.71	1	0:00:12.464822
11740	234	234	0.8	1	0:00:12.539437
11760	235	235	0.489	1	0:00:12.504573
11780	235	235	0.00477	1	0:00:12.390900
11800	236	234	0.102	0	0:00:12.534275
11820	236	236	0.8	1	0:00:12.654863
11840	236	234	0.127	0	0:00:12.511257
11860	237	237	0.8	1	0:00:12.287193
11880	237	234	0.137	0	0:00:12.854912
11900	238	241	0.259	0	0:00:12.469198
11920	238	238	0.588	1	0:00:12.446709
11940	238	238	0.0778	1	0:00:12.313678
11960	239	239	0.207	1	0:00:12.422194
11980	239	239	0.389	1	0:00:12.458884
12000	240	238	0.715	0	0:00:12.386759
12020	240	241	0.0764	0	0:00:12.668387
12040	240	-1	0.0	0	0:00:12.432925
12060	241	241	0.8	1	0:00:12.610528
12080	241	241	0.764	1	0:00:12.698159
12100	242	242	0.263	1	0:00:12.742687
12120	242	176	0.15	0	0:00:12.525300
12140	242	180	0.0135	0	0:00:12.273540
12160	243	243	0.634	1	0:00:12.602612
12180	243	243	0.454	1	0:00:12.583633
12200	244	244	0.8	1	0:00:12.274409
12220	244	244	0.8	1	0:00:12.347991
12240	244	244	0.8	1	0:00:12.391041
12260	245	245	0.8	1	0:00:12.595238
12280	245	245	0.705	1	0:00:12.705525
12300	246	-1	0.0	0	0:00:12.518547
12320	246	246	0.521	1	0:00:12.752019
12340	246	-1	0.0	0	0:00:12.347376
12360	247	247	0.106	1	0:00:12.526519
12380	247	-1	0.0	0	0:00:12.579065
12400	248	248	0.507	1	0:00:12.495139
12420	248	249	0.489	0	0:00:12.275357
12440	248	248	0.225	1	0:00:12.477864
12460	249	249	0.0306	1	0:00:12.316083
12480	249	249	0.753	1	0:00:12.778518
12500	250	-1	0.0	0	0:00:12.520292
12520	250	250	0.547	1	0:00:12.597635
12540	250	248	0.103	0	0:00:12.582873
12560	251	251	0.656	1	0:00:12.611865
12580	251	251	0.8	1	0:00:12.430341
12600	252	252	0.319	1	0:00:12.753403
12620	252	-1	0.0	0	0:00:12.412207
12640	252	252	0.262	1	0:00:12.535617
12660	253	253	0.628	1	0:00:12.472914
12680	253	253	0.8	1	0:00:12.618901
12700	254	-1	0.0	0	0:00:12.535516
12720	254	254	0.489	1	0:00:12.494269
12740	254	254	0.8	1	0:00:12.680485
12760	255	255	0.8	1	0:00:12.481150
12780	255	255	0.8	1	0:00:12.586900
12800	256	256	0.778	1	0:00:12.422093
12820	256	256	0.575	1	0:00:12.367731
12840	256	256	0.764	1	0:00:12.529158
12860	257	257	0.195	1	0:00:12.516085
12880	257	222	0.244	0	0:00:12.658001
12900	258	258	0.705	1	0:00:12.406864
12920	258	-1	0.0	0	0:00:12.562445
12940	258	-1	0.0	0	0:00:12.662379
12960	259	259	0.8	1	0:00:12.671387
12980	259	259	0.721	1	0:00:12.708155
13000	260	260	0.8	1	0:00:12.699707
13020	260	260	0.8	1	0:00:12.650337
13040	260	260	0.0646	1	0:00:12.453324
13060	261	261	0.261	1	0:00:12.524279
13080	261	261	0.236	1	0:00:12.257001
13100	262	262	0.8	1	0:00:12.331807
13120	262	262	0.721	1	0:00:12.234613
13140	262	262	0.0356	1	0:00:12.598927
13160	263	-1	0.0	0	0:00:12.629385
13180	263	263	0.107	1	0:00:12.385461
13200	264	264	0.409	1	0:00:12.498146
13220	264	264	0.5	1	0:00:12.628562
13240	264	264	0.482	1	0:00:12.630864
13260	265	266	0.558	0	0:00:12.388780
13280	265	-1	0.0	0	0:00:12.257208
13300	266	266	0.221	1	0:00:12.400739
13320	266	-1	0.0	0	0:00:12.583991
13340	266	266	0.566	1	0:00:12.511107
13360	267	266	0.0802	0	0:00:12.584330
13380	267	267	0.396	1	0:00:12.627688
13400	268	268	0.596	1	0:00:12.663440
13420	268	-1	0.0	0	0:00:12.664888
13440	268	268	0.214	1	0:00:12.433464
13460	269	272	0.451	0	0:00:12.502514
13480	269	249	0.109	0	0:00:12.302901
13500	270	270	0.585	1	0:00:12.386420
13520	270	270	0.691	1	0:00:12.554462
13540	270	270	0.306	1	0:00:12.359405
13560	271	271	0.8	1	0:00:12.529585
13580	271	272	0.283	0	0:00:12.620053
13600	272	274	0.0727	0	0:00:12.537166
13620	272	272	0.8	1	0:00:12.402911
13640	272	-1	0.0	0	0:00:12.436145
13660	273	273	0.382	1	0:00:12.413765
13680	273	273	0.778	1	0:00:12.495716
13700	274	274	0.743	1	0:00:12.401859
13720	274	-1	0.0	0	0:00:12.334225
13740	274	274	0.172	1	0:00:12.465825
13760	275	275	0.8	1	0:00:12.228821
13780	275	275	0.8	1	0:00:12.858741
13800	276	276	0.8	1	0:00:12.515669
13820	276	276	0.8	1	0:00:12.733635
13840	276	276	0.504	1	0:00:12.434639
13860	277	277	0.337	1	0:00:12.486087
13880	277	277	0.764	1	0:00:12.410251
13900	278	278	0.165	1	0:00:12.420815
13920	278	-1	0.0	0	0:00:12.436458
13940	278	278	0.185	1	0:00:12.367414
13960	279	279	0.8	1	0:00:12.290302
13980	279	-1	0.0	0	0:00:12.595366
14000	280	280	0.8	1	0:00:12.642836
14020	280	280	0.8	1	0:00:12.580691
14040	280	280	0.764	1	0:00:12.686460
14060	281	281	0.8	1	0:00:12.619562
14080	281	281	0.684	1	0:00:12.361125
14100	282	281	0.486	0	0:00:12.401545
14120	282	292	0.219	0	0:00:12.595250
14140	282	282	0.162	1	0:00:12.494119
14160	283	258	0.032	0	0:00:12.736852
14180	283	283	0.599	1	0:00:12.634830
14200	284	284	0.8	1	0:00:12.530274
14220	284	281	0.29	0	0:00:12.457097
14240	284	284	0.8	1	0:00:12.434346
14260	285	285	0.0509	1	0:00:12.406335
14280	285	285	0.764	1	0:00:12.372698
14300	286	286	0.8	1	0:00:12.385020
14320	286	286	0.8	1	0:00:12.303478
14340	286	500	0.221	0	0:00:12.487184
14360	287	287	0.8	1	0:00:12.429172
14380	287	293	0.778	0	0:00:12.708828
14400	288	288	0.577	1	0:00:12.591262
14420	288	290	0.0373	0	0:00:12.628701
14440	288	288	0.8	1	0:00:12.661035
14460	289	289	0.288	1	0:00:12.472729
14480	289	289	0.778	1	0:00:12.508076
14500	290	290	0.8	1	0:00:12.460665
14520	290	290	0.307	1	0:00:12.395369
14540	290	290	0.8	1	0:00:12.471529
14560	291	291	0.0625	1	0:00:12.348312
14580	291	291	0.8	1	0:00:12.528362
14600	292	288	0.41	0	0:00:12.661310
14620	292	292	0.0514	1	0:00:12.663895
14640	292	292	0.8	1	0:00:12.392404
14660	293	293	0.8	1	0:00:12.340793
14680	293	293	0.8	1	0:00:12.409398
14700	294	294	0.743	1	0:00:12.266864
14720	294	294	0.8	1	0:00:12.387350
14740	294	294	0.361	1	0:00:12.274629
14760	295	295	0.8	1	0:00:12.428119
14780	295	295	0.8	1	0:00:12.432335
14800	296	296	0.0515	1	0:00:12.595516
14820	296	296	0.396	1	0:00:12.578722
14840	296	-1	0.0	0	0:00:12.520916
14860	297	-1	0.0	0	0:00:12.480861
14880	297	297	0.8	1	0:00:12.449413
14900	298	-1	0.0	0	0:00:12.383154
14920	298	298	0.601	1	0:00:12.317414
14940	298	298	0.164	1	0:00:12.321665
14960	299	299	0.291	1	0:00:12.406637
14980	299	-1	0.0	0	0:00:12.498909
15000	300	300	0.8	1	0:00:12.816181
15020	300	300	0.649	1	0:00:12.433395
15040	300	302	0.138	0	0:00:12.467505
15060	301	301	0.8	1	0:00:12.658857
15080	301	301	0.8	1	0:00:12.452668
15100	302	302	0.226	1	0:00:12.410617
15120	302	300	0.8	0	0:00:12.558143
15140	302	310	0.111	0	0:00:12.421198
15160	303	310	0.107	0	0:00:12.436811
15180	303	303	0.476	1	0:00:12.340899
15200	304	301	0.498	0	0:00:12.474968
15220	304	304	0.102	1	0:00:12.406444
15240	304	303	0.244	0	0:00:12.574548
15260	305	305	0.8	1	0:00:12.768139
15280	305	305	0.715	1	0:00:12.656670
15300	306	306	0.778	1	0:00:12.316279
15320	306	306	0.455	1	0:00:12.290324
15340	306	306	0.8	1	0:00:12.369386
15360	307	307	0.267	1	0:00:12.357087
15380	307	303	0.214	0	0:00:12.254833
15400	308	308	0.8	1	0:00:12.514409
15420	308	308	0.8	1	0:00:12.541693
15440	308	308	0.721	1	0:00:12.439101
15460	309	308	0.000251	0	0:00:12.609912
15480	309	309	0.764	1	0:00:12.569990
15500	310	310	0.8	1	0:00:12.589258
15520	310	310	0.183	1	0:00:12.401043
15540	310	310	0.343	1	0:00:12.378101
15560	311	311	0.159	1	0:00:12.492812
15580	311	312	0.613	0	0:00:12.435106
15600	312	-1	0.0	0	0:00:12.384957
15620	312	312	0.00753	1	0:00:12.379218
15640	312	312	0.687	1	0:00:12.485199
15660	313	313	0.728	1	0:00:12.867377
15680	313	313	0.146	1	0:00:12.814650
15700	314	314	0.8	1	0:00:12.705209
15720	314	310	0.433	0	0:00:12.314225
15740	314	314	0.64	1	0:00:12.575844
15760	315	945	0.389	0	0:00:12.513807
15780	315	64	0.188	0	0:00:12.353623
15800	316	316	0.8	1	0:00:12.394240
15820	316	316	0.8	1	0:00:12.402557
15840	316	316	0.279	1	0:00:12.325969
15860	317	317	0.8	1	0:00:12.289867
15880	317	317	0.8	1	0:00:12.508730
15900	318	318	0.497	1	0:00:12.640778
15920	318	318	0.621	1	0:00:12.555254
15940	318	318	0.8	1	0:00:12.631764
15960	319	319	0.07	1	0:00:12.680498
15980	319	319	0.586	1	0:00:12.399758
16000	320	320	0.8	1	0:00:12.761759
16020	320	320	0.8	1	0:00:12.365881
16040	320	320	0.156	1	0:00:12.323205
16060	321	321	0.651	1	0:00:12.706658
16080	321	321	0.677	1	0:00:12.518938
16100	322	322	0.393	1	0:00:12.560895
16120	322	322	0.8	1	0:00:12.617547
16140	322	322	0.035	1	0:00:12.254339
16160	323	323	0.8	1	0:00:12.546603
16180	323	323	0.8	1	0:00:12.436668
16200	324	324	0.563	1	0:00:12.631091
16220	324	985	0.11	0	0:00:12.493940
16240	324	324	0.499	1	0:00:12.521086
16260	325	325	0.8	1	0:00:12.338875
16280	325	325	0.507	1	0:00:12.388111
16300	326	326	0.753	1	0:00:12.682871
16320	326	-1	0.0	0	0:00:12.639941
16340	326	326	0.721	1	0:00:12.407532
16360	327	327	0.8	1	0:00:12.469228
16380	327	327	0.764	1	0:00:12.752531
16400	328	328	0.8	1	0:00:12.544235
16420	328	328	0.8	1	0:00:12.515922
16440	328	-1	0.0	0	0:00:12.641972
16460	329	-1	0.0	0	0:00:12.540495
16480	329	390	0.0558	0	0:00:12.381759
16500	330	330	0.162	1	0:00:12.539349
16520	330	330	0.753	1	0:00:12.641330
16540	330	330	0.599	1	0:00:12.399721
16560	331	331	0.8	1	0:00:12.549481
16580	331	331	0.8	1	0:00:12.635958
16600	332	-1	0.0	0	0:00:12.334579
16620	332	332	0.644	1	0:00:12.761713
16640	332	332	0.715	1	0:00:12.332318
16660	333	333	0.8	1	0:00:12.410309
16680	333	333	0.8	1	0:00:12.521895
16700	334	334	0.8	1	0:00:12.522678
16720	334	334	0.778	1	0:00:12.456157
16740	334	334	0.148	1	0:00:12.504715
16760	335	-1	0.0	0	0:00:12.314079
16780	335	335	0.421	1	0:00:12.292179
16800	336	336	0.778	1	0:00:12.503477
16820	336	336	0.32	1	0:00:12.654598
16840	336	336	0.8	1	0:00:12.491626
16860	337	337	0.153	1	0:00:12.563792
16880	337	337	0.8	1	0:00:12.348077
16900	338	617	0.0536	0	0:00:12.345774
16920	338	338	0.541	1	0:00:12.399672
16940	338	338	0.0305	1	0:00:12.457588
16960	339	339	0.8	1	0:00:12.794259
16980	339	339	0.8	1	0:00:12.585993
17000	340	340	0.8	1	0:00:12.355906
17020	340	340	0.8	1	0:00:12.609933
17040	340	340	0.8	1	0:00:12.453578
17060	341	341	0.667	1	0:00:12.454301
17080	341	341	0.628	1	0:00:11.076498
17100	342	342	0.171	1	0:00:11.662376
17120	342	342	0.131	1	0:00:11.374277
17140	342	342	0.8	1	0:00:11.464568
17160	343	343	0.607	1	0:00:11.554626
17180	343	343	0.16	1	0:00:11.597781
17200	344	344	0.753	1	0:00:11.440773
17220	344	-1	0.0	0	0:00:11.419579
17240	344	344	0.148	1	0:00:11.602301
17260	345	690	0.435	0	0:00:11.586666
17280	345	346	0.05	0	0:00:11.457055
17300	346	-1	0.0	0	0:00:11.338424
17320	346	346	0.8	1	0:00:11.499897
17340	346	346	0.8	1	0:00:11.573548
17360	347	347	0.0091	1	0:00:11.571553
17380	347	347	0.8	1	0:00:11.629294
17400	348	348	0.22	1	0:00:11.412544
17420	348	-1	0.0	0	0:00:10.537652
17440	348	349	0.764	0	0:00:12.681492
17460	349	349	0.0758	1	0:00:12.512623
17480	349	349	0.8	1	0:00:12.341711
17500	350	350	0.8	1	0:00:12.587604
17520	350	350	0.8	1	0:00:12.552208
17540	350	350	0.612	1	0:00:12.448385
17560	351	351	0.233	1	0:00:12.447155
17580	351	351	0.8	1	0:00:12.622331
17600	352	352	0.417	1	0:00:12.632750
17620	352	352	0.166	1	0:00:12.740484
17640	352	352	0.384	1	0:00:12.457949
17660	353	353	0.0409	1	0:00:12.394390
17680	353	352	0.405	0	0:00:12.784354
17700	354	354	0.778	1	0:00:12.618160
17720	354	354	0.8	1	0:00:12.410297
17740	354	354	0.464	1	0:00:12.404921
17760	355	355	0.8	1	0:00:12.295462
17780	355	355	0.8	1	0:00:12.423562
17800	356	-1	0.0	0	0:00:12.662053
17820	356	360	0.8	0	0:00:12.550273
17840	356	362	0.8	0	0:00:12.531125
17860	357	357	0.049	1	0:00:12.333796
17880	357	-1	0.0	0	0:00:12.258357
17900	358	359	0.298	0	0:00:12.552525
17920	358	356	0.462	0	0:00:12.906397
17940	358	358	0.592	1	0:00:12.766533
17960	359	359	0.0338	1	0:00:12.826896
17980	359	359	0.306	1	0:00:12.402084
18000	360	360	0.654	1	0:00:12.623333
18020	360	360	0.331	1	0:00:12.333323
18040	360	-1	0.0	0	0:00:12.693989
18060	361	361	0.778	1	0:00:12.407982
18080	361	361	0.109	1	0:00:12.495634
18100	362	362	0.8	1	0:00:12.510982
18120	362	-1	0.0	0	0:00:12.499187
18140	362	362	0.8	1	0:00:12.391195
18160	363	363	0.8	1	0:00:12.478140
18180	363	363	0.8	1	0:00:12.436945
18200	364	364	0.399	1	0:00:12.559643
18220	364	364	0.397	1	0:00:12.708822
18240	364	364	0.8	1	0:00:12.561099
18260	365	365	0.8	1	0:00:12.522725
18280	365	365	0.8	1	0:00:12.219215
18300	366	366	0.735	1	0:00:12.434229
18320	366	366	0.603	1	0:00:12.398502
18340	366	366	0.8	1	0:00:12.441474
18360	367	367	0.691	1	0:00:12.499169
18380	367	-1	0.0	0	0:00:12.558472
18400	368	368	0.778	1	0:00:12.461150
18420	368	368	0.592	1	0:00:12.383444
18440	368	368	0.372	1	0:00:12.802162
18460	369	369	0.207	1	0:00:12.615030
18480	369	-1	0.0	0	0:00:12.563074
18500	370	370	0.8	1	0:00:12.286671
18520	370	377	0.202	0	0:00:12.683144
18540	370	370	0.146	1	0:00:12.657284
18560	371	372	0.753	0	0:00:12.343670
18580	371	371	0.673	1	0:00:12.416626
18600	372	372	0.456	1	0:00:12.534787
18620	372	-1	0.0	0	0:00:12.314703
18640	372	372	0.422	1	0:00:12.593909
18660	373	373	0.444	1	0:00:12.556335
18680	373	373	0.417	1	0:00:12.693658
18700	374	-1	0.0	0	0:00:12.439412
18720	374	299	0.158	0	0:00:12.430396
18740	374	382	0.8	0	0:00:12.429461
18760	375	375	0.8	1	0:00:12.526676
18780	375	375	0.191	1	0:00:12.316334
18800	376	376	0.691	1	0:00:12.549202
18820	376	376	0.715	1	0:00:12.411827
18840	376	376	0.8	1	0:00:12.500062
18860	377	377	0.728	1	0:00:12.440503
18880	377	382	0.753	0	0:00:12.568725
18900	378	-1	0.0	0	0:00:12.750138
18920	378	379	0.13	0	0:00:12.351681
18940	378	378	0.607	1	0:00:12.411684
18960	379	379	0.764	1	0:00:12.392326
18980	379	379	0.563	1	0:00:12.421978
19000	380	380	0.473	1	0:00:12.304323
19020	380	380	0.654	1	0:00:12.428768
19040	380	380	0.127	1	0:00:12.196547
19060	381	-1	0.0	0	0:00:12.533966
19080	381	381	0.381	1	0:00:12.590212
19100	382	382	0.8	1	0:00:12.620501
19120	382	382	0.8	1	0:00:12.569472
19140	382	382	0.102	1	0:00:12.392931
19160	383	383	0.8	1	0:00:12.435695
19180	383	384	0.135	0	0:00:12.363511
19200	384	384	0.392	1	0:00:12.356809
19220	384	384	0.728	1	0:00:12.273471
19240	384	384	0.673	1	0:00:12.391091
19260	385	-1	0.0	0	0:00:12.333752
19280	385	101	0.294	0	0:00:12.664501
19300	386	386	0.0929	1	0:00:12.544369
19320	386	101	0.239	0	0:00:12.575501
19340	386	386	0.0988	1	0:00:12.416199
19360	387	387	0.8	1	0:00:12.414694
19380	387	387	0.735	1	0:00:12.393303
19400	388	388	0.696	1	0:00:12.385863
19420	388	388	0.8	1	0:00:12.438787
19440	388	388	0.399	1	0:00:12.392258
19460	389	148	0.0341	0	0:00:12.542462
19480	389	389	0.529	1	0:00:12.480488
19500	390	390	0.8	1	0:00:12.827156
19520	390	390	0.8	1	0:00:12.478439
19540	390	6	0.634	0	0:00:12.711183
19560	391	391	0.241	1	0:00:12.462896
19580	391	-1	0.0	0	0:00:12.521142
19600	392	115	0.0178	0	0:00:12.500489
19620	392	392	0.8	1	0:00:12.658662
19640	392	392	0.8	1	0:00:12.451434
19660	393	393	0.404	1	0:00:12.438809
19680	393	393	0.8	1	0:00:12.461567
19700	394	-1	0.0	0	0:00:12.299430
19720	394	103	0.434	0	0:00:12.533007
19740	394	149	0.0476	0	0:00:12.666552
19760	395	395	0.207	1	0:00:12.686934
19780	395	-1	0.0	0	0:00:12.684479
19800	396	396	0.8	1	0:00:12.373726
19820	396	396	0.8	1	0:00:12.725734
19840	396	396	0.8	1	0:00:12.227470
19860	397	397	0.275	1	0:00:12.653891
19880	397	397	0.8	1	0:00:12.488214
19900	398	398	0.753	1	0:00:12.509368
19920	398	398	0.753	1	0:00:12.467351
19940	398	784	0.493	0	0:00:12.432957
19960	399	399	0.452	1	0:00:12.765740
19980	399	399	0.000815	1	0:00:12.766840
20000	400	400	0.179	1	0:00:12.404709
20020	400	869	0.036	0	0:00:12.487179
20040	400	667	0.728	0	0:00:12.389655
20060	401	401	0.764	1	0:00:12.266860
20080	401	401	0.8	1	0:00:12.526497
20100	402	420	0.67	0	0:00:12.408134
20120	402	546	0.0409	0	0:00:12.600600
20140	402	-1	0.0	0	0:00:12.622632
20160	403	403	0.8	1	0:00:12.260071
20180	403	403	0.293	1	0:00:12.551364
20200	404	404	0.8	1	0:00:12.551057
20220	404	404	0.764	1	0:00:12.639387
20240	404	895	0.721	0	0:00:12.578933
20260	405	405	0.8	1	0:00:12.280361
20280	405	405	0.8	1	0:00:12.564003
20300	406	406	0.753	1	0:00:12.307251
20320	406	857	0.472	0	0:00:12.172435
20340	406	406	0.597	1	0:00:12.684008
20360	407	407	0.8	1	0:00:12.613372
20380	407	407	0.8	1	0:00:12.899492
20400	408	847	0.613	0	0:00:12.543124
20420	408	408	0.743	1	0:00:12.441851
20440	408	408	0.8	1	0:00:12.602914
20460	409	442	0.237	0	0:00:12.672239
20480	409	409	0.189	1	0:00:12.324204
20500	410	410	0.188	1	0:00:12.302655
20520	410	410	0.8	1	0:00:12.420139
20540	410	410	0.148	1	0:00:12.306719
20560	411	411	0.8	1	0:00:12.513707
20580	411	496	0.00903	0	0:00:12.509382
20600	412	412	0.0903	1	0:00:12.334003
20620	412	412	0.00295	1	0:00:12.604761
20640	412	412	0.21	1	0:00:12.646869
20660	413	652	0.11	0	0:00:12.641520
20680	413	-1	0.0	0	0:00:12.663222
20700	414	414	0.8	1	0:00:12.675482
20720	414	413	0.0954	0	0:00:12.665400
20740	414	869	0.277	0	0:00:12.587789
20760	415	857	0.214	0	0:00:12.349597
20780	415	928	0.368	0	0:00:12.304685
20800	416	416	0.8	1	0:00:12.350705
20820	416	416	0.567	1	0:00:12.372503
20840	416	416	0.753	1	0:00:12.433224
20860	417	417	0.8	1	0:00:12.514678
20880	417	417	0.599	1	0:00:12.812591
20900	418	563	0.8	0	0:00:12.475096
20920	418	767	0.0178	0	0:00:12.427926
20940	418	542	0.647	0	0:00:12.308762
20960	419	419	0.206	1	0:00:12.604622
20980	419	419	0.677	1	0:00:12.477701
21000	420	420	0.231	1	0:00:12.325649
21020	420	-1	0.0	0	0:00:12.385103
21040	420	-1	0.0	0	0:00:12.397164
21060	421	421	0.538	1	0:00:12.666571
21080	421	421	0.143	1	0:00:12.741371
21100	422	543	0.476	0	0:00:12.627647
21120	422	422	0.743	1	0:00:12.582852
21140	422	422	0.8	1	0:00:12.578495
21160	423	423	0.778	1	0:00:12.483959
21180	423	-1	0.0	0	0:00:12.518032
21200	424	424	0.0432	1	0:00:12.608497
21220	424	399	0.0526	0	0:00:12.491164
21240	424	-1	0.0	0	0:00:12.450126
21260	425	425	0.061	1	0:00:12.267957
21280	425	377	0.168	0	0:00:12.434830
21300	426	426	0.8	1	0:00:12.628728
21320	426	426	0.8	1	0:00:12.567028
21340	426	426	0.8	1	0:00:12.459507
21360	427	427	0.691	1	0:00:12.350967
21380	427	885	0.0457	0	0:00:12.583042
21400	428	428	0.764	1	0:00:12.683323
21420	428	428	0.778	1	0:00:12.482596
21440	428	-1	0.0	0	0:00:12.208196
21460	429	429	0.8	1	0:00:12.670383
21480	429	429	0.8	1	0:00:12.710900
21500	430	430	0.654	1	0:00:12.682601
21520	430	430	0.8	1	0:00:12.376503
21540	430	-1	0.0	0	0:00:12.643294
21560	431	431	0.71	1	0:00:12.689662
21580	431	431	0.8	1	0:00:12.457550
21600	432	432	0.8	1	0:00:12.814678
21620	432	432	0.8	1	0:00:12.310293
21640	432	513	0.212	0	0:00:12.309138
21660	433	433	0.8	1	0:00:12.447027
21680	433	433	0.8	1	0:00:12.371528
21700	434	-1	0.0	0	0:00:12.398273
21720	434	-1	0.0	0	0:00:12.526151
21740	434	434	0.207	1	0:00:12.846596
21760	435	435	0.225	1	0:00:12.524724
21780	435	861	0.331	0	0:00:12.786912
21800	436	436	0.443	1	0:00:12.418723
21820	436	436	0.8	1	0:00:12.338045
21840	436	436	0.0682	1	0:00:12.289683
21860	437	-1	0.0	0	0:00:12.357177
21880	437	833	0.229	0	0:00:12.591893
21900	438	647	0.298	0	0:00:12.781488
21920	438	438	0.348	1	0:00:12.530807
21940	438	957	0.472	0	0:00:12.636633
21960	439	439	0.8	1	0:00:12.474167
21980	439	541	0.64	0	0:00:12.395181
22000	440	-1	0.0	0	0:00:12.685953
22020	440	438	0.0737	0	0:00:12.592119
22040	440	440	0.0513	1	0:00:12.603053
22060	441	441	0.8	1	0:00:12.536300
22080	441	441	0.8	1	0:00:12.469578
22100	442	442	0.67	1	0:00:12.519745
22120	442	497	0.37	0	0:00:12.592840
22140	442	494	0.0519	0	0:00:12.507946
22160	443	443	0.33	1	0:00:12.362003
22180	443	443	0.753	1	0:00:12.554956
22200	444	-1	0.0	0	0:00:12.571082
22220	444	444	0.18	1	0:00:12.371548
22240	444	444	0.8	1	0:00:12.432620
22260	445	445	0.363	1	0:00:12.443943
22280	445	445	0.472	1	0:00:12.581895
22300	446	446	0.503	1	0:00:12.497161
22320	446	-1	0.0	0	0:00:12.387200
22340	446	478	0.764	0	0:00:12.337051
22360	447	447	0.8	1	0:00:12.253861
22380	447	391	0.13	0	0:00:12.408358
22400	448	448	0.642	1	0:00:12.569566
22420	448	448	0.8	1	0:00:12.558422
22440	448	448	0.8	1	0:00:12.513997
22460	449	449	0.8	1	0:00:12.214314
22480	449	449	0.575	1	0:00:12.536588
22500	450	-1	0.0	0	0:00:12.585147
22520	450	450	0.525	1	0:00:12.376751
22540	450	450	0.743	1	0:00:12.562423
22560	451	451	0.503	1	0:00:12.221428
22580	451	451	0.8	1	0:00:12.490596
22600	452	452	0.743	1	0:00:12.783926
22620	452	960	0.0318	0	0:00:12.458974
22640	452	496	0.0256	0	0:00:12.384976
22660	453	453	0.8	1	0:00:12.771901
22680	453	453	0.8	1	0:00:12.618162
22700	454	454	0.656	1	0:00:12.657940
22720	454	454	0.71	1	0:00:12.424732
22740	454	-1	0.0	0	0:00:12.284075
22760	455	455	0.8	1	0:00:12.525628
22780	455	611	0.282	0	0:00:12.505856
22800	456	522	0.269	0	0:00:12.720497
22820	456	456	0.8	1	0:00:12.448061
22840	456	456	0.34	1	0:00:12.649797
22860	457	457	0.8	1	0:00:12.660110
22880	457	515	0.8	0	0:00:12.596670
22900	458	458	0.142	1	0:00:12.461250
22920	458	458	0.8	1	0:00:12.167526
22940	458	458	0.8	1	0:00:12.545025
22960	459	459	0.29	1	0:00:12.438136
22980	459	459	0.461	1	0:00:12.443905
23000	460	-1	0.0	0	0:00:12.534332
23020	460	460	0.452	1	0:00:12.754547
23040	460	460	0.696	1	0:00:12.562725
23060	461	461	0.171	1	0:00:12.384571
23080	461	787	0.8	0	0:00:12.519060
23100	462	462	0.0484	1	0:00:12.569373
23120	462	462	0.8	1	0:00:12.801493
23140	462	462	0.582	1	0:00:12.388272
23160	463	463	0.294	1	0:00:12.279198
23180	463	463	0.48	1	0:00:12.362485
23200	464	674	0.479	0	0:00:12.418162
23220	464	464	0.406	1	0:00:12.544285
23240	464	464	0.667	1	0:00:12.563103
23260	465	610	0.548	0	0:00:12.448639
23280	465	830	0.436	0	0:00:12.219178
23300	466	466	0.71	1	0:00:12.384350
23320	466	466	0.673	1	0:00:12.698088
23340	466	466	0.71	1	0:00:12.650809
23360	467	467	0.8	1	0:00:12.010720
23380	467	467	0.8	1	0:00:12.696140
23400	468	468	0.8	1	0:00:12.474293
23420	468	468	0.8	1	0:00:12.622536
23440	468	468	0.133	1	0:00:12.344146
23460	469	469	0.8	1	0:00:12.378982
23480	469	910	0.127	0	0:00:12.543058
23500	470	481	0.011	0	0:00:12.373396
23520	470	470	0.306	1	0:00:12.431737
23540	470	865	0.0185	0	0:00:12.471565
23560	471	517	0.308	0	0:00:12.622897
23580	471	471	0.125	1	0:00:12.606663
23600	472	472	0.764	1	0:00:12.449598
23620	472	472	0.481	1	0:00:12.506936
23640	472	472	0.131	1	0:00:12.610880
23660	473	473	0.71	1	0:00:12.417205
23680	473	777	0.32	0	0:00:12.467956
23700	474	735	0.144	0	0:00:12.549080
23720	474	474	0.8	1	0:00:12.806124
23740	474	474	0.241	1	0:00:12.792184
23760	475	545	0.349	0	0:00:12.563350
23780	475	475	0.8	1	0:00:12.359081
23800	476	476	0.488	1	0:00:12.380938
23820	476	476	0.8	1	0:00:12.271331
23840	476	476	0.559	1	0:00:12.552211
23860	477	477	0.8	1	0:00:12.515514
23880	477	477	0.333	1	0:00:12.416120
23900	478	478	0.764	1	0:00:12.467299
23920	478	-1	0.0	0	0:00:12.689980
23940	478	597	0.0815	0	0:00:12.728749
23960	479	751	0.585	0	0:00:12.708432
23980	479	817	0.278	0	0:00:12.323613
24000	480	582	0.145	0	0:00:12.586653
24020	480	480	0.103	1	0:00:12.761472
24040	480	-1	0.0	0	0:00:12.483870
24060	481	-1	0.0	0	0:00:12.497470
24080	481	579	0.148	0	0:00:12.508020
24100	482	-1	0.0	0	0:00:12.512247
24120	482	482	0.8	1	0:00:12.466654
24140	482	848	0.615	0	0:00:12.447208
24160	483	483	0.557	1	0:00:12.397934
24180	483	698	0.538	0	0:00:12.913027
24200	484	871	0.463	0	0:00:12.486282
24220	484	484	0.341	1	0:00:12.452452
24240	484	484	0.8	1	0:00:12.538759
24260	485	632	0.146	0	0:00:12.520662
24280	485	754	0.266	0	0:00:12.523532
24300	486	486	0.691	1	0:00:12.389502
24320	486	486	0.8	1	0:00:12.508222
24340	486	-1	0.0	0	0:00:12.792213
24360	487	487	0.667	1	0:00:12.574777
24380	487	487	0.8	1	0:00:12.343082
24400	488	488	0.3	1	0:00:12.322742
24420	488	488	0.8	1	0:00:12.567838
24440	488	839	0.254	0	0:00:12.344115
24460	489	489	0.394	1	0:00:12.686758
24480	489	489	0.095	1	0:00:12.496561
24500	490	490	0.8	1	0:00:12.600758
24520	490	490	0.8	1	0:00:12.342446
24540	490	490	0.8	1	0:00:12.232967
24560	491	-1	0.0	0	0:00:12.464281
24580	491	-1	0.0	0	0:00:12.569346
24600	492	492	0.62	1	0:00:12.751734
24620	492	-1	0.0	0	0:00:12.494031
24640	492	502	0.0359	0	0:00:12.684223
24660	493	-1	0.0	0	0:00:12.528011
24680	493	-1	0.0	0	0:00:12.449514
24700	494	494	0.136	1	0:00:12.683875
24720	494	494	0.684	1	0:00:12.444204
24740	494	494	0.8	1	0:00:12.612755
24760	495	495	0.8	1	0:00:12.412536
24780	495	495	0.8	1	0:00:12.643701
24800	496	496	0.778	1	0:00:12.325170
24820	496	496	0.8	1	0:00:12.635317
24840	496	496	0.8	1	0:00:12.664091
24860	497	497	0.396	1	0:00:12.731740
24880	497	497	0.625	1	0:00:12.396162
24900	498	498	0.8	1	0:00:12.207733
24920	498	781	0.269	0	0:00:12.684300
24940	498	-1	0.0	0	0:00:12.445083
24960	499	-1	0.0	0	0:00:12.423001
24980	499	-1	0.0	0	0:00:12.662101
25000	500	500	0.8	1	0:00:12.596020
25020	500	500	0.477	1	0:00:12.609354
25040	500	500	0.426	1	0:00:12.472786
25060	501	568	0.0897	0	0:00:12.520548
25080	501	501	0.21	1	0:00:12.634297
25100	502	502	0.677	1	0:00:12.423249
25120	502	502	0.8	1	0:00:12.513605
25140	502	-1	0.0	0	0:00:12.464124
25160	503	503	0.778	1	0:00:12.384952
25180	503	532	0.0164	0	0:00:12.389513
25200	504	504	0.411	1	0:00:12.375449
25220	504	-1	0.0	0	0:00:12.423783
25240	504	967	0.16	0	0:00:12.512899
25260	505	505	0.7	1	0:00:12.727628
25280	505	-1	0.0	0	0:00:12.588715
25300	506	506	0.577	1	0:00:12.495259
25320	506	-1	0.0	0	0:00:12.474880
25340	506	-1	0.0	0	0:00:12.533490
25360	507	507	0.106	1	0:00:12.409437
25380	507	507	0.366	1	0:00:12.575872
25400	508	508	0.764	1	0:00:12.645396
25420	508	508	0.8	1	0:00:12.711043
25440	508	859	0.318	0	0:00:12.312598
25460	509	509	0.778	1	0:00:12.613581
25480	509	509	0.68	1	0:00:12.556742
25500	510	510	0.8	1	0:00:12.446484
25520	510	510	0.581	1	0:00:12.414292
25540	510	510	0.559	1	0:00:12.609532
25560	511	436	0.0115	0	0:00:12.334106
25580	511	511	0.316	1	0:00:12.510407
25600	512	477	0.0156	0	0:00:12.648465
25620	512	512	0.8	1	0:00:12.313709
25640	512	512	0.355	1	0:00:12.468903
25660	513	513	0.503	1	0:00:12.741130
25680	513	513	0.514	1	0:00:12.531910
25700	514	514	0.8	1	0:00:12.634454
25720	514	514	0.039	1	0:00:12.598999
25740	514	514	0.647	1	0:00:12.559937
25760	515	515	0.588	1	0:00:12.519427
25780	515	652	0.376	0	0:00:12.694596
25800	516	431	0.117	0	0:00:12.443618
25820	516	516	0.778	1	0:00:12.414459
25840	516	431	0.479	0	0:00:12.414958
25860	517	540	0.0287	0	0:00:12.391943
25880	517	517	0.132	1	0:00:12.560470
25900	518	518	0.8	1	0:00:12.472726
25920	518	518	0.558	1	0:00:12.583503
25940	518	518	0.289	1	0:00:12.492952
25960	519	519	0.778	1	0:00:12.789030
25980	519	569	0.401	0	0:00:12.417221
26000	520	520	0.249	1	0:00:12.409450
26020	520	516	0.277	0	0:00:12.359796
26040	520	520	0.623	1	0:00:12.404061
26060	521	521	0.279	1	0:00:12.422070
26080	521	521	0.8	1	0:00:12.587005
26100	522	522	0.764	1	0:00:12.510807
26120	522	522	0.8	1	0:00:12.578799
26140	522	522	0.8	1	0:00:12.542469
26160	523	-1	0.0	0	0:00:12.410408
26180	523	706	0.173	0	0:00:12.425229
26200	524	461	0.435	0	0:00:12.277506
26220	524	461	0.346	0	0:00:12.368753
26240	524	-1	0.0	0	0:00:12.350497
26260	525	525	0.342	1	0:00:12.372010
26280	525	977	0.224	0	0:00:12.544787
26300	526	527	0.52	0	0:00:12.841264
26320	526	526	0.391	1	0:00:12.323564
26340	526	526	0.516	1	0:00:12.702421
26360	527	613	0.423	0	0:00:12.335069
26380	527	-1	0.0	0	0:00:12.262393
26400	528	-1	0.0	0	0:00:12.429471
26420	528	528	0.8	1	0:00:12.564025
26440	528	528	0.8	1	0:00:12.483691
26460	529	268	0.0471	0	0:00:12.724617
26480	529	529	0.199	1	0:00:12.506397
26500	530	530	0.577	1	0:00:12.603202
26520	530	485	0.135	0	0:00:12.608416
26540	530	530	0.8	1	0:00:12.449054
26560	531	409	0.491	0	0:00:12.440742
26580	531	531	0.159	1	0:00:12.608083
26600	532	532	0.273	1	0:00:12.573485
26620	532	532	0.8	1	0:00:12.399437
26640	532	532	0.735	1	0:00:12.467806
26660	533	533	0.8	1	0:00:12.398741
26680	533	533	0.574	1	0:00:12.728445
26700	534	-1	0.0	0	0:00:12.454890
26720	534	634	0.233	0	0:00:12.423795
26740	534	-1	0.0	0	0:00:12.280238
26760	535	535	0.8	1	0:00:12.475361
26780	535	-1	0.0	0	0:00:12.313020
26800	536	-1	0.0	0	0:00:12.297530
26820	536	536	0.451	1	0:00:12.629988
26840	536	517	0.599	0	0:00:12.450921
26860	537	537	0.8	1	0:00:12.312813
26880	537	537	0.8	1	0:00:12.453123
26900	538	538	0.8	1	0:00:12.615701
26920	538	483	0.00972	0	0:00:12.586349
26940	538	538	0.38	1	0:00:12.546521
26960	539	741	0.193	0	0:00:12.577159
26980	539	539	0.178	1	0:00:12.558224
27000	540	540	0.8	1	0:00:12.445131
27020	540	540	0.8	1	0:00:12.372041
27040	540	540	0.673	1	0:00:12.508909
27060	541	-1	0.0	0	0:00:12.445761
27080	541	541	0.8	1	0:00:12.615312
27100	542	542	0.8	1	0:00:12.467022
27120	542	-1	0.0	0	0:00:12.509119
27140	542	542	0.00125	1	0:00:12.846799
27160	543	543	0.0681	1	0:00:12.429077
27180	543	543	0.0411	1	0:00:12.373330
27200	544	-1	0.0	0	0:00:12.488215
27220	544	-1	0.0	0	0:00:12.516383
27240	544	-1	0.0	0	0:00:12.585222
27260	545	545	0.8	1	0:00:12.567521
27280	545	107	0.00947	0	0:00:12.603367
27300	546	546	0.8	1	0:00:12.648471
27320	546	546	0.8	1	0:00:12.358053
27340	546	546	0.8	1	0:00:12.432726
27360	547	547	0.7	1	0:00:12.521609
27380	547	821	0.168	0	0:00:12.326689
27400	548	548	0.778	1	0:00:12.575105
27420	548	548	0.8	1	0:00:12.497658
27440	548	548	0.8	1	0:00:12.655528
27460	549	-1	0.0	0	0:00:12.448355
27480	549	692	0.149	0	0:00:12.375484
27500	550	505	0.63	0	0:00:12.400841
27520	550	-1	0.0	0	0:00:12.530322
27540	550	550	0.452	1	0:00:12.756699
27560	551	551	0.153	1	0:00:12.429795
27580	551	551	0.8	1	0:00:12.551312
27600	552	552	0.8	1	0:00:12.532022
27620	552	627	0.141	0	0:00:12.569008
27640	552	552	0.161	1	0:00:12.473136
27660	553	553	0.618	1	0:00:12.296999
27680	553	-1	0.0	0	0:00:12.349184
27700	554	554	0.735	1	0:00:12.499338
27720	554	554	0.64	1	0:00:12.488658
27740	554	554	0.447	1	0:00:12.495480
27760	555	555	0.507	1	0:00:12.520437
27780	555	555	0.357	1	0:00:12.500463
27800	556	516	0.0345	0	0:00:12.583435
27820	556	827	0.298	0	0:00:12.442884
27840	556	556	0.659	1	0:00:12.704104
27860	557	557	0.603	1	0:00:12.565160
27880	557	557	0.667	1	0:00:12.427657
27900	558	212	0.164	0	0:00:12.406923
27920	558	432	0.564	0	0:00:12.415291
27940	558	642	0.171	0	0:00:12.405629
27960	559	-1	0.0	0	0:00:12.570394
27980	559	559	0.8	1	0:00:12.725615
28000	560	560	0.447	1	0:00:12.574764
28020	560	560	0.8	1	0:00:12.251437
28040	560	560	0.8	1	0:00:12.523842
28060	561	561	0.332	1	0:00:12.684851
28080	561	561	0.512	1	0:00:12.333513
28100	562	562	0.8	1	0:00:12.478368
28120	562	562	0.207	1	0:00:12.521068
28140	562	562	0.421	1	0:00:12.509019
28160	563	-1	0.0	0	0:00:12.519330
28180	563	563	0.8	1	0:00:12.633157
28200	564	-1	0.0	0	0:00:12.574366
28220	564	564	0.778	1	0:00:12.416150
28240	564	564	0.8	1	0:00:12.583168
28260	565	565	0.8	1	0:00:12.609277
28280	565	565	0.8	1	0:00:12.614056
28300	566	566	0.8	1	0:00:12.576534
28320	566	566	0.728	1	0:00:12.414498
28340	566	566	0.281	1	0:00:12.357308
28360	567	567	0.377	1	0:00:12.378174
28380	567	567	0.163	1	0:00:12.379343
28400	568	568	0.118	1	0:00:12.415971
28420	568	568	0.162	1	0:00:12.359635
28440	568	568	0.8	1	0:00:12.462248
28460	569	569	0.559	1	0:00:12.757360
28480	569	569	0.687	1	0:00:12.819850
28500	570	811	0.139	0	0:00:12.433053
28520	570	570	0.8	1	0:00:12.408198
28540	570	570	0.735	1	0:00:12.488856
28560	571	571	0.721	1	0:00:12.368933
28580	571	571	0.673	1	0:00:12.390440
28600	572	572	0.474	1	0:00:12.694938
28620	572	-1	0.0	0	0:00:12.707937
28640	572	572	0.8	1	0:00:12.585856
28660	573	573	0.644	1	0:00:12.619283
28680	573	573	0.29	1	0:00:12.557017
28700	574	574	0.8	1	0:00:12.624532
28720	574	574	0.272	1	0:00:12.678281
28740	574	574	0.252	1	0:00:12.466119
28760	575	575	0.8	1	0:00:12.527057
28780	575	575	0.8	1	0:00:12.433208
28800	576	576	0.644	1	0:00:12.440539
28820	576	576	0.8	1	0:00:12.640060
28840	576	576	0.8	1	0:00:12.568349
28860	577	577	0.211	1	0:00:12.388605
28880	577	577	0.8	1	0:00:12.669755
28900	578	578	0.132	1	0:00:12.584040
28920	578	601	0.328	0	0:00:12.458119
28940	578	578	0.743	1	0:00:12.500498
28960	579	579	0.433	1	0:00:12.493580
28980	579	881	0.332	0	0:00:12.290443
29000	580	580	0.157	1	0:00:12.276650
29020	580	580	0.743	1	0:00:12.347296
29040	580	580	0.499	1	0:00:12.178878
29060	581	581	0.0208	1	0:00:12.418354
29080	581	581	0.8	1	0:00:12.696047
29100	582	861	0.0137	0	0:00:12.525156
29120	582	582	0.632	1	0:00:12.203377
29140	582	582	0.588	1	0:00:12.663117
29160	583	583	0.8	1	0:00:12.686002
29180	583	583	0.67	1	0:00:12.741921
29200	584	-1	0.0	0	0:00:12.336643
29220	584	584	0.8	1	0:00:12.435727
29240	584	461	0.696	0	0:00:12.544350
29260	585	-1	0.0	0	0:00:12.688400
29280	585	969	0.00665	0	0:00:12.461483
29300	586	586	0.8	1	0:00:12.432649
29320	586	586	0.501	1	0:00:12.687609
29340	586	847	0.764	0	0:00:12.591556
29360	587	587	0.8	1	0:00:12.450722
29380	587	477	0.0825	0	0:00:12.399670
29400	588	588	0.8	1	0:00:12.611137
29420	588	588	0.563	1	0:00:12.491731
29440	588	588	0.8	1	0:00:12.401083
29460	589	-1	0.0	0	0:00:12.171643
29480	589	589	0.221	1	0:00:12.640643
29500	590	590	0.778	1	0:00:12.630541
29520	590	590	0.8	1	0:00:12.614822
29540	590	605	0.114	0	0:00:12.449935
29560	591	591	0.764	1	0:00:12.603628
29580	591	591	0.7	1	0:00:12.437721
29600	592	592	0.8	1	0:00:12.706900
29620	592	592	0.8	1	0:00:12.714133
29640	592	-1	0.0	0	0:00:12.347729
29660	593	593	0.423	1	0:00:12.428307
29680	593	593	0.753	1	0:00:12.390070
29700	594	594	0.174	1	0:00:12.583948
29720	594	594	0.8	1	0:00:12.599350
29740	594	594	0.628	1	0:00:12.461432
29760	595	595	0.522	1	0:00:12.781367
29780	595	866	0.8	0	0:00:12.702502
29800	596	596	0.00458	1	0:00:12.548417
29820	596	-1	0.0	0	0:00:12.361890
29840	596	-1	0.0	0	0:00:12.510000
29860	597	597	0.221	1	0:00:12.606875
29880	597	763	0.289	0	0:00:12.405403
29900	598	598	0.352	1	0:00:12.775645
29920	598	598	0.778	1	0:00:12.577926
29940	598	851	0.245	0	0:00:12.715833
29960	599	599	0.8	1	0:00:12.696945
29980	599	-1	0.0	0	0:00:12.596170
30000	600	600	0.416	1	0:00:12.491938
30020	600	-1	0.0	0	0:00:12.405550
30040	600	600	0.153	1	0:00:12.458213
30060	601	617	0.0962	0	0:00:12.456169
30080	601	601	0.0851	1	0:00:12.608964
30100	602	602	0.411	1	0:00:12.417114
30120	602	602	0.324	1	0:00:12.419034
30140	602	890	0.328	0	0:00:12.387302
30160	603	612	0.129	0	0:00:12.590598
30180	603	603	0.638	1	0:00:12.737411
30200	604	604	0.381	1	0:00:12.663192
30220	604	604	0.8	1	0:00:12.403983
30240	604	604	0.52	1	0:00:12.589218
30260	605	482	0.322	0	0:00:12.585246
30280	605	605	0.721	1	0:00:12.314209
30300	606	606	0.618	1	0:00:12.355535
30320	606	464	0.192	0	0:00:12.657640
30340	606	606	0.8	1	0:00:12.526446
30360	607	607	0.8	1	0:00:12.457408
30380	607	607	0.8	1	0:00:12.756275
30400	608	523	0.148	0	0:00:12.291189
30420	608	608	0.8	1	0:00:12.685092
30440	608	515	0.68	0	0:00:12.603874
30460	609	609	0.159	1	0:00:12.674175
30480	609	609	0.8	1	0:00:12.410119
30500	610	610	0.68	1	0:00:12.514549
30520	610	610	0.612	1	0:00:12.591330
30540	610	610	0.8	1	0:00:12.489043
30560	611	-1	0.0	0	0:00:12.505386
30580	611	611	0.28	1	0:00:12.492023
30600	612	612	0.8	1	0:00:12.545380
30620	612	612	0.8	1	0:00:12.831647
30640	612	612	0.8	1	0:00:12.386460
30660	613	613	0.8	1	0:00:12.126405
30680	613	-1	0.0	0	0:00:12.689170
30700	614	614	0.27	1	0:00:12.423965
30720	614	-1	0.0	0	0:00:12.528973
30740	614	614	0.705	1	0:00:12.484698
30760	615	615	0.8	1	0:00:12.586017
30780	615	615	0.778	1	0:00:12.395901
30800	616	-1	0.0	0	0:00:12.613881
30820	616	830	0.00351	0	0:00:12.500224
30840	616	616	0.649	1	0:00:12.338231
30860	617	903	0.291	0	0:00:12.430275
30880	617	617	0.52	1	0:00:12.520079
30900	618	647	0.123	0	0:00:12.462393
30920	618	-1	0.0	0	0:00:12.424158
30940	618	-1	0.0	0	0:00:12.541405
30960	619	905	0.743	0	0:00:12.547589
30980	619	619	0.509	1	0:00:12.560346
31000	620	-1	0.0	0	0:00:12.433046
31020	620	527	0.8	0	0:00:12.420563
31040	620	620	0.691	1	0:00:12.407771
31060	621	621	0.8	1	0:00:12.349257
31080	621	-1	0.0	0	0:00:12.730178
31100	622	622	0.8	1	0:00:12.565085
31120	622	622	0.403	1	0:00:12.312041
31140	622	477	0.121	0	0:00:12.619842
31160	623	593	0.172	0	0:00:12.509719
31180	623	477	0.232	0	0:00:12.320471
31200	624	406	0.0408	0	0:00:12.578839
31220	624	-1	0.0	0	0:00:12.430344
31240	624	624	0.618	1	0:00:12.705642
31260	625	625	0.8	1	0:00:12.605456
31280	625	625	0.8	1	0:00:12.616840
31300	626	692	0.154	0	0:00:12.567847
31320	626	626	0.0662	1	0:00:12.636901
31340	626	626	0.136	1	0:00:12.236070
31360	627	627	0.8	1	0:00:12.459300
31380	627	627	0.36	1	0:00:12.522928
31400	628	628	0.467	1	0:00:12.465202
31420	628	628	0.8	1	0:00:12.421936
31440	628	628	0.721	1	0:00:12.549388
31460	629	629	0.8	1	0:00:12.547865
31480	629	629	0.8	1	0:00:12.248626
31500	630	703	0.8	0	0:00:12.453704
31520	630	630	0.642	1	0:00:12.614449
31540	630	630	0.00558	1	0:00:12.480958
31560	631	631	0.764	1	0:00:12.626168
31580	631	585	0.434	0	0:00:12.217841
31600	632	632	0.8	1	0:00:12.515615
31620	632	-1	0.0	0	0:00:12.429143
31640	632	819	0.8	0	0:00:12.433540
31660	633	633	0.00997	1	0:00:12.525617
31680	633	759	0.376	0	0:00:12.574975
31700	634	489	0.8	0	0:00:12.517268
31720	634	565	0.137	0	0:00:12.372569
31740	634	634	0.0946	1	0:00:12.459904
31760	635	635	0.667	1	0:00:12.362310
31780	635	635	0.0864	1	0:00:12.621309
31800	636	636	0.8	1	0:00:12.506168
31820	636	636	0.483	1	0:00:12.546785
31840	636	-1	0.0	0	0:00:12.633352
31860	637	637	0.8	1	0:00:12.477687
31880	637	637	0.8	1	0:00:12.742750
31900	638	638	0.0688	1	0:00:12.725877
31920	638	639	0.591	0	0:00:12.468631
31940	638	639	0.8	0	0:00:12.511972
31960	639	639	0.8	1	0:00:12.496185
31980	639	602	0.402	0	0:00:12.421245
32000	640	640	0.8	1	0:00:12.637146
32020	640	640	0.8	1	0:00:12.885676
32040	640	574	0.203	0	0:00:12.857222
32060	641	641	0.311	1	0:00:12.343042
32080	641	641	0.0507	1	0:00:12.423865
32100	642	642	0.778	1	0:00:12.446970
32120	642	642	0.764	1	0:00:12.352158
32140	642	642	0.8	1	0:00:12.417960
32160	643	836	0.0457	0	0:00:12.280962
32180	643	-1	0.0	0	0:00:12.229341
32200	644	644	0.475	1	0:00:12.526712
32220	644	-1	0.0	0	0:00:12.532173
32240	644	644	0.8	1	0:00:12.532943
32260	645	645	0.8	1	0:00:12.403636
32280	645	645	0.8	1	0:00:12.345659
32300	646	506	0.642	0	0:00:12.328008
32320	646	646	0.8	1	0:00:12.269609
32340	646	646	0.237	1	0:00:12.353350
32360	647	769	0.141	0	0:00:12.410989
32380	647	647	0.589	1	0:00:12.590936
32400	648	-1	0.0	0	0:00:12.440739
32420	648	-1	0.0	0	0:00:12.322980
32440	648	648	0.317	1	0:00:12.598507
32460	649	649	0.8	1	0:00:12.560183
32480	649	649	0.477	1	0:00:12.382543
32500	650	546	0.279	0	0:00:12.317968
32520	650	650	0.8	1	0:00:12.674423
32540	650	-1	0.0	0	0:00:12.654397
32560	651	651	0.67	1	0:00:12.379428
32580	651	-1	0.0	0	0:00:12.449946
32600	652	652	0.362	1	0:00:12.557004
32620	652	652	0.221	1	0:00:12.856134
32640	652	652	0.8	1	0:00:12.515393
32660	653	-1	0.0	0	0:00:12.431307
32680	653	653	0.778	1	0:00:12.571403
32700	654	656	0.255	0	0:00:12.481206
32720	654	609	0.7	0	0:00:12.592356
32740	654	627	0.778	0	0:00:12.305868
32760	655	-1	0.0	0	0:00:12.314199
32780	655	655	0.221	1	0:00:12.557854
32800	656	436	0.225	0	0:00:12.616211
32820	656	656	0.212	1	0:00:12.421644
32840	656	656	0.634	1	0:00:12.610063
32860	657	-1	0.0	0	0:00:12.518748
32880	657	-1	0.0	0	0:00:12.467094
32900	658	658	0.456	1	0:00:12.502690
32920	658	496	0.636	0	0:00:12.419988
32940	658	658	0.634	1	0:00:12.362886
32960	659	659	0.8	1	0:00:12.551900
32980	659	495	0.314	0	0:00:12.413404
33000	660	660	0.673	1	0:00:12.341129
33020	660	660	0.8	1	0:00:12.339793
33040	660	557	0.295	0	0:00:12.486846
33060	661	661	0.764	1	0:00:12.612936
33080	661	661	0.8	1	0:00:12.817594
33100	662	811	0.274	0	0:00:12.945230
33120	662	662	0.764	1	0:00:12.878396
33140	662	662	0.8	1	0:00:12.712052
33160	663	-1	0.0	0	0:00:12.300536
33180	663	663	0.8	1	0:00:12.301070
33200	664	851	0.625	0	0:00:12.686335
33220	664	527	0.243	0	0:00:12.398928
33240	664	851	0.293	0	0:00:12.388630
33260	665	665	0.297	1	0:00:12.363154
33280	665	665	0.684	1	0:00:12.543983
33300	666	666	0.529	1	0:00:12.539144
33320	666	666	0.0507	1	0:00:12.582473
33340	666	-1	0.0	0	0:00:12.700786
33360	667	667	0.603	1	0:00:12.348349
33380	667	667	0.735	1	0:00:12.404271
33400	668	668	0.0754	1	0:00:12.284816
33420	668	668	0.8	1	0:00:12.763245
33440	668	682	0.17	0	0:00:12.319235
33460	669	669	0.585	1	0:00:12.239810
33480	669	669	0.272	1	0:00:12.374192
33500	670	670	0.68	1	0:00:12.505038
33520	670	670	0.8	1	0:00:12.622200
33540	670	670	0.8	1	0:00:12.699950
33560	671	880	0.18	0	0:00:12.674624
33580	671	671	0.743	1	0:00:12.747344
33600	672	672	0.303	1	0:00:12.463317
33620	672	672	0.8	1	0:00:12.793329
33640	672	672	0.8	1	0:00:12.585428
33660	673	673	0.312	1	0:00:12.579487
33680	673	-1	0.0	0	0:00:12.517156
33700	674	674	0.52	1	0:00:12.443534
33720	674	674	0.8	1	0:00:12.664370
33740	674	674	0.0988	1	0:00:12.532255
33760	675	675	0.558	1	0:00:12.706860
33780	675	867	0.13	0	0:00:12.482909
33800	676	960	0.0875	0	0:00:12.776181
33820	676	676	0.8	1	0:00:12.418343
33840	676	676	0.174	1	0:00:12.707984
33860	677	-1	0.0	0	0:00:12.485031
33880	677	-1	0.0	0	0:00:12.639550
33900	678	678	0.8	1	0:00:12.703410
33920	678	-1	0.0	0	0:00:12.698227
33940	678	678	0.8	1	0:00:12.449449
33960	679	679	0.743	1	0:00:12.541332
33980	679	679	0.644	1	0:00:12.460983
34000	680	-1	0.0	0	0:00:12.527350
34020	680	680	0.8	1	0:00:12.330153
34040	680	680	0.735	1	0:00:12.424510
34060	681	620	0.425	0	0:00:12.734480
34080	681	620	0.778	0	0:00:12.356273
34100	682	682	0.487	1	0:00:12.476787
34120	682	682	0.148	1	0:00:12.651891
34140	682	682	0.8	1	0:00:12.344423
34160	683	558	0.0715	0	0:00:12.424973
34180	683	413	0.376	0	0:00:12.598231
34200	684	684	0.215	1	0:00:12.705185
34220	684	684	0.764	1	0:00:12.399558
34240	684	684	0.8	1	0:00:12.395988
34260	685	685	0.8	1	0:00:12.660476
34280	685	685	0.8	1	0:00:12.655570
34300	686	686	0.397	1	0:00:12.503788
34320	686	-1	0.0	0	0:00:12.317294
34340	686	-1	0.0	0	0:00:12.365506
34360	687	687	0.8	1	0:00:12.362180
34380	687	687	0.8	1	0:00:12.352453
34400	688	688	0.8	1	0:00:12.327915
34420	688	590	0.743	0	0:00:12.441975
34440	688	688	0.8	1	0:00:12.443182
34460	689	697	0.272	0	0:00:12.463319
34480	689	-1	0.0	0	0:00:12.440993
34500	690	690	0.343	1	0:00:12.498116
34520	690	-1	0.0	0	0:00:12.654711
34540	690	866	0.024	0	0:00:12.601841
34560	691	570	0.13	0	0:00:12.512668
34580	691	691	0.182	1	0:00:12.413055
34600	692	-1	0.0	0	0:00:12.349386
34620	692	788	0.114	0	0:00:12.381866
34640	692	692	0.508	1	0:00:12.229188
34660	693	693	0.177	1	0:00:12.508290
34680	693	693	0.0702	1	0:00:12.447390
34700	694	694	0.8	1	0:00:12.736032
34720	694	694	0.8	1	0:00:12.767368
34740	694	694	0.8	1	0:00:12.525843
34760	695	695	0.8	1	0:00:12.686234
34780	695	-1	0.0	0	0:00:12.415349
34800	696	-1	0.0	0	0:00:12.402020
34820	696	463	0.0527	0	0:00:12.398732
34840	696	696	0.168	1	0:00:12.387799
34860	697	697	0.623	1	0:00:12.430644
34880	697	697	0.8	1	0:00:12.528324
34900	698	663	0.673	0	0:00:12.589493
34920	698	483	0.487	0	0:00:12.604408
34940	698	698	0.753	1	0:00:12.449571
34960	699	-1	0.0	0	0:00:12.429143
34980	699	699	0.426	1	0:00:12.362377
35000	700	700	0.632	1	0:00:12.483639
35020	700	94	0.297	0	0:00:12.345220
35040	700	700	0.165	1	0:00:12.315825
35060	701	716	0.0696	0	0:00:12.415226
35080	701	701	0.8	1	0:00:12.544137
35100	702	422	0.8	0	0:00:12.624656
35120	702	702	0.29	1	0:00:12.576557
35140	702	702	0.00784	1	0:00:12.466898
35160	703	-1	0.0	0	0:00:12.384676
35180	703	716	0.134	0	0:00:12.405017
35200	704	704	0.728	1	0:00:12.454078
35220	704	704	0.601	1	0:00:12.407408
35240	704	704	0.31	1	0:00:12.464979
35260	705	705	0.314	1	0:00:12.525176
35280	705	874	0.8	0	0:00:12.809567
35300	706	762	0.0911	0	0:00:12.558741
35320	706	762	0.582	0	0:00:12.524797
35340	706	-1	0.0	0	0:00:12.387798
35360	707	707	0.68	1	0:00:12.408627
35380	707	707	0.8	1	0:00:12.503950
35400	708	682	0.529	0	0:00:12.329229
35420	708	708	0.8	1	0:00:12.719079
35440	708	708	0.482	1	0:00:12.725077
35460	709	709	0.48	1	0:00:12.669746
35480	709	709	0.259	1	0:00:12.484097
35500	710	-1	0.0	0	0:00:12.605718
35520	710	-1	0.0	0	0:00:12.831792
35540	710	-1	0.0	0	0:00:12.377818
35560	711	631	0.402	0	0:00:12.590943
35580	711	-1	0.0	0	0:00:12.357665
35600	712	-1	0.0	0	0:00:12.556403
35620	712	-1	0.0	0	0:00:12.669199
35640	712	712	0.673	1	0:00:12.499083
35660	713	713	0.8	1	0:00:12.320077
35680	713	713	0.71	1	0:00:12.645134
35700	714	-1	0.0	0	0:00:12.514807
35720	714	451	0.778	0	0:00:12.548239
35740	714	714	0.8	1	0:00:12.512962
35760	715	715	0.8	1	0:00:12.537285
35780	715	715	0.26	1	0:00:12.738793
35800	716	716	0.8	1	0:00:12.554551
35820	716	716	0.764	1	0:00:12.338781
35840	716	716	0.8	1	0:00:12.549754
35860	717	864	0.159	0	0:00:12.780758
35880	717	581	0.484	0	0:00:12.674588
35900	718	-1	0.0	0	0:00:12.512999
35920	718	517	0.0465	0	0:00:12.256645
35940	718	-1	0.0	0	0:00:12.371287
35960	719	338	0.127	0	0:00:12.338929
35980	719	719	0.519	1	0:00:12.495492
36000	720	-1	0.0	0	0:00:12.524179
36020	720	558	0.12	0	0:00:12.542761
36040	720	720	0.64	1	0:00:12.688621
36060	721	721	0.25	1	0:00:12.243185
36080	721	588	0.18	0	0:00:12.486278
36100	722	722	0.8	1	0:00:12.416119
36120	722	722	0.8	1	0:00:12.203770
36140	722	722	0.8	1	0:00:12.437111
36160	723	723	0.8	1	0:00:12.491928
36180	723	883	0.466	0	0:00:12.768552
36200	724	780	0.8	0	0:00:12.772978
36220	724	536	0.116	0	0:00:12.459389
36240	724	724	0.253	1	0:00:12.471741
36260	725	849	0.12	0	0:00:12.501391
36280	725	-1	0.0	0	0:00:12.455797
36300	726	726	0.8	1	0:00:12.599786
36320	726	726	0.8	1	0:00:12.502517
36340	726	623	0.0197	0	0:00:12.267693
36360	727	727	0.8	1	0:00:12.524393
36380	727	-1	0.0	0	0:00:12.498544
36400	728	728	0.291	1	0:00:12.278239
36420	728	-1	0.0	0	0:00:12.678227
36440	728	728	0.596	1	0:00:12.601969
36460	729	453	0.167	0	0:00:12.682035
36480	729	659	0.0781	0	0:00:12.380265
36500	730	856	0.0734	0	0:00:12.573334
36520	730	730	0.67	1	0:00:12.593252
36540	730	730	0.8	1	0:00:12.516774
36560	731	-1	0.0	0	0:00:12.441425
36580	731	-1	0.0	0	0:00:12.422938
36600	732	732	0.8	1	0:00:12.445068
36620	732	732	0.271	1	0:00:12.845604
36640	732	732	0.8	1	0:00:12.763198
36660	733	733	0.469	1	0:00:12.680270
36680	733	887	0.131	0	0:00:12.495838
36700	734	734	0.8	1	0:00:12.529034
36720	734	734	0.8	1	0:00:12.366663
36740	734	734	0.0775	1	0:00:12.546211
36760	735	735	0.8	1	0:00:12.461769
36780	735	735	0.458	1	0:00:12.648674
36800	736	736	0.8	1	0:00:12.560972
36820	736	736	0.166	1	0:00:12.541512
36840	736	736	0.203	1	0:00:12.546697
36860	737	737	0.8	1	0:00:12.452700
36880	737	760	0.764	0	0:00:12.695238
36900	738	738	0.596	1	0:00:12.439147
36920	738	738	0.8	1	0:00:12.492660
36940	738	738	0.764	1	0:00:12.561691
36960	739	739	0.378	1	0:00:12.634958
36980	739	739	0.673	1	0:00:12.468935
37000	740	796	0.275	0	0:00:12.414337
37020	740	518	0.23	0	0:00:12.554564
37040	740	740	0.8	1	0:00:12.572223
37060	741	698	0.264	0	0:00:12.485345
37080	741	-1	0.0	0	0:00:12.711112
37100	742	859	0.0451	0	0:00:12.473029
37120	742	742	0.218	1	0:00:12.570765
37140	742	713	0.224	0	0:00:12.576286
37160	743	753	0.149	0	0:00:12.707578
37180	743	884	0.135	0	0:00:12.345598
37200	744	657	0.2	0	0:00:12.540503
37220	744	744	0.696	1	0:00:12.572743
37240	744	657	0.359	0	0:00:12.471459
37260	745	745	0.204	1	0:00:12.442708
37280	745	745	0.0863	1	0:00:12.452688
37300	746	746	0.8	1	0:00:12.410465
37320	746	746	0.764	1	0:00:12.535573
37340	746	746	0.8	1	0:00:12.689333
37360	747	747	0.491	1	0:00:12.666574
37380	747	747	0.778	1	0:00:12.770144
37400	748	748	0.114	1	0:00:12.382425
37420	748	-1	0.0	0	0:00:12.469380
37440	748	748	0.8	1	0:00:12.459280
37460	749	749	0.715	1	0:00:12.463242
37480	749	749	0.764	1	0:00:12.495135
37500	750	-1	0.0	0	0:00:12.531373
37520	750	750	0.8	1	0:00:12.520880
37540	750	885	0.0824	0	0:00:12.699419
37560	751	751	0.8	1	0:00:12.539817
37580	751	751	0.667	1	0:00:12.303230
37600	752	765	0.183	0	0:00:12.599072
37620	752	752	0.463	1	0:00:12.440670
37640	752	752	0.514	1	0:00:12.472521
37660	753	586	0.13	0	0:00:12.492452
37680	753	753	0.331	1	0:00:12.398541
37700	754	482	0.22	0	0:00:12.380688
37720	754	754	0.485	1	0:00:12.541936
37740	754	588	0.00972	0	0:00:10.637589
37760	755	755	0.8	1	0:00:11.590363
37780	755	755	0.8	1	0:00:11.568015
37800	756	756	0.479	1	0:00:11.557664
37820	756	463	0.175	0	0:00:11.537990
37840	756	756	0.576	1	0:00:11.499753
37860	757	757	0.148	1	0:00:11.641484
37880	757	757	0.494	1	0:00:11.473242
37900	758	758	0.208	1	0:00:11.481686
37920	758	-1	0.0	0	0:00:11.517189
37940	758	758	0.778	1	0:00:11.425061
37960	759	759	0.8	1	0:00:11.467293
37980	759	-1	0.0	0	0:00:11.514143
38000	760	799	0.215	0	0:00:11.570594
38020	760	760	0.304	1	0:00:11.533512
38040	760	-1	0.0	0	0:00:11.419842
38060	761	761	0.696	1	0:00:11.562742
38080	761	761	0.0852	1	0:00:11.442576
38100	762	762	0.541	1	0:00:12.379092
38120	762	762	0.8	1	0:00:12.438654
38140	762	907	0.0758	0	0:00:12.409009
38160	763	763	0.0949	1	0:00:12.623245
38180	763	763	0.8	1	0:00:12.801841
38200	764	-1	0.0	0	0:00:12.412345
38220	764	764	0.473	1	0:00:12.471834
38240	764	764	0.384	1	0:00:12.550199
38260	765	765	0.8	1	0:00:12.672245
38280	765	765	0.8	1	0:00:12.485454
38300	766	766	0.8	1	0:00:12.470148
38320	766	-1	0.0	0	0:00:12.413854
38340	766	766	0.8	1	0:00:12.388836
38360	767	-1	0.0	0	0:00:12.608826
38380	767	677	0.0364	0	0:00:12.717437
38400	768	752	0.165	0	0:00:12.744094
38420	768	805	0.385	0	0:00:12.655838
38440	768	768	0.8	1	0:00:12.388620
38460	769	769	0.391	1	0:00:12.440932
38480	769	769	0.644	1	0:00:12.325480
38500	770	560	0.096	0	0:00:12.231851
38520	770	916	0.118	0	0:00:12.753038
38540	770	770	0.187	1	0:00:12.264673
38560	771	-1	0.0	0	0:00:12.266854
38580	771	771	0.8	1	0:00:12.281519
38600	772	772	0.728	1	0:00:12.410403
38620	772	-1	0.0	0	0:00:12.398302
38640	772	-1	0.0	0	0:00:12.717028
38660	773	773	0.715	1	0:00:12.655886
38680	773	773	0.28	1	0:00:12.499717
38700	774	774	0.8	1	0:00:12.454269
38720	774	774	0.642	1	0:00:12.503229
38740	774	-1	0.0	0	0:00:12.433839
38760	775	-1	0.0	0	0:00:12.340343
38780	775	775	0.397	1	0:00:12.589504
38800	776	683	0.167	0	0:00:12.404953
38820	776	776	0.764	1	0:00:12.430273
38840	776	513	0.102	0	0:00:12.522925
38860	777	777	0.8	1	0:00:12.720156
38880	777	777	0.0154	1	0:00:12.660660
38900	778	571	0.124	0	0:00:12.388912
38920	778	778	0.764	1	0:00:12.390831
38940	778	778	0.48	1	0:00:12.638449
38960	779	779	0.249	1	0:00:12.388538
38980	779	779	0.8	1	0:00:12.421229
39000	780	484	0.0403	0	0:00:12.516100
39020	780	780	0.778	1	0:00:12.583261
39040	780	780	0.8	1	0:00:12.390765
39060	781	781	0.8	1	0:00:12.623922
39080	781	-1	0.0	0	0:00:12.784908
39100	782	598	0.348	0	0:00:12.651731
39120	782	-1	0.0	0	0:00:12.658926
39140	782	664	0.601	0	0:00:12.431790
39160	783	783	0.5	1	0:00:12.392090
39180	783	769	0.0103	0	0:00:12.543428
39200	784	891	0.0661	0	0:00:12.548942
39220	784	784	0.29	1	0:00:12.303287
39240	784	784	0.174	1	0:00:12.522941
39260	785	-1	0.0	0	0:00:12.619986
39280	785	785	0.499	1	0:00:12.543391
39300	786	420	0.0383	0	0:00:12.326638
39320	786	786	0.557	1	0:00:12.627619
39340	786	-1	0.0	0	0:00:12.645816
39360	787	787	0.8	1	0:00:12.591513
39380	787	787	0.321	1	0:00:12.295405
39400	788	788	0.196	1	0:00:12.587729
39420	788	788	0.8	1	0:00:12.354547
39440	788	788	0.778	1	0:00:12.586116
39460	789	789	0.8	1	0:00:12.291353
39480	789	789	0.8	1	0:00:12.326994
39500	790	791	0.8	0	0:00:12.573127
39520	790	791	0.192	0	0:00:12.503157
39540	790	790	0.8	1	0:00:12.303948
39560	791	865	0.048	0	0:00:12.298810
39580	791	791	0.8	1	0:00:12.548466
39600	792	792	0.715	1	0:00:12.471517
39620	792	792	0.478	1	0:00:12.424035
39640	792	792	0.289	1	0:00:12.466625
39660	793	793	0.555	1	0:00:12.454170
39680	793	740	0.0501	0	0:00:12.339185
39700	794	794	0.527	1	0:00:12.401645
39720	794	-1	0.0	0	0:00:12.695690
39740	794	-1	0.0	0	0:00:12.716732
39760	795	970	0.68	0	0:00:12.683685
39780	795	795	0.0262	1	0:00:12.425143
39800	796	796	0.8	1	0:00:12.422870
39820	796	399	0.0558	0	0:00:12.382392
39840	796	796	0.184	1	0:00:12.419436
39860	797	797	0.0852	1	0:00:12.421927
39880	797	797	0.217	1	0:00:12.519171
39900	798	798	0.628	1	0:00:12.650433
39920	798	798	0.684	1	0:00:12.664732
39940	798	798	0.0814	1	0:00:12.626492
39960	799	799	0.517	1	0:00:12.615387
39980	799	-1	0.0	0	0:00:12.411293
40000	800	800	0.8	1	0:00:12.352492
40020	800	800	0.471	1	0:00:12.482068
40040	800	800	0.8	1	0:00:12.609161
40060	801	973	0.298	0	0:00:12.303095
40080	801	801	0.468	1	0:00:12.556949
40100	802	802	0.349	1	0:00:12.288713
40120	802	802	0.8	1	0:00:12.526574
40140	802	802	0.8	1	0:00:12.579485
40160	803	803	0.552	1	0:00:12.724477
40180	803	803	0.8	1	0:00:12.526209
40200	804	651	0.0905	0	0:00:12.468888
40220	804	804	0.649	1	0:00:12.581635
40240	804	804	0.288	1	0:00:12.556625
40260	805	805	0.447	1	0:00:12.450645
40280	805	430	0.0879	0	0:00:12.285452
40300	806	806	0.8	1	0:00:12.581955
40320	806	806	0.7	1	0:00:12.570381
40340	806	502	0.0185	0	0:00:12.392135
40360	807	517	0.224	0	0:00:12.540056
40380	807	807	0.8	1	0:00:12.469171
40400	808	808	0.0471	1	0:00:12.567946
40420	808	-1	0.0	0	0:00:12.638852
40440	808	-1	0.0	0	0:00:12.558479
40460	809	927	0.312	0	0:00:12.357701
40480	809	926	0.29	0	0:00:12.478892
40500	810	810	0.447	1	0:00:12.473984
40520	810	878	0.8	0	0:00:12.450272
40540	810	810	0.613	1	0:00:12.536360
40560	811	827	0.542	0	0:00:12.547541
40580	811	492	0.215	0	0:00:12.441922
40600	812	812	0.8	1	0:00:12.392801
40620	812	812	0.8	1	0:00:12.540747
40640	812	812	0.8	1	0:00:12.666838
40660	813	929	0.365	0	0:00:12.175121
40680	813	-1	0.0	0	0:00:12.455632
40700	814	814	0.352	1	0:00:12.194986
40720	814	814	0.778	1	0:00:12.471565
40740	814	814	0.217	1	0:00:12.699873
40760	815	815	0.8	1	0:00:12.490879
40780	815	-1	0.0	0	0:00:12.274829
40800	816	816	0.8	1	0:00:12.642409
40820	816	816	0.721	1	0:00:12.785370
40840	816	816	0.628	1	0:00:12.224433
40860	817	751	0.287	0	0:00:12.524661
40880	817	817	0.8	1	0:00:12.501173
40900	818	745	0.705	0	0:00:12.474105
40920	818	862	0.38	0	0:00:12.430453
40940	818	111	0.16	0	0:00:12.517742
40960	819	416	0.00702	0	0:00:12.564289
40980	819	-1	0.0	0	0:00:12.567681
41000	820	820	0.188	1	0:00:12.376374
41020	820	820	0.277	1	0:00:12.344329
41040	820	820	0.764	1	0:00:12.441484
41060	821	821	0.597	1	0:00:12.971022
41080	821	839	0.527	0	0:00:12.766746
41100	822	822	0.8	1	0:00:12.657669
41120	822	822	0.8	1	0:00:12.344489
41140	822	822	0.8	1	0:00:12.369578
41160	823	823	0.253	1	0:00:12.351938
41180	823	823	0.0726	1	0:00:12.295930
41200	824	824	0.705	1	0:00:12.292877
41220	824	824	0.294	1	0:00:12.632813
41240	824	655	0.0318	0	0:00:12.618822
41260	825	825	0.0848	1	0:00:12.605286
41280	825	-1	0.0	0	0:00:12.267842
41300	826	531	0.00803	0	0:00:12.302429
41320	826	605	0.8	0	0:00:12.391974
41340	826	826	0.502	1	0:00:12.405878
41360	827	827	0.8	1	0:00:12.238431
41380	827	-1	0.0	0	0:00:12.491561
41400	828	828	0.155	1	0:00:12.621095
41420	828	828	0.735	1	0:00:12.593465
41440	828	904	0.0453	0	0:00:12.088562
41460	829	829	0.8	1	0:00:12.389511
41480	829	778	0.0545	0	0:00:12.370077
41500	830	-1	0.0	0	0:00:12.404325
41520	830	-1	0.0	0	0:00:12.546613
41540	830	830	0.444	1	0:00:12.471177
41560	831	831	0.8	1	0:00:12.488644
41580	831	831	0.43	1	0:00:12.253729
41600	832	832	0.502	1	0:00:12.419387
41620	832	832	0.569	1	0:00:12.532552
41640	832	832	0.132	1	0:00:12.631196
41660	833	833	0.778	1	0:00:12.583314
41680	833	833	0.8	1	0:00:12.372428
41700	834	834	0.141	1	0:00:12.567895
41720	834	834	0.522	1	0:00:12.540807
41740	834	869	0.285	0	0:00:12.717188
41760	835	-1	0.0	0	0:00:12.611702
41780	835	835	0.249	1	0:00:12.623958
41800	836	-1	0.0	0	0:00:12.476986
41820	836	665	0.297	0	0:00:12.418353
41840	836	655	0.0424	0	0:00:12.436442
41860	837	-1	0.0	0	0:00:12.353117
41880	837	836	0.0886	0	0:00:12.260190
41900	838	838	0.197	1	0:00:12.694366
41920	838	928	0.0841	0	0:00:12.264557
41940	838	838	0.8	1	0:00:12.223798
41960	839	-1	0.0	0	0:00:12.407363
41980	839	580	0.0572	0	0:00:12.590050
42000	840	469	0.0464	0	0:00:12.501801
42020	840	840	0.778	1	0:00:12.470858
42040	840	840	0.8	1	0:00:12.396629
42060	841	-1	0.0	0	0:00:12.278796
42080	841	570	0.27	0	0:00:12.179614
42100	842	842	0.285	1	0:00:12.667062
42120	842	842	0.8	1	0:00:12.743021
42140	842	-1	0.0	0	0:00:12.430782
42160	843	843	0.368	1	0:00:12.582658
42180	843	843	0.205	1	0:00:12.626875
42200	844	844	0.8	1	0:00:12.735664
42220	844	844	0.579	1	0:00:12.432731
42240	844	844	0.8	1	0:00:12.295624
42260	845	845	0.647	1	0:00:12.433432
42280	845	845	0.42	1	0:00:12.521684
42300	846	786	0.18	0	0:00:12.568177
42320	846	619	0.547	0	0:00:12.528893
42340	846	-1	0.0	0	0:00:12.646450
42360	847	634	0.0625	0	0:00:12.493599
42380	847	847	0.638	1	0:00:12.497693
42400	848	-1	0.0	0	0:00:12.603956
42420	848	848	0.0854	1	0:00:12.619222
42440	848	848	0.126	1	0:00:12.638064
42460	849	849	0.753	1	0:00:12.335498
42480	849	849	0.8	1	0:00:12.512727
42500	850	850	0.455	1	0:00:12.391678
42520	850	865	0.0483	0	0:00:12.569752
42540	850	850	0.651	1	0:00:12.339564
42560	851	851	0.234	1	0:00:12.819593
42580	851	851	0.203	1	0:00:12.498596
42600	852	852	0.728	1	0:00:12.644510
42620	852	-1	0.0	0	0:00:12.537623
42640	852	852	0.29	1	0:00:12.547417
42660	853	853	0.8	1	0:00:12.488763
42680	853	853	0.8	1	0:00:12.462087
42700	854	854	0.135	1	0:00:12.542052
42720	854	854	0.477	1	0:00:12.431602
42740	854	564	0.278	0	0:00:12.447214
42760	855	855	0.659	1	0:00:12.566547
42780	855	855	0.8	1	0:00:12.445932
42800	856	856	0.238	1	0:00:12.550277
42820	856	856	0.8	1	0:00:12.487269
42840	856	565	0.604	0	0:00:12.489408
42860	857	857	0.705	1	0:00:12.647272
42880	857	857	0.8	1	0:00:12.419842
42900	858	448	0.0963	0	0:00:12.616817
42920	858	-1	0.0	0	0:00:12.623212
42940	858	698	0.252	0	0:00:12.718015
42960	859	859	0.252	1	0:00:12.627332
42980	859	859	0.458	1	0:00:12.557312
43000	860	-1	0.0	0	0:00:12.175483
43020	860	762	0.0443	0	0:00:12.727225
43040	860	-1	0.0	0	0:00:12.259391
43060	861	861	0.8	1	0:00:12.698274
43080	861	861	0.203	1	0:00:12.235436
43100	862	862	0.677	1	0:00:12.241349
43120	862	862	0.8	1	0:00:12.522222
43140	862	862	0.778	1	0:00:12.518215
43160	863	863	0.8	1	0:00:12.478234
43180	863	863	0.8	1	0:00:12.583110
43200	864	407	0.36	0	0:00:12.606723
43220	864	-1	0.0	0	0:00:12.367526
43240	864	864	0.463	1	0:00:12.439388
43260	865	865	0.493	1	0:00:12.399173
43280	865	865	0.398	1	0:00:12.273480
43300	866	866	0.37	1	0:00:12.579577
43320	866	866	0.8	1	0:00:12.473968
43340	866	866	0.576	1	0:00:12.414663
43360	867	867	0.8	1	0:00:12.348056
43380	867	867	0.0702	1	0:00:12.479597
43400	868	967	0.544	0	0:00:12.588371
43420	868	962	0.277	0	0:00:12.622185
43440	868	619	0.0386	0	0:00:12.603045
43460	869	869	0.515	1	0:00:12.362333
43480	869	-1	0.0	0	0:00:12.344325
43500	870	870	0.272	1	0:00:12.382496
43520	870	870	0.8	1	0:00:12.322415
43540	870	444	0.13	0	0:00:12.346950
43560	871	871	0.778	1	0:00:12.361064
43580	871	871	0.266	1	0:00:12.326119
43600	872	872	0.51	1	0:00:12.309288
43620	872	872	0.8	1	0:00:12.477737
43640	872	872	0.211	1	0:00:12.503790
43660	873	873	0.8	1	0:00:12.630693
43680	873	873	0.8	1	0:00:12.135595
43700	874	874	0.764	1	0:00:12.574271
43720	874	874	0.7	1	0:00:12.298583
43740	874	874	0.8	1	0:00:12.337162
43760	875	875	0.778	1	0:00:12.294362
43780	875	875	0.8	1	0:00:12.560228
43800	876	648	0.277	0	0:00:12.516531
43820	876	-1	0.0	0	0:00:12.447564
43840	876	876	0.333	1	0:00:12.328892
43860	877	877	0.8	1	0:00:12.236465
43880	877	877	0.242	1	0:00:12.296408
43900	878	878	0.8	1	0:00:12.357873
43920	878	878	0.8	1	0:00:12.273226
43940	878	878	0.728	1	0:00:12.434997
43960	879	-1	0.0	0	0:00:12.439518
43980	879	558	0.0858	0	0:00:12.768229
44000	880	-1	0.0	0	0:00:12.297190
44020	880	880	0.8	1	0:00:12.709021
44040	880	880	0.311	1	0:00:12.584624
44060	881	881	0.156	1	0:00:12.446826
44080	881	881	0.8	1	0:00:12.285286
44100	882	-1	0.0	0	0:00:12.727712
44120	882	-1	0.0	0	0:00:12.410330
44140	882	811	0.543	0	0:00:12.446242
44160	883	883	0.342	1	0:00:12.453464
44180	883	883	0.244	1	0:00:12.447242
44200	884	884	0.636	1	0:00:12.364455
44220	884	884	0.8	1	0:00:12.699850
44240	884	884	0.353	1	0:00:12.262123
44260	885	584	0.0274	0	0:00:12.199309
44280	885	-1	0.0	0	0:00:12.577074
44300	886	886	0.778	1	0:00:12.336537
44320	886	886	0.8	1	0:00:12.371862
44340	886	886	0.8	1	0:00:12.382530
44360	887	614	0.56	0	0:00:12.256974
44380	887	887	0.46	1	0:00:12.445708
44400	888	718	0.612	0	0:00:12.482906
44420	888	888	0.618	1	0:00:12.316219
44440	888	-1	0.0	0	0:00:12.589669
44460	889	889	0.8	1	0:00:12.605669
44480	889	889	0.167	1	0:00:12.604383
44500	890	890	0.25	1	0:00:12.475758
44520	890	890	0.8	1	0:00:12.394284
44540	890	890	0.71	1	0:00:12.407738
44560	891	-1	0.0	0	0:00:12.424692
44580	891	891	0.132	1	0:00:12.306067
44600	892	442	0.485	0	0:00:12.397808
44620	892	409	0.0947	0	0:00:12.457274
44640	892	892	0.8	1	0:00:12.774486
44660	893	533	0.304	0	0:00:12.418911
44680	893	893	0.7	1	0:00:12.706135
44700	894	894	0.368	1	0:00:12.662204
44720	894	651	0.0288	0	0:00:12.428104
44740	894	495	0.223	0	0:00:12.650892
44760	895	895	0.8	1	0:00:12.294046
44780	895	895	0.0279	1	0:00:12.405877
44800	896	896	0.55	1	0:00:12.379863
44820	896	896	0.8	1	0:00:12.347730
44840	896	896	0.0855	1	0:00:12.428580
44860	897	794	0.178	0	0:00:12.338606
44880	897	-1	0.0	0	0:00:12.354714
44900	898	-1	0.0	0	0:00:12.597187
44920	898	898	0.243	1	0:00:12.644238
44940	898	503	0.194	0	0:00:12.608574
44960	899	756	0.0342	0	0:00:12.190866
44980	899	719	0.162	0	0:00:12.673902
45000	900	900	0.8	1	0:00:12.691522
45020	900	900	0.8	1	0:00:12.701463
45040	900	900	0.8	1	0:00:12.449003
45060	901	653	0.172	0	0:00:12.427714
45080	901	901	0.538	1	0:00:12.526269
45100	902	902	0.8	1	0:00:12.566972
45120	902	902	0.8	1	0:00:12.488513
45140	902	902	0.8	1	0:00:12.549394
45160	903	903	0.721	1	0:00:12.721327
45180	903	459	0.18	0	0:00:12.380743
45200	904	738	0.0943	0	0:00:12.395557
45220	904	904	0.8	1	0:00:12.441800
45240	904	556	0.0923	0	0:00:12.536050
45260	905	794	0.119	0	0:00:12.436336
45280	905	905	0.0921	1	0:00:12.454003
45300	906	906	0.8	1	0:00:12.691523
45320	906	616	0.0931	0	0:00:12.791744
45340	906	834	0.735	0	0:00:12.425502
45360	907	907	0.121	1	0:00:12.752563
45380	907	907	0.359	1	0:00:12.683005
45400	908	895	0.743	0	0:00:12.236234
45420	908	977	0.0287	0	0:00:12.583655
45440	908	404	0.8	0	0:00:12.520983
45460	909	909	0.582	1	0:00:12.419097
45480	909	-1	0.0	0	0:00:12.424599
45500	910	641	0.8	0	0:00:12.408554
45520	910	910	0.753	1	0:00:12.560050
45540	910	910	0.348	1	0:00:12.450517
45560	911	431	0.0431	0	0:00:12.722268
45580	911	911	0.396	1	0:00:12.627167
45600	912	-1	0.0	0	0:00:12.612511
45620	912	912	0.8	1	0:00:12.332400
45640	912	-1	0.0	0	0:00:12.451946
45660	913	913	0.0943	1	0:00:12.678497
45680	913	913	0.628	1	0:00:12.597976
45700	914	914	0.8	1	0:00:12.375391
45720	914	914	0.8	1	0:00:12.661267
45740	914	914	0.8	1	0:00:12.687489
45760	915	915	0.378	1	0:00:12.338547
45780	915	915	0.8	1	0:00:12.644397
45800	916	916	0.8	1	0:00:12.585781
45820	916	916	0.778	1	0:00:12.474644
45840	916	916	0.505	1	0:00:12.582074
45860	917	917	0.337	1	0:00:12.657965
45880	917	921	0.455	0	0:00:12.477219
45900	918	918	0.8	1	0:00:12.474693
45920	918	918	0.8	1	0:00:12.455019
45940	918	918	0.8	1	0:00:12.535808
45960	919	-1	0.0	0	0:00:12.561618
45980	919	919	0.743	1	0:00:12.668387
46000	920	665	0.118	0	0:00:12.519394
46020	920	920	0.12	1	0:00:12.739598
46040	920	920	0.8	1	0:00:12.500710
46060	921	917	0.393	0	0:00:12.270323
46080	921	918	0.00414	0	0:00:12.438723
46100	922	922	0.715	1	0:00:12.551986
46120	922	922	0.369	1	0:00:12.750481
46140	922	922	0.031	1	0:00:12.537266
46160	923	923	0.8	1	0:00:12.667892
46180	923	926	0.585	0	0:00:12.352201
46200	924	924	0.778	1	0:00:12.391396
46220	924	924	0.042	1	0:00:12.647726
46240	924	924	0.8	1	0:00:12.506514
46260	925	925	0.8	1	0:00:12.551415
46280	925	925	0.8	1	0:00:12.308995
46300	926	926	0.8	1	0:00:12.629926
46320	926	926	0.728	1	0:00:12.225347
46340	926	926	0.323	1	0:00:12.657415
46360	927	927	0.8	1	0:00:12.390388
46380	927	927	0.8	1	0:00:12.436868
46400	928	927	0.198	0	0:00:12.370405
46420	928	935	0.0519	0	0:00:12.512061
46440	928	928	0.319	1	0:00:12.685885
46460	929	-1	0.0	0	0:00:12.614367
46480	929	929	0.466	1	0:00:12.683183
46500	930	-1	0.0	0	0:00:12.416761
46520	930	930	0.778	1	0:00:12.628362
46540	930	930	0.696	1	0:00:12.485519
46560	931	932	0.0069	0	0:00:12.750578
46580	931	931	0.573	1	0:00:12.436958
46600	932	932	0.778	1	0:00:12.447041
46620	932	932	0.31	1	0:00:12.556438
46640	932	932	0.8	1	0:00:12.508083
46660	933	933	0.8	1	0:00:12.694976
46680	933	965	0.212	0	0:00:12.467982
46700	934	934	0.8	1	0:00:12.561133
46720	934	934	0.206	1	0:00:12.539504
46740	934	934	0.8	1	0:00:12.599283
46760	935	987	0.0481	0	0:00:12.286095
46780	935	935	0.134	1	0:00:12.426933
46800	936	936	0.413	1	0:00:12.438685
46820	936	936	0.8	1	0:00:12.706341
46840	936	936	0.8	1	0:00:12.510558
46860	937	937	0.8	1	0:00:12.320494
46880	937	937	0.8	1	0:00:12.460096
46900	938	937	0.0358	0	0:00:12.463529
46920	938	938	0.8	1	0:00:12.581143
46940	938	924	0.31	0	0:00:12.524816
46960	939	939	0.433	1	0:00:12.478410
46980	939	939	0.753	1	0:00:12.586493
47000	940	998	0.105	0	0:00:12.584926
47020	940	940	0.647	1	0:00:12.587893
47040	940	940	0.304	1	0:00:12.380233
47060	941	-1	0.0	0	0:00:12.325150
47080	941	941	0.8	1	0:00:12.530151
47100	942	942	0.8	1	0:00:12.477210
47120	942	-1	0.0	0	0:00:12.457349
47140	942	942	0.8	1	0:00:12.771945
47160	943	943	0.8	1	0:00:12.345064
47180	943	943	0.8	1	0:00:12.573604
47200	944	946	0.583	0	0:00:12.457786
47220	944	944	0.8	1	0:00:12.535911
47240	944	944	0.8	1	0:00:12.563767
47260	945	945	0.8	1	0:00:12.461799
47280	945	945	0.433	1	0:00:12.309271
47300	946	946	0.8	1	0:00:12.391519
47320	946	946	0.743	1	0:00:12.372605
47340	946	946	0.636	1	0:00:12.597710
47360	947	947	0.8	1	0:00:12.584777
47380	947	947	0.601	1	0:00:12.707879
47400	948	948	0.8	1	0:00:12.625103
47420	948	948	0.509	1	0:00:12.282176
47440	948	948	0.8	1	0:00:12.668048
47460	949	-1	0.0	0	0:00:12.709433
47480	949	949	0.8	1	0:00:12.372701
47500	950	950	0.721	1	0:00:12.388363
47520	950	951	0.606	0	0:00:12.351183
47540	950	951	0.753	0	0:00:12.442509
47560	951	950	0.8	0	0:00:12.668220
47580	951	951	0.8	1	0:00:12.300408
47600	952	90	0.8	0	0:00:12.591045
47620	952	952	0.8	1	0:00:12.569349
47640	952	948	0.612	0	0:00:12.288827
47660	953	953	0.8	1	0:00:12.378943
47680	953	953	0.67	1	0:00:12.319884
47700	954	954	0.0584	1	0:00:12.372808
47720	954	950	0.198	0	0:00:12.278328
47740	954	940	0.0131	0	0:00:12.380176
47760	955	955	0.339	1	0:00:12.387161
47780	955	955	0.8	1	0:00:12.389037
47800	956	956	0.8	1	0:00:12.604742
47820	956	956	0.234	1	0:00:12.546993
47840	956	-1	0.0	0	0:00:12.620783
47860	957	-1	0.0	0	0:00:12.401155
47880	957	-1	0.0	0	0:00:12.348967
47900	958	958	0.116	1	0:00:12.671305
47920	958	958	0.778	1	0:00:12.433621
47940	958	958	0.105	1	0:00:12.651837
47960	959	935	0.0159	0	0:00:12.614616
47980	959	959	0.8	1	0:00:12.664053
48000	960	960	0.193	1	0:00:12.680521
48020	960	923	0.401	0	0:00:12.457989
48040	960	514	0.00113	0	0:00:12.495475
48060	961	963	0.8	0	0:00:12.535807
48080	961	931	0.29	0	0:00:12.591442
48100	962	962	0.589	1	0:00:12.758175
48120	962	962	0.715	1	0:00:12.285996
48140	962	509	0.18	0	0:00:12.369121
48160	963	963	0.8	1	0:00:12.368280
48180	963	335	0.144	0	0:00:12.388813
48200	964	964	0.135	1	0:00:12.435367
48220	964	964	0.753	1	0:00:12.531528
48240	964	455	0.101	0	0:00:12.576493
48260	965	965	0.0142	1	0:00:12.318511
48280	965	924	0.112	0	0:00:12.714594
48300	966	-1	0.0	0	0:00:12.612659
48320	966	966	0.527	1	0:00:12.538091
48340	966	966	0.8	1	0:00:12.564253
48360	967	967	0.585	1	0:00:12.563964
48380	967	967	0.621	1	0:00:12.588027
48400	968	968	0.705	1	0:00:12.659224
48420	968	504	0.131	0	0:00:12.233415
48440	968	968	0.042	1	0:00:12.528236
48460	969	504	0.0657	0	0:00:12.476361
48480	969	-1	0.0	0	0:00:12.680986
48500	970	795	0.764	0	0:00:12.648175
48520	970	980	0.161	0	0:00:12.589845
48540	970	970	0.309	1	0:00:12.421127
48560	971	971	0.8	1	0:00:12.332123
48580	971	971	0.743	1	0:00:12.557868
48600	972	979	0.454	0	0:00:12.732646
48620	972	972	0.221	1	0:00:12.426037
48640	972	972	0.117	1	0:00:12.523426
48660	973	973	0.283	1	0:00:12.564414
48680	973	973	0.545	1	0:00:12.450050
48700	974	974	0.8	1	0:00:12.730106
48720	974	974	0.8	1	0:00:12.601810
48740	974	974	0.778	1	0:00:12.419978
48760	975	975	0.8	1	0:00:12.441879
48780	975	975	0.594	1	0:00:12.353785
48800	976	972	0.233	0	0:00:12.451206
48820	976	976	0.352	1	0:00:12.382825
48840	976	976	0.418	1	0:00:12.450960
48860	977	977	0.0797	1	0:00:12.379635
48880	977	976	0.778	0	0:00:12.353814
48900	978	978	0.0955	1	0:00:12.294546
48920	978	976	0.185	0	0:00:12.545601
48940	978	-1	0.0	0	0:00:12.825140
48960	979	979	0.8	1	0:00:12.393005
48980	979	970	0.257	0	0:00:12.573907
49000	980	980	0.8	1	0:00:12.676358
49020	980	775	0.0327	0	0:00:12.439023
49040	980	980	0.13	1	0:00:12.421710
49060	981	981	0.8	1	0:00:12.414364
49080	981	981	0.696	1	0:00:12.482271
49100	982	982	0.8	1	0:00:12.452300
49120	982	982	0.8	1	0:00:12.665352
49140	982	457	0.394	0	0:00:12.639034
49160	983	-1	0.0	0	0:00:12.689955
49180	983	983	0.8	1	0:00:12.522495
49200	984	984	0.8	1	0:00:12.713903
49220	984	984	0.8	1	0:00:12.328835
49240	984	984	0.8	1	0:00:12.226582
49260	985	985	0.8	1	0:00:12.451089
49280	985	985	0.8	1	0:00:12.289015
49300	986	986	0.8	1	0:00:12.395873
49320	986	986	0.8	1	0:00:12.419522
49340	986	986	0.8	1	0:00:12.294450
49360	987	998	0.8	0	0:00:12.446790
49380	987	987	0.405	1	0:00:12.840033
49400	988	988	0.8	1	0:00:12.791351
49420	988	988	0.385	1	0:00:12.505230
49440	988	988	0.8	1	0:00:12.380706
49460	989	989	0.642	1	0:00:12.403279
49480	989	989	0.15	1	0:00:12.368031
49500	990	990	0.475	1	0:00:12.329865
49520	990	990	0.083	1	0:00:12.382357
49540	990	990	0.8	1	0:00:12.472258
49560	991	991	0.8	1	0:00:12.326159
49580	991	991	0.8	1	0:00:12.614726
49600	992	992	0.8	1	0:00:12.746330
49620	992	947	0.8	0	0:00:12.752689
49640	992	947	0.529	0	0:00:12.289624
49660	993	993	0.8	1	0:00:12.409211
49680	993	993	0.8	1	0:00:12.267796
49700	994	994	0.8	1	0:00:12.297783
49720	994	994	0.8	1	0:00:12.326954
49740	994	994	0.483	1	0:00:12.621265
49760	995	995	0.743	1	0:00:12.577521
49780	995	995	0.8	1	0:00:12.508915
49800	996	996	0.778	1	0:00:12.582490
49820	996	996	0.39	1	0:00:12.390589
49840	996	996	0.8	1	0:00:12.280028
49860	997	997	0.466	1	0:00:12.348622
49880	997	997	0.479	1	0:00:12.365338
49900	998	987	0.8	0	0:00:12.302938
49920	998	998	0.728	1	0:00:12.416439
49940	998	987	0.764	0	0:00:12.402997
49960	999	700	0.111	0	0:00:12.363024
49980	999	692	0.144	0	0:00:12.428083
