idx	label	predict	radius	correct	time
0	0	-1	0.0	0	0:01:00.052189
20	0	0	0.443	1	0:00:12.121460
40	0	0	0.764	1	0:00:12.710402
60	1	927	0.191	0	0:00:12.507618
80	1	1	0.0547	1	0:00:12.609011
100	2	2	0.531	1	0:00:12.564079
120	2	2	0.8	1	0:00:12.551875
140	2	2	0.349	1	0:00:12.613531
160	3	3	0.515	1	0:00:12.603831
180	3	3	0.68	1	0:00:12.557458
200	4	129	0.0796	0	0:00:12.600458
220	4	394	0.467	0	0:00:12.582987
240	4	4	0.00251	1	0:00:12.538960
260	5	5	0.229	1	0:00:12.541839
280	5	5	0.753	1	0:00:12.576610
300	6	5	0.228	0	0:00:12.610265
320	6	-1	0.0	0	0:00:12.545986
340	6	5	0.38	0	0:00:12.568004
360	7	-1	0.0	0	0:00:12.486674
380	7	7	0.362	1	0:00:12.486494
400	8	8	0.743	1	0:00:12.585815
420	8	-1	0.0	0	0:00:12.519891
440	8	8	0.239	1	0:00:12.529618
460	9	9	0.457	1	0:00:13.233811
480	9	76	0.082	0	0:00:13.235940
500	10	10	0.0975	1	0:00:13.145163
520	10	82	0.14	0	0:00:13.118907
540	10	10	0.245	1	0:00:13.124664
560	11	11	0.339	1	0:00:13.092729
580	11	11	0.8	1	0:00:13.114702
600	12	12	0.0651	1	0:00:13.101539
620	12	12	0.8	1	0:00:13.133001
640	12	12	0.168	1	0:00:13.167611
660	13	13	0.8	1	0:00:12.739412
680	13	-1	0.0	0	0:00:12.626353
700	14	14	0.696	1	0:00:12.558337
720	14	14	0.764	1	0:00:12.138187
740	14	14	0.8	1	0:00:12.131658
760	15	15	0.778	1	0:00:12.117682
780	15	15	0.269	1	0:00:12.150587
800	16	16	0.408	1	0:00:12.134105
820	16	16	0.214	1	0:00:12.117676
840	16	16	0.778	1	0:00:12.135334
860	17	17	0.213	1	0:00:12.103807
880	17	17	0.21	1	0:00:12.121332
900	18	-1	0.0	0	0:00:12.339476
920	18	18	0.375	1	0:00:12.304692
940	18	18	0.8	1	0:00:12.120239
960	19	-1	0.0	0	0:00:12.111910
980	19	19	0.22	1	0:00:12.165233
1000	20	20	0.743	1	0:00:12.106729
1020	20	20	0.8	1	0:00:12.123130
1040	20	20	0.8	1	0:00:12.118543
1060	21	379	0.0491	0	0:00:12.134229
1080	21	21	0.237	1	0:00:12.135806
1100	22	21	0.221	0	0:00:12.100096
1120	22	22	0.8	1	0:00:12.101747
1140	22	22	0.8	1	0:00:12.117667
1160	23	23	0.8	1	0:00:12.110962
1180	23	23	0.735	1	0:00:12.122507
1200	24	24	0.8	1	0:00:12.108202
1220	24	24	0.231	1	0:00:12.123447
1240	24	24	0.8	1	0:00:12.104415
1260	25	-1	0.0	0	0:00:12.123196
1280	25	25	0.673	1	0:00:12.182008
1300	26	-1	0.0	0	0:00:12.520070
1320	26	464	0.0229	0	0:00:12.479555
1340	26	26	0.778	1	0:00:12.503566
1360	27	27	0.8	1	0:00:12.482359
1380	27	27	0.8	1	0:00:12.396850
1400	28	-1	0.0	0	0:00:12.452005
1420	28	28	0.743	1	0:00:12.460035
1440	28	28	0.0153	1	0:00:12.475363
1460	29	29	0.8	1	0:00:12.492932
1480	29	96	0.135	0	0:00:12.470248
1500	30	30	0.743	1	0:00:12.495549
1520	30	-1	0.0	0	0:00:12.429947
1540	30	32	0.331	0	0:00:12.446251
1560	31	31	0.258	1	0:00:12.426811
1580	31	31	0.8	1	0:00:12.468398
1600	32	302	0.0999	0	0:00:12.631452
1620	32	32	0.696	1	0:00:12.001131
1640	32	-1	0.0	0	0:00:12.142920
1660	33	33	0.0276	1	0:00:12.144082
1680	33	33	0.253	1	0:00:12.150548
1700	34	-1	0.0	0	0:00:12.111754
1720	34	447	0.276	0	0:00:12.093629
1740	34	-1	0.0	0	0:00:12.129749
1760	35	35	0.409	1	0:00:12.158952
1780	35	306	0.013	0	0:00:12.153939
1800	36	35	0.427	0	0:00:12.158863
1820	36	-1	0.0	0	0:00:12.098679
1840	36	35	0.205	0	0:00:12.153780
1860	37	35	0.534	0	0:00:12.110598
1880	37	-1	0.0	0	0:00:12.141505
1900	38	38	0.166	1	0:00:12.179746
1920	38	38	0.031	1	0:00:12.168649
1940	38	38	0.412	1	0:00:12.118228
1960	39	46	0.0915	0	0:00:12.142541
1980	39	-1	0.0	0	0:00:12.109456
2000	40	59	0.119	0	0:00:12.116521
2020	40	40	0.463	1	0:00:12.116393
2040	40	40	0.68	1	0:00:12.129312
2060	41	41	0.8	1	0:00:12.122521
2080	41	41	0.109	1	0:00:12.150985
2100	42	48	0.0624	0	0:00:12.132321
2120	42	32	0.0341	0	0:00:12.121246
2140	42	-1	0.0	0	0:00:12.140781
2160	43	43	0.141	1	0:00:12.154776
2180	43	43	0.0746	1	0:00:12.126854
2200	44	44	0.533	1	0:00:12.137845
2220	44	44	0.649	1	0:00:12.163184
2240	44	44	0.613	1	0:00:12.129799
2260	45	45	0.764	1	0:00:12.114387
2280	45	45	0.0288	1	0:00:12.095713
2300	46	46	0.00295	1	0:00:12.130369
2320	46	-1	0.0	0	0:00:12.110670
2340	46	-1	0.0	0	0:00:12.123227
2360	47	26	0.032	0	0:00:12.123577
2380	47	47	0.364	1	0:00:12.098860
2400	48	-1	0.0	0	0:00:12.102988
2420	48	39	0.103	0	0:00:12.096097
2440	48	-1	0.0	0	0:00:12.099074
2460	49	50	0.479	0	0:00:12.143139
2480	49	-1	0.0	0	0:00:12.080145
2500	50	39	0.143	0	0:00:12.098985
2520	50	50	0.341	1	0:00:12.147828
2540	50	898	0.076	0	0:00:12.128426
2560	51	51	0.659	1	0:00:12.108199
2580	51	51	0.778	1	0:00:12.107242
2600	52	114	0.0513	0	0:00:12.079863
2620	52	-1	0.0	0	0:00:12.081257
2640	52	53	0.705	0	0:00:12.122774
2660	53	53	0.329	1	0:00:12.081615
2680	53	-1	0.0	0	0:00:12.088011
2700	54	57	0.735	0	0:00:12.101073
2720	54	57	0.778	0	0:00:12.096614
2740	54	54	0.566	1	0:00:12.083154
2760	55	55	0.26	1	0:00:12.080877
2780	55	55	0.0884	1	0:00:12.111743
2800	56	56	0.8	1	0:00:12.106426
2820	56	56	0.146	1	0:00:12.117640
2840	56	56	0.462	1	0:00:12.156929
2860	57	57	0.778	1	0:00:12.116257
2880	57	57	0.349	1	0:00:12.098552
2900	58	25	0.00445	0	0:00:12.096941
2920	58	-1	0.0	0	0:00:12.101576
2940	58	65	0.274	0	0:00:12.093553
2960	59	59	0.8	1	0:00:12.080559
2980	59	59	0.8	1	0:00:12.050777
3000	60	62	0.117	0	0:00:12.063900
3020	60	66	0.494	0	0:00:12.100661
3040	60	-1	0.0	0	0:00:12.097575
3060	61	60	0.0508	0	0:00:12.109157
3080	61	61	0.659	1	0:00:12.122395
3100	62	61	0.181	0	0:00:12.112450
3120	62	62	0.0293	1	0:00:12.076097
3140	62	-1	0.0	0	0:00:12.124723
3160	63	63	0.8	1	0:00:12.192920
3180	63	63	0.434	1	0:00:12.088232
3200	64	64	0.178	1	0:00:12.080209
3220	64	55	0.294	0	0:00:12.074862
3240	64	-1	0.0	0	0:00:12.120829
3260	65	-1	0.0	0	0:00:12.088849
3280	65	65	0.236	1	0:00:12.081470
3300	66	-1	0.0	0	0:00:12.075029
3320	66	66	0.0052	1	0:00:12.100510
3340	66	599	0.0373	0	0:00:12.063537
3360	67	-1	0.0	0	0:00:12.112299
3380	67	67	0.26	1	0:00:12.100228
3400	68	60	0.154	0	0:00:12.098519
3420	68	66	0.673	0	0:00:12.096852
3440	68	66	0.606	0	0:00:12.110182
3460	69	69	0.435	1	0:00:12.130507
3480	69	69	0.493	1	0:00:12.106745
3500	70	70	0.8	1	0:00:12.093503
3520	70	70	0.318	1	0:00:12.085685
3540	70	70	0.8	1	0:00:12.113239
3560	71	71	0.269	1	0:00:12.084984
3580	71	71	0.356	1	0:00:12.125488
3600	72	72	0.764	1	0:00:12.095922
3620	72	72	0.522	1	0:00:12.116460
3640	72	72	0.8	1	0:00:12.080835
3660	73	73	0.0863	1	0:00:12.069108
3680	73	815	0.549	0	0:00:12.104439
3700	74	-1	0.0	0	0:00:12.071344
3720	74	74	0.198	1	0:00:12.098708
3740	74	73	0.101	0	0:00:12.085856
3760	75	75	0.778	1	0:00:12.164296
3780	75	75	0.57	1	0:00:12.120089
3800	76	76	0.0837	1	0:00:12.070789
3820	76	76	0.554	1	0:00:12.074927
3840	76	76	0.444	1	0:00:12.107373
3860	77	77	0.301	1	0:00:12.091812
3880	77	-1	0.0	0	0:00:12.105723
3900	78	78	0.153	1	0:00:12.125639
3920	78	-1	0.0	0	0:00:12.098635
3940	78	78	0.8	1	0:00:12.071698
3960	79	71	0.0326	0	0:00:12.135760
3980	79	79	0.258	1	0:00:12.080026
4000	80	80	0.8	1	0:00:12.129228
4020	80	80	0.601	1	0:00:12.096077
4040	80	80	0.356	1	0:00:12.091186
4060	81	-1	0.0	0	0:00:12.101538
4080	81	81	0.778	1	0:00:12.137956
4100	82	82	0.458	1	0:00:12.103549
4120	82	82	0.735	1	0:00:12.122148
4140	82	82	0.735	1	0:00:12.071067
4160	83	-1	0.0	0	0:00:12.124888
4180	83	83	0.8	1	0:00:12.109573
4200	84	-1	0.0	0	0:00:12.085722
4220	84	84	0.8	1	0:00:12.115116
4240	84	84	0.8	1	0:00:12.143886
4260	85	86	0.677	0	0:00:12.085993
4280	85	85	0.8	1	0:00:12.102212
4300	86	86	0.8	1	0:00:12.125483
4320	86	86	0.8	1	0:00:12.092159
4340	86	86	0.8	1	0:00:12.104355
4360	87	87	0.8	1	0:00:12.087413
4380	87	87	0.0446	1	0:00:12.219167
4400	88	88	0.8	1	0:00:12.146872
4420	88	22	0.186	0	0:00:12.108007
4440	88	88	0.8	1	0:00:12.147070
4460	89	89	0.8	1	0:00:12.114847
4480	89	-1	0.0	0	0:00:12.104014
4500	90	90	0.388	1	0:00:12.117943
4520	90	90	0.8	1	0:00:12.095798
4540	90	90	0.8	1	0:00:12.084480
4560	91	91	0.743	1	0:00:12.116721
4580	91	91	0.8	1	0:00:12.130427
4600	92	92	0.237	1	0:00:12.100823
4620	92	92	0.8	1	0:00:12.143188
4640	92	92	0.371	1	0:00:12.115467
4660	93	93	0.8	1	0:00:12.101203
4680	93	93	0.764	1	0:00:12.063548
4700	94	94	0.8	1	0:00:12.124424
4720	94	94	0.45	1	0:00:12.095784
4740	94	94	0.778	1	0:00:12.103407
4760	95	95	0.8	1	0:00:12.094098
4780	95	95	0.8	1	0:00:12.108368
4800	96	96	0.8	1	0:00:12.109019
4820	96	96	0.8	1	0:00:12.064784
4840	96	96	0.8	1	0:00:12.107794
4860	97	97	0.743	1	0:00:12.134630
4880	97	97	0.242	1	0:00:12.094988
4900	98	98	0.254	1	0:00:12.095484
4920	98	98	0.8	1	0:00:12.117226
4940	98	-1	0.0	0	0:00:12.098039
4960	99	145	0.195	0	0:00:12.092199
4980	99	-1	0.0	0	0:00:12.104075
5000	100	100	0.8	1	0:00:12.190226
5020	100	100	0.8	1	0:00:12.571376
5040	100	-1	0.0	0	0:00:12.569780
5060	101	101	0.374	1	0:00:12.524803
5080	101	-1	0.0	0	0:00:12.487373
5100	102	102	0.8	1	0:00:12.476556
5120	102	102	0.8	1	0:00:12.366554
5140	102	102	0.8	1	0:00:12.414515
5160	103	103	0.596	1	0:00:12.431286
5180	103	103	0.615	1	0:00:12.471051
5200	104	-1	0.0	0	0:00:12.461373
5220	104	-1	0.0	0	0:00:12.483889
5240	104	-1	0.0	0	0:00:12.386121
5260	105	105	0.644	1	0:00:12.439680
5280	105	-1	0.0	0	0:00:12.507416
5300	106	106	0.521	1	0:00:12.511501
5320	106	-1	0.0	0	0:00:11.998428
5340	106	106	0.267	1	0:00:12.100040
5360	107	-1	0.0	0	0:00:12.111743
5380	107	107	0.429	1	0:00:12.090137
5400	108	-1	0.0	0	0:00:12.092496
5420	108	108	0.8	1	0:00:12.108028
5440	108	108	0.638	1	0:00:12.110360
5460	109	973	0.134	0	0:00:12.121693
5480	109	109	0.363	1	0:00:12.112610
5500	110	110	0.591	1	0:00:12.103667
5520	110	110	0.8	1	0:00:12.133738
5540	110	110	0.8	1	0:00:12.100832
5560	111	111	0.359	1	0:00:12.105683
5580	111	111	0.27	1	0:00:12.079219
5600	112	-1	0.0	0	0:00:12.104126
5620	112	-1	0.0	0	0:00:12.588295
5640	112	-1	0.0	0	0:00:12.520303
5660	113	-1	0.0	0	0:00:12.469612
5680	113	113	0.304	1	0:00:12.393112
5700	114	-1	0.0	0	0:00:12.431609
5720	114	932	0.0101	0	0:00:12.477438
5740	114	114	0.499	1	0:00:12.465076
5760	115	584	0.0813	0	0:00:12.469136
5780	115	115	0.217	1	0:00:12.437115
5800	116	116	0.8	1	0:00:12.424561
5820	116	-1	0.0	0	0:00:12.440153
5840	116	-1	0.0	0	0:00:12.463531
5860	117	-1	0.0	0	0:00:12.428455
5880	117	117	0.218	1	0:00:12.433833
5900	118	118	0.8	1	0:00:12.448711
5920	118	118	0.64	1	0:00:12.477423
5940	118	124	0.148	0	0:00:12.524242
5960	119	119	0.0255	1	0:00:12.412412
5980	119	-1	0.0	0	0:00:12.472465
6000	120	123	0.0239	0	0:00:12.401792
6020	120	-1	0.0	0	0:00:12.413764
6040	120	120	0.336	1	0:00:12.471437
6060	121	121	0.778	1	0:00:12.368837
6080	121	121	0.157	1	0:00:12.418347
6100	122	122	0.778	1	0:00:12.474543
6120	122	122	0.383	1	0:00:12.481866
6140	122	122	0.319	1	0:00:12.449343
6160	123	119	0.00947	0	0:00:12.398134
6180	123	123	0.535	1	0:00:12.490549
6200	124	-1	0.0	0	0:00:12.407989
6220	124	121	0.1	0	0:00:12.446633
6240	124	880	0.118	0	0:00:13.330937
6260	125	125	0.277	1	0:00:13.311819
6280	125	125	0.599	1	0:00:13.177407
6300	126	126	0.1	1	0:00:13.202680
6320	126	-1	0.0	0	0:00:13.108946
6340	126	107	0.0992	0	0:00:13.177023
6360	127	127	0.411	1	0:00:13.137485
6380	127	-1	0.0	0	0:00:13.179645
6400	128	128	0.609	1	0:00:13.127990
6420	128	128	0.715	1	0:00:13.192710
6440	128	128	0.71	1	0:00:13.165413
6460	129	129	0.8	1	0:00:13.153362
6480	129	129	0.8	1	0:00:13.157828
6500	130	130	0.399	1	0:00:13.268717
6520	130	130	0.8	1	0:00:13.142266
6540	130	-1	0.0	0	0:00:13.158502
6560	131	-1	0.0	0	0:00:13.287325
6580	131	132	0.12	0	0:00:12.440094
6600	132	132	0.056	1	0:00:12.436440
6620	132	132	0.696	1	0:00:12.457417
6640	132	132	0.7	1	0:00:12.439670
6660	133	337	0.212	0	0:00:12.446922
6680	133	133	0.194	1	0:00:12.429507
6700	134	132	0.48	0	0:00:12.425891
6720	134	-1	0.0	0	0:00:12.422162
6740	134	138	0.401	0	0:00:12.483946
6760	135	135	0.728	1	0:00:12.442476
6780	135	135	0.778	1	0:00:12.416580
6800	136	136	0.8	1	0:00:12.426507
6820	136	136	0.778	1	0:00:12.434819
6840	136	136	0.778	1	0:00:12.450312
6860	137	137	0.764	1	0:00:13.257306
6880	137	-1	0.0	0	0:00:13.308379
6900	138	138	0.591	1	0:00:12.584138
6920	138	138	0.654	1	0:00:12.392571
6940	138	81	0.127	0	0:00:12.049117
6960	139	139	0.8	1	0:00:12.046188
6980	139	139	0.521	1	0:00:12.032474
7000	140	140	0.8	1	0:00:12.026057
7020	140	140	0.211	1	0:00:12.089657
7040	140	140	0.0809	1	0:00:12.029969
7060	141	-1	0.0	0	0:00:12.015901
7080	141	141	0.265	1	0:00:12.062047
7100	142	142	0.519	1	0:00:12.038596
7120	142	142	0.8	1	0:00:12.068145
7140	142	142	0.8	1	0:00:12.052487
7160	143	-1	0.0	0	0:00:11.918736
7180	143	143	0.398	1	0:00:11.993137
7200	144	-1	0.0	0	0:00:12.473147
7220	144	144	0.338	1	0:00:12.122591
7240	144	144	0.201	1	0:00:12.129171
7260	145	145	0.8	1	0:00:12.074582
7280	145	145	0.8	1	0:00:12.102248
7300	146	362	0.00226	0	0:00:12.124359
7320	146	-1	0.0	0	0:00:12.119609
7340	146	146	0.167	1	0:00:12.106215
7360	147	147	0.527	1	0:00:12.084868
7380	147	147	0.67	1	0:00:12.096975
7400	148	148	0.705	1	0:00:12.093642
7420	148	148	0.8	1	0:00:12.093483
7440	148	148	0.8	1	0:00:12.091327
7460	149	149	0.778	1	0:00:12.101384
7480	149	149	0.735	1	0:00:12.014299
7500	150	360	0.413	0	0:00:12.166444
7520	150	150	0.447	1	0:00:12.070210
7540	150	-1	0.0	0	0:00:12.029783
7560	151	158	0.235	0	0:00:12.073901
7580	151	245	0.0349	0	0:00:12.073514
7600	152	152	0.649	1	0:00:12.066954
7620	152	152	0.425	1	0:00:12.029154
7640	152	155	0.00414	0	0:00:12.054154
7660	153	153	0.332	1	0:00:12.061702
7680	153	265	0.0105	0	0:00:12.074011
7700	154	-1	0.0	0	0:00:12.026739
7720	154	154	0.177	1	0:00:12.061485
7740	154	154	0.384	1	0:00:12.058053
7760	155	-1	0.0	0	0:00:12.061070
7780	155	155	0.134	1	0:00:11.995212
7800	156	156	0.647	1	0:00:12.033257
7820	156	156	0.552	1	0:00:12.344710
7840	156	156	0.507	1	0:00:12.088973
7860	157	157	0.116	1	0:00:12.071419
7880	157	157	0.549	1	0:00:12.110428
7900	158	158	0.684	1	0:00:12.129522
7920	158	195	0.196	0	0:00:12.092166
7940	158	237	0.161	0	0:00:12.106869
7960	159	159	0.316	1	0:00:12.095770
7980	159	159	0.501	1	0:00:11.945889
8000	160	160	0.62	1	0:00:12.318374
8020	160	205	0.0515	0	0:00:12.114449
8040	160	-1	0.0	0	0:00:12.150508
8060	161	161	0.131	1	0:00:12.140185
8080	161	-1	0.0	0	0:00:12.099011
8100	162	162	0.753	1	0:00:12.631058
8120	162	241	0.00489	0	0:00:12.432694
8140	162	162	0.68	1	0:00:12.418507
8160	163	-1	0.0	0	0:00:12.491866
8180	163	281	0.234	0	0:00:12.423659
8200	164	-1	0.0	0	0:00:12.468652
8220	164	-1	0.0	0	0:00:12.438169
8240	164	164	0.778	1	0:00:12.470521
8260	165	246	0.047	0	0:00:12.450831
8280	165	166	0.0879	0	0:00:12.565218
8300	166	162	0.467	0	0:00:12.508228
8320	166	162	0.336	0	0:00:12.375551
8340	166	162	0.00107	0	0:00:12.479731
8360	167	162	0.0469	0	0:00:12.467400
8380	167	166	0.764	0	0:00:12.452125
8400	168	168	0.0392	1	0:00:12.326770
8420	168	-1	0.0	0	0:00:12.532234
8440	168	168	0.237	1	0:00:12.530734
8460	169	169	0.335	1	0:00:12.412748
8480	169	169	0.667	1	0:00:12.410421
8500	170	172	0.0746	0	0:00:12.459861
8520	170	202	0.291	0	0:00:12.475151
8540	170	203	0.0749	0	0:00:12.434417
8560	171	172	0.185	0	0:00:12.471856
8580	171	-1	0.0	0	0:00:12.410685
8600	172	246	0.234	0	0:00:12.445097
8620	172	172	0.262	1	0:00:12.438195
8640	172	253	0.464	0	0:00:12.427857
8660	173	173	0.687	1	0:00:12.437770
8680	173	172	0.0666	0	0:00:12.461647
8700	174	174	0.373	1	0:00:12.363474
8720	174	174	0.346	1	0:00:13.216823
8740	174	174	0.385	1	0:00:12.760826
8760	175	208	0.102	0	0:00:12.504691
8780	175	-1	0.0	0	0:00:12.184844
8800	176	176	0.214	1	0:00:12.091333
8820	176	171	0.00872	0	0:00:12.068299
8840	176	176	0.351	1	0:00:12.115084
8860	177	-1	0.0	0	0:00:12.082776
8880	177	177	0.169	1	0:00:12.130583
8900	178	178	0.509	1	0:00:12.089149
8920	178	51	0.0429	0	0:00:12.105340
8940	178	178	0.437	1	0:00:12.099893
8960	179	223	0.047	0	0:00:12.082518
8980	179	-1	0.0	0	0:00:12.116440
9000	180	243	0.117	0	0:00:12.126376
9020	180	-1	0.0	0	0:00:11.985564
9040	180	-1	0.0	0	0:00:12.244284
9060	181	-1	0.0	0	0:00:12.246689
9080	181	-1	0.0	0	0:00:12.072548
9100	182	-1	0.0	0	0:00:12.097369
9120	182	-1	0.0	0	0:00:12.093618
9140	182	-1	0.0	0	0:00:12.095299
9160	183	-1	0.0	0	0:00:12.119749
9180	183	197	0.338	0	0:00:12.082824
9200	184	-1	0.0	0	0:00:12.085762
9220	184	827	0.198	0	0:00:12.104608
9240	184	191	0.147	0	0:00:12.111410
9260	185	185	0.649	1	0:00:12.100159
9280	185	185	0.454	1	0:00:12.110951
9300	186	-1	0.0	0	0:00:12.149743
9320	186	189	0.126	0	0:00:12.097709
9340	186	-1	0.0	0	0:00:12.402869
9360	187	-1	0.0	0	0:00:13.249089
9380	187	200	0.303	0	0:00:13.047871
9400	188	-1	0.0	0	0:00:13.006268
9420	188	-1	0.0	0	0:00:13.058946
9440	188	-1	0.0	0	0:00:13.055800
9460	189	-1	0.0	0	0:00:12.954433
9480	189	189	0.61	1	0:00:13.063481
9500	190	190	0.56	1	0:00:13.192352
9520	190	203	0.149	0	0:00:12.556188
9540	190	190	0.475	1	0:00:12.143163
9560	191	191	0.609	1	0:00:12.127496
9580	191	191	0.8	1	0:00:12.115331
9600	192	-1	0.0	0	0:00:12.147295
9620	192	192	0.11	1	0:00:12.085487
9640	192	192	0.0139	1	0:00:12.027883
9660	193	-1	0.0	0	0:00:12.141229
9680	193	-1	0.0	0	0:00:12.218987
9700	194	-1	0.0	0	0:00:12.127620
9720	194	200	6.26e-05	0	0:00:12.112965
9740	194	194	0.295	1	0:00:12.142786
9760	195	195	0.743	1	0:00:12.121615
9780	195	195	0.8	1	0:00:12.132773
9800	196	199	0.778	0	0:00:12.096457
9820	196	196	0.735	1	0:00:12.136602
9840	196	198	0.764	0	0:00:12.122303
9860	197	199	0.235	0	0:00:12.127136
9880	197	-1	0.0	0	0:00:12.122195
9900	198	-1	0.0	0	0:00:12.143532
9920	198	198	0.527	1	0:00:12.122158
9940	198	-1	0.0	0	0:00:12.127912
9960	199	203	0.8	0	0:00:12.444518
9980	199	199	0.579	1	0:00:13.056647
10000	200	200	0.0352	1	0:00:12.991643
10020	200	202	0.375	0	0:00:12.902854
10040	200	155	0.509	0	0:00:12.830555
10060	201	201	0.356	1	0:00:12.610966
10080	201	-1	0.0	0	0:00:12.399061
10100	202	202	0.53	1	0:00:12.154323
10120	202	202	0.0819	1	0:00:12.143639
10140	202	202	0.219	1	0:00:12.115252
10160	203	-1	0.0	0	0:00:12.144621
10180	203	203	0.623	1	0:00:12.117446
10200	204	155	0.489	0	0:00:12.141404
10220	204	153	0.117	0	0:00:12.124157
10240	204	155	0.444	0	0:00:12.131703
10260	205	205	0.202	1	0:00:12.041726
10280	205	205	0.296	1	0:00:12.143331
10300	206	206	0.468	1	0:00:12.292929
10320	206	206	0.11	1	0:00:12.096894
10340	206	206	0.445	1	0:00:12.128778
10360	207	207	0.262	1	0:00:12.134060
10380	207	213	0.266	0	0:00:12.071886
10400	208	208	0.628	1	0:00:12.110465
10420	208	208	0.263	1	0:00:12.109378
10440	208	205	0.12	0	0:00:12.133047
10460	209	209	0.278	1	0:00:12.120453
10480	209	-1	0.0	0	0:00:12.120186
10500	210	208	0.224	0	0:00:12.127581
10520	210	210	0.267	1	0:00:12.105749
10540	210	210	0.8	1	0:00:12.120709
10560	211	227	0.00238	0	0:00:12.121859
10580	211	-1	0.0	0	0:00:12.349066
10600	212	212	0.0884	1	0:00:13.117723
10620	212	-1	0.0	0	0:00:12.904060
10640	212	212	0.705	1	0:00:12.873559
10660	213	213	0.721	1	0:00:12.883295
10680	213	-1	0.0	0	0:00:12.929003
10700	214	214	0.298	1	0:00:12.948729
10720	214	214	0.0793	1	0:00:12.882933
10740	214	214	0.404	1	0:00:12.861012
10760	215	208	0.219	0	0:00:12.845067
10780	215	216	0.00125	0	0:00:12.860790
10800	216	-1	0.0	0	0:00:12.922310
10820	216	216	0.68	1	0:00:12.909389
10840	216	212	0.172	0	0:00:12.438327
10860	217	217	0.664	1	0:00:12.159035
10880	217	217	0.764	1	0:00:12.071036
10900	218	218	0.764	1	0:00:12.094808
10920	218	218	0.612	1	0:00:12.257363
10940	218	218	0.696	1	0:00:12.167081
10960	219	219	0.212	1	0:00:12.137178
10980	219	-1	0.0	0	0:00:12.099495
11000	220	220	0.7	1	0:00:12.133980
11020	220	219	0.297	0	0:00:12.110051
11040	220	220	0.369	1	0:00:12.116129
11060	221	206	0.354	0	0:00:12.181627
11080	221	-1	0.0	0	0:00:12.119858
11100	222	270	0.0803	0	0:00:12.107579
11120	222	169	0.0205	0	0:00:12.112972
11140	222	222	0.286	1	0:00:12.126344
11160	223	-1	0.0	0	0:00:12.086019
11180	223	224	0.0116	0	0:00:12.099595
11200	224	197	0.194	0	0:00:12.246958
11220	224	224	0.404	1	0:00:12.343306
11240	224	224	0.348	1	0:00:12.196262
11260	225	225	0.0849	1	0:00:12.093845
11280	225	225	0.8	1	0:00:12.104767
11300	226	160	0.15	0	0:00:12.133019
11320	226	226	0.616	1	0:00:12.128974
11340	226	199	0.0574	0	0:00:12.090560
11360	227	227	0.132	1	0:00:12.136070
11380	227	227	0.523	1	0:00:12.123362
11400	228	228	0.382	1	0:00:12.140114
11420	228	228	0.8	1	0:00:12.151931
11440	228	228	0.8	1	0:00:12.188078
11460	229	229	0.55	1	0:00:12.112772
11480	229	229	0.8	1	0:00:12.123689
11500	230	230	0.0881	1	0:00:12.033641
11520	230	230	0.384	1	0:00:12.085518
11540	230	230	0.8	1	0:00:12.212649
11560	231	230	0.569	0	0:00:12.099396
11580	231	231	0.337	1	0:00:12.078833
11600	232	232	0.654	1	0:00:12.119998
11620	232	152	0.1	0	0:00:12.101568
11640	232	232	0.435	1	0:00:12.098132
11660	233	-1	0.0	0	0:00:12.080572
11680	233	-1	0.0	0	0:00:12.097961
11700	234	-1	0.0	0	0:00:12.083741
11720	234	234	0.418	1	0:00:12.123364
11740	234	234	0.621	1	0:00:12.122836
11760	235	235	0.307	1	0:00:12.107523
11780	235	234	0.235	0	0:00:12.112569
11800	236	234	0.0298	0	0:00:12.094184
11820	236	236	0.764	1	0:00:12.253026
11840	236	234	0.183	0	0:00:13.082618
11860	237	237	0.8	1	0:00:12.836599
11880	237	165	0.0787	0	0:00:12.737329
11900	238	241	0.344	0	0:00:12.828370
11920	238	238	0.247	1	0:00:12.832436
11940	238	238	0.185	1	0:00:12.721162
11960	239	217	0.0117	0	0:00:12.813781
11980	239	-1	0.0	0	0:00:12.811638
12000	240	238	0.423	0	0:00:12.833719
12020	240	241	0.0644	0	0:00:12.879961
12040	240	238	0.177	0	0:00:12.889426
12060	241	241	0.8	1	0:00:13.266571
12080	241	241	0.654	1	0:00:12.822280
12100	242	172	0.264	0	0:00:12.630779
12120	242	172	0.135	0	0:00:12.314821
12140	242	180	0.0189	0	0:00:12.102595
12160	243	243	0.401	1	0:00:12.225694
12180	243	243	0.00226	1	0:00:12.076561
12200	244	244	0.8	1	0:00:12.096763
12220	244	244	0.687	1	0:00:12.089703
12240	244	244	0.8	1	0:00:12.112028
12260	245	245	0.743	1	0:00:12.118763
12280	245	245	0.263	1	0:00:12.141154
12300	246	-1	0.0	0	0:00:12.111508
12320	246	-1	0.0	0	0:00:12.119958
12340	246	-1	0.0	0	0:00:12.091611
12360	247	247	0.314	1	0:00:12.119228
12380	247	-1	0.0	0	0:00:12.127157
12400	248	248	0.335	1	0:00:12.162802
12420	248	249	0.088	0	0:00:12.106855
12440	248	248	0.15	1	0:00:12.296795
12460	249	249	0.728	1	0:00:12.336655
12480	249	-1	0.0	0	0:00:12.130874
12500	250	-1	0.0	0	0:00:12.111000
12520	250	250	0.284	1	0:00:12.128038
12540	250	248	0.163	0	0:00:12.111455
12560	251	251	0.8	1	0:00:12.105013
12580	251	251	0.764	1	0:00:12.136889
12600	252	-1	0.0	0	0:00:12.102193
12620	252	256	0.214	0	0:00:12.107256
12640	252	252	0.0506	1	0:00:12.104973
12660	253	253	0.308	1	0:00:12.088168
12680	253	253	0.192	1	0:00:12.096296
12700	254	254	0.146	1	0:00:12.132243
12720	254	254	0.673	1	0:00:12.118075
12740	254	254	0.535	1	0:00:12.067121
12760	255	255	0.8	1	0:00:12.349055
12780	255	255	0.8	1	0:00:12.103484
12800	256	256	0.601	1	0:00:12.122140
12820	256	221	0.122	0	0:00:12.127752
12840	256	256	0.0922	1	0:00:12.113302
12860	257	-1	0.0	0	0:00:12.103132
12880	257	257	0.0694	1	0:00:12.120689
12900	258	258	0.389	1	0:00:12.093584
12920	258	-1	0.0	0	0:00:12.123126
12940	258	169	0.371	0	0:00:12.119435
12960	259	259	0.354	1	0:00:12.092906
12980	259	259	0.0845	1	0:00:12.088472
13000	260	260	0.728	1	0:00:12.106045
13020	260	260	0.8	1	0:00:12.071333
13040	260	-1	0.0	0	0:00:12.135880
13060	261	-1	0.0	0	0:00:12.280808
13080	261	261	0.183	1	0:00:12.359932
13100	262	262	0.8	1	0:00:12.086948
13120	262	262	0.441	1	0:00:12.117866
13140	262	-1	0.0	0	0:00:12.098395
13160	263	-1	0.0	0	0:00:12.076528
13180	263	264	0.134	0	0:00:12.116986
13200	264	264	0.626	1	0:00:12.103048
13220	264	264	0.0112	1	0:00:12.100565
13240	264	264	0.687	1	0:00:12.102249
13260	265	265	0.043	1	0:00:12.146441
13280	265	-1	0.0	0	0:00:12.103611
13300	266	-1	0.0	0	0:00:12.097527
13320	266	266	0.00947	1	0:00:12.106938
13340	266	265	0.0256	0	0:00:12.111503
13360	267	267	0.63	1	0:00:12.059664
13380	267	267	0.174	1	0:00:12.219478
13400	268	268	0.334	1	0:00:12.336711
13420	268	-1	0.0	0	0:00:12.110394
13440	268	-1	0.0	0	0:00:12.113910
13460	269	269	0.00602	1	0:00:12.104281
13480	269	-1	0.0	0	0:00:12.094978
13500	270	270	0.588	1	0:00:12.122336
13520	270	270	0.464	1	0:00:12.102125
13540	270	258	0.0725	0	0:00:12.121281
13560	271	271	0.609	1	0:00:12.094098
13580	271	273	0.0696	0	0:00:12.125504
13600	272	274	0.00251	0	0:00:12.109727
13620	272	272	0.511	1	0:00:12.146323
13640	272	291	0.0388	0	0:00:12.120785
13660	273	273	0.241	1	0:00:12.097012
13680	273	273	0.378	1	0:00:12.925576
13700	274	-1	0.0	0	0:00:13.045724
13720	274	-1	0.0	0	0:00:12.910024
13740	274	277	0.0958	0	0:00:12.976978
13760	275	275	0.8	1	0:00:12.660904
13780	275	275	0.8	1	0:00:12.364151
13800	276	276	0.8	1	0:00:12.153589
13820	276	276	0.8	1	0:00:12.127230
13840	276	276	0.273	1	0:00:12.125043
13860	277	277	0.517	1	0:00:12.141501
13880	277	273	0.0813	0	0:00:12.128498
13900	278	277	0.0783	0	0:00:12.133573
13920	278	-1	0.0	0	0:00:12.142011
13940	278	277	0.231	0	0:00:12.065484
13960	279	279	0.327	1	0:00:12.092770
13980	279	222	0.177	0	0:00:12.042531
14000	280	280	0.8	1	0:00:12.236496
14020	280	280	0.667	1	0:00:12.078661
14040	280	280	0.442	1	0:00:12.101081
14060	281	281	0.743	1	0:00:12.102578
14080	281	281	0.447	1	0:00:12.092175
14100	282	285	0.358	0	0:00:12.120435
14120	282	292	0.138	0	0:00:12.093193
14140	282	281	0.251	0	0:00:12.102962
14160	283	258	0.227	0	0:00:12.107420
14180	283	283	0.753	1	0:00:12.092028
14200	284	284	0.8	1	0:00:12.089067
14220	284	285	0.715	0	0:00:12.058210
14240	284	284	0.764	1	0:00:12.093731
14260	285	285	0.129	1	0:00:12.128937
14280	285	285	0.241	1	0:00:12.102852
14300	286	286	0.8	1	0:00:12.250872
14320	286	286	0.778	1	0:00:12.243413
14340	286	500	0.0967	0	0:00:12.125919
14360	287	287	0.8	1	0:00:12.100268
14380	287	293	0.753	0	0:00:12.103045
14400	288	288	0.102	1	0:00:12.094568
14420	288	290	0.509	0	0:00:12.116934
14440	288	288	0.705	1	0:00:12.125426
14460	289	289	0.455	1	0:00:12.106479
14480	289	289	0.00872	1	0:00:12.112074
14500	290	290	0.7	1	0:00:12.116956
14520	290	290	0.226	1	0:00:12.151894
14540	290	290	0.8	1	0:00:12.123450
14560	291	291	0.117	1	0:00:12.096332
14580	291	291	0.8	1	0:00:12.122068
14600	292	290	0.548	0	0:00:12.130068
14620	292	292	0.253	1	0:00:12.223403
14640	292	292	0.8	1	0:00:12.124515
14660	293	293	0.8	1	0:00:12.107874
14680	293	293	0.8	1	0:00:12.133273
14700	294	294	0.696	1	0:00:12.115318
14720	294	294	0.406	1	0:00:12.124579
14740	294	294	0.308	1	0:00:12.095482
14760	295	295	0.498	1	0:00:12.045481
14780	295	295	0.8	1	0:00:12.088877
14800	296	296	0.295	1	0:00:12.126444
14820	296	296	0.557	1	0:00:12.105693
14840	296	-1	0.0	0	0:00:12.099791
14860	297	-1	0.0	0	0:00:12.101485
14880	297	297	0.8	1	0:00:12.106127
14900	298	-1	0.0	0	0:00:12.074536
14920	298	298	0.3	1	0:00:12.224248
14940	298	-1	0.0	0	0:00:12.455529
14960	299	299	0.161	1	0:00:12.679910
14980	299	-1	0.0	0	0:00:12.648638
15000	300	300	0.8	1	0:00:12.666064
15020	300	300	0.536	1	0:00:12.730004
15040	300	-1	0.0	0	0:00:12.704318
15060	301	301	0.466	1	0:00:12.719196
15080	301	301	0.764	1	0:00:12.663578
15100	302	314	0.198	0	0:00:12.710847
15120	302	300	0.8	0	0:00:13.005174
15140	302	308	0.31	0	0:00:12.651556
15160	303	-1	0.0	0	0:00:12.334696
15180	303	303	0.0494	1	0:00:12.060369
15200	304	301	0.413	0	0:00:12.120241
15220	304	25	0.333	0	0:00:12.123229
15240	304	303	0.276	0	0:00:12.222566
15260	305	305	0.534	1	0:00:12.124519
15280	305	305	0.473	1	0:00:12.132291
15300	306	306	0.551	1	0:00:12.110980
15320	306	306	0.151	1	0:00:12.099688
15340	306	306	0.778	1	0:00:12.094230
15360	307	-1	0.0	0	0:00:12.104705
15380	307	303	0.137	0	0:00:12.102511
15400	308	308	0.67	1	0:00:12.083035
15420	308	308	0.623	1	0:00:12.139541
15440	308	308	0.358	1	0:00:12.110295
15460	309	316	0.15	0	0:00:12.092935
15480	309	309	0.764	1	0:00:12.078053
15500	310	310	0.8	1	0:00:12.105414
15520	310	-1	0.0	0	0:00:12.093956
15540	310	310	0.592	1	0:00:12.174555
15560	311	-1	0.0	0	0:00:12.231153
15580	311	312	0.595	0	0:00:12.089947
15600	312	-1	0.0	0	0:00:12.102819
15620	312	312	0.71	1	0:00:12.083830
15640	312	312	0.196	1	0:00:12.097509
15660	313	313	0.8	1	0:00:12.065902
15680	313	311	0.0453	0	0:00:12.107100
15700	314	314	0.258	1	0:00:12.098475
15720	314	310	0.0145	0	0:00:12.117704
15740	314	314	0.0983	1	0:00:12.097411
15760	315	945	0.14	0	0:00:12.131845
15780	315	-1	0.0	0	0:00:12.106719
15800	316	316	0.251	1	0:00:12.066398
15820	316	316	0.8	1	0:00:12.101974
15840	316	78	0.0287	0	0:00:12.097318
15860	317	317	0.8	1	0:00:12.774462
15880	317	317	0.8	1	0:00:12.657103
15900	318	308	0.0225	0	0:00:12.578397
15920	318	318	0.323	1	0:00:12.624419
15940	318	318	0.284	1	0:00:12.642309
15960	319	-1	0.0	0	0:00:12.580265
15980	319	319	0.131	1	0:00:12.610469
16000	320	320	0.8	1	0:00:12.552681
16020	320	320	0.8	1	0:00:12.602453
16040	320	59	0.101	0	0:00:12.647445
16060	321	321	0.236	1	0:00:12.612054
16080	321	321	0.8	1	0:00:12.660415
16100	322	-1	0.0	0	0:00:12.620773
16120	322	322	0.691	1	0:00:12.638560
16140	322	-1	0.0	0	0:00:12.541125
16160	323	323	0.8	1	0:00:12.383828
16180	323	323	0.8	1	0:00:13.110618
16200	324	324	0.442	1	0:00:13.007374
16220	324	985	0.634	0	0:00:13.015946
16240	324	325	0.0724	0	0:00:13.000238
16260	325	325	0.8	1	0:00:12.645234
16280	325	-1	0.0	0	0:00:12.374478
16300	326	326	0.71	1	0:00:12.079741
16320	326	321	0.117	0	0:00:12.119289
16340	326	326	0.764	1	0:00:12.038636
16360	327	327	0.8	1	0:00:12.109177
16380	327	327	0.684	1	0:00:12.088572
16400	328	328	0.418	1	0:00:12.095990
16420	328	328	0.8	1	0:00:12.088066
16440	328	-1	0.0	0	0:00:12.111358
16460	329	973	0.0204	0	0:00:12.105927
16480	329	329	0.21	1	0:00:12.183187
16500	330	330	0.1	1	0:00:12.144739
16520	330	330	0.225	1	0:00:12.147264
16540	330	331	0.13	0	0:00:12.138931
16560	331	331	0.764	1	0:00:12.108189
16580	331	331	0.778	1	0:00:12.092030
16600	332	-1	0.0	0	0:00:12.088195
16620	332	284	0.0515	0	0:00:12.089966
16640	332	332	0.16	1	0:00:12.089938
16660	333	333	0.8	1	0:00:12.091393
16680	333	333	0.471	1	0:00:12.125912
16700	334	334	0.743	1	0:00:12.110960
16720	334	334	0.462	1	0:00:12.112257
16740	334	-1	0.0	0	0:00:12.106800
16760	335	-1	0.0	0	0:00:12.146213
16780	335	335	0.0436	1	0:00:12.284667
16800	336	336	0.258	1	0:00:12.198114
16820	336	336	0.152	1	0:00:12.157664
16840	336	336	0.414	1	0:00:12.094312
16860	337	337	0.26	1	0:00:12.083823
16880	337	337	0.625	1	0:00:12.079083
16900	338	-1	0.0	0	0:00:12.093508
16920	338	338	0.0343	1	0:00:12.100056
16940	338	-1	0.0	0	0:00:12.088189
16960	339	339	0.586	1	0:00:12.119998
16980	339	603	0.182	0	0:00:12.120627
17000	340	340	0.8	1	0:00:12.117149
17020	340	340	0.8	1	0:00:12.123730
17040	340	340	0.8	1	0:00:12.106914
17060	341	-1	0.0	0	0:00:12.127070
17080	341	-1	0.0	0	0:00:12.120405
17100	342	269	0.104	0	0:00:12.201067
17120	342	-1	0.0	0	0:00:12.087769
17140	342	342	0.476	1	0:00:12.103453
17160	343	-1	0.0	0	0:00:12.128972
17180	343	343	0.059	1	0:00:12.110615
17200	344	344	0.167	1	0:00:12.143191
17220	344	690	0.482	0	0:00:12.092630
17240	344	344	0.394	1	0:00:12.128348
17260	345	690	0.316	0	0:00:12.115537
17280	345	345	0.0833	1	0:00:12.092657
17300	346	-1	0.0	0	0:00:12.084810
17320	346	346	0.556	1	0:00:12.121799
17340	346	346	0.8	1	0:00:12.091479
17360	347	-1	0.0	0	0:00:12.128645
17380	347	347	0.8	1	0:00:12.122416
17400	348	350	0.162	0	0:00:12.189970
17420	348	-1	0.0	0	0:00:12.198292
17440	348	349	0.315	0	0:00:12.096606
17460	349	349	0.132	1	0:00:12.089817
17480	349	349	0.7	1	0:00:12.099501
17500	350	350	0.8	1	0:00:12.129868
17520	350	350	0.8	1	0:00:12.111516
17540	350	350	0.735	1	0:00:12.114955
17560	351	351	0.153	1	0:00:12.130166
17580	351	351	0.8	1	0:00:12.110514
17600	352	352	0.361	1	0:00:12.104990
17620	352	352	0.382	1	0:00:12.124179
17640	352	352	0.356	1	0:00:12.138790
17660	353	-1	0.0	0	0:00:12.123873
17680	353	352	0.125	0	0:00:12.153181
17700	354	354	0.553	1	0:00:12.109440
17720	354	354	0.412	1	0:00:12.194803
17740	354	354	0.222	1	0:00:12.123564
17760	355	355	0.8	1	0:00:12.116881
17780	355	355	0.735	1	0:00:12.120232
17800	356	-1	0.0	0	0:00:12.147010
17820	356	360	0.376	0	0:00:12.115872
17840	356	362	0.422	0	0:00:12.131481
17860	357	-1	0.0	0	0:00:12.090379
17880	357	103	0.129	0	0:00:12.089469
17900	358	359	0.151	0	0:00:12.110636
17920	358	356	0.233	0	0:00:12.102124
17940	358	358	0.245	1	0:00:12.094838
17960	359	359	0.264	1	0:00:12.138651
17980	359	-1	0.0	0	0:00:12.115567
18000	360	360	0.208	1	0:00:12.133802
18020	360	-1	0.0	0	0:00:12.179588
18040	360	357	0.417	0	0:00:12.669895
18060	361	361	0.621	1	0:00:12.549166
18080	361	223	0.211	0	0:00:12.511437
18100	362	362	0.632	1	0:00:12.549996
18120	362	-1	0.0	0	0:00:12.542424
18140	362	362	0.8	1	0:00:12.574847
18160	363	363	0.764	1	0:00:12.563532
18180	363	363	0.8	1	0:00:12.562530
18200	364	-1	0.0	0	0:00:12.495678
18220	364	364	0.193	1	0:00:12.519708
18240	364	364	0.441	1	0:00:12.501137
18260	365	365	0.356	1	0:00:12.577890
18280	365	365	0.372	1	0:00:12.499092
18300	366	-1	0.0	0	0:00:12.526464
18320	366	366	0.315	1	0:00:12.515540
18340	366	366	0.395	1	0:00:12.464904
18360	367	367	0.0531	1	0:00:13.169039
18380	367	-1	0.0	0	0:00:13.138420
18400	368	368	0.512	1	0:00:13.090502
18420	368	368	0.439	1	0:00:13.148382
18440	368	368	0.458	1	0:00:13.016989
18460	369	-1	0.0	0	0:00:13.166956
18480	369	369	0.0796	1	0:00:13.075722
18500	370	370	0.8	1	0:00:13.142245
18520	370	370	0.0212	1	0:00:13.114142
18540	370	370	0.0346	1	0:00:13.070665
18560	371	372	0.285	0	0:00:13.122470
18580	371	371	0.696	1	0:00:13.126054
18600	372	372	0.147	1	0:00:13.095953
18620	372	373	0.159	0	0:00:13.074089
18640	372	372	0.305	1	0:00:13.108645
18660	373	-1	0.0	0	0:00:12.744497
18680	373	378	0.0415	0	0:00:12.291608
18700	374	-1	0.0	0	0:00:12.080820
18720	374	374	0.355	1	0:00:12.121895
18740	374	382	0.721	0	0:00:12.120124
18760	375	375	0.8	1	0:00:12.130718
18780	375	375	0.626	1	0:00:12.113242
18800	376	376	0.297	1	0:00:12.105826
18820	376	376	0.104	1	0:00:12.093712
18840	376	376	0.8	1	0:00:12.078518
18860	377	377	0.582	1	0:00:12.057598
18880	377	382	0.64	0	0:00:12.102740
18900	378	372	0.0793	0	0:00:12.061997
18920	378	-1	0.0	0	0:00:12.137983
18940	378	378	0.338	1	0:00:12.073788
18960	379	380	0.0166	0	0:00:12.123881
18980	379	379	0.705	1	0:00:12.057555
19000	380	380	0.247	1	0:00:12.116124
19020	380	380	0.273	1	0:00:12.114515
19040	380	-1	0.0	0	0:00:12.094369
19060	381	381	0.249	1	0:00:12.133519
19080	381	-1	0.0	0	0:00:12.128598
19100	382	382	0.8	1	0:00:12.122062
19120	382	382	0.565	1	0:00:12.146296
19140	382	380	0.0714	0	0:00:12.115400
19160	383	383	0.8	1	0:00:12.117240
19180	383	383	0.0608	1	0:00:12.133650
19200	384	384	0.451	1	0:00:12.063064
19220	384	369	0.0953	0	0:00:12.063417
19240	384	384	0.575	1	0:00:12.082848
19260	385	385	0.23	1	0:00:12.204194
19280	385	385	0.179	1	0:00:13.261025
19300	386	101	0.242	0	0:00:13.144910
19320	386	101	0.8	0	0:00:13.155547
19340	386	101	0.302	0	0:00:13.209007
19360	387	387	0.8	1	0:00:13.123463
19380	387	387	0.684	1	0:00:13.160862
19400	388	388	0.449	1	0:00:13.247232
19420	388	388	0.8	1	0:00:13.225669
19440	388	388	0.43	1	0:00:13.208442
19460	389	2	0.441	0	0:00:13.228332
19480	389	389	0.206	1	0:00:13.210772
19500	390	390	0.609	1	0:00:13.253309
19520	390	390	0.609	1	0:00:13.093426
19540	390	6	0.0805	0	0:00:13.208457
19560	391	391	0.301	1	0:00:12.450362
19580	391	97	0.0255	0	0:00:12.605415
19600	392	397	0.301	0	0:00:12.437712
19620	392	392	0.778	1	0:00:12.499805
19640	392	392	0.8	1	0:00:12.417058
19660	393	107	0.0231	0	0:00:12.383972
19680	393	393	0.8	1	0:00:12.432215
19700	394	-1	0.0	0	0:00:12.446887
19720	394	103	0.233	0	0:00:12.411427
19740	394	149	0.485	0	0:00:12.396198
19760	395	395	0.508	1	0:00:12.395745
19780	395	395	0.229	1	0:00:12.461141
19800	396	396	0.8	1	0:00:12.373192
19820	396	396	0.8	1	0:00:12.507389
19840	396	396	0.8	1	0:00:12.470776
19860	397	-1	0.0	0	0:00:12.398984
19880	397	397	0.8	1	0:00:12.525901
19900	398	-1	0.0	0	0:00:13.285612
19920	398	398	0.548	1	0:00:13.154748
19940	398	784	0.542	0	0:00:13.121755
19960	399	399	0.187	1	0:00:13.179321
19980	399	399	0.8	1	0:00:13.260937
20000	400	-1	0.0	0	0:00:13.191952
20020	400	400	0.425	1	0:00:13.182705
20040	400	667	0.283	0	0:00:13.226841
20060	401	401	0.501	1	0:00:13.131872
20080	401	687	0.161	0	0:00:13.270646
20100	402	546	0.166	0	0:00:13.093693
20120	402	-1	0.0	0	0:00:13.245328
20140	402	546	0.195	0	0:00:13.198268
20160	403	403	0.8	1	0:00:12.541754
20180	403	403	0.5	1	0:00:12.454998
20200	404	404	0.778	1	0:00:12.264501
20220	404	404	0.504	1	0:00:12.091314
20240	404	895	0.67	0	0:00:12.089309
20260	405	405	0.753	1	0:00:12.115600
20280	405	405	0.8	1	0:00:12.116445
20300	406	406	0.354	1	0:00:12.107694
20320	406	857	0.677	0	0:00:12.063488
20340	406	406	0.728	1	0:00:12.081379
20360	407	407	0.8	1	0:00:12.078077
20380	407	407	0.8	1	0:00:12.055330
20400	408	847	0.705	0	0:00:12.042020
20420	408	408	0.176	1	0:00:12.091572
20440	408	408	0.0488	1	0:00:12.053972
20460	409	442	0.778	0	0:00:12.062736
20480	409	409	0.374	1	0:00:11.968837
20500	410	-1	0.0	0	0:00:12.264404
20520	410	410	0.735	1	0:00:12.085033
20540	410	-1	0.0	0	0:00:12.021014
20560	411	411	0.351	1	0:00:12.120843
20580	411	614	0.195	0	0:00:12.083997
20600	412	-1	0.0	0	0:00:12.120992
20620	412	412	0.276	1	0:00:12.100410
20640	412	412	0.604	1	0:00:12.097914
20660	413	413	0.415	1	0:00:12.153357
20680	413	-1	0.0	0	0:00:12.104624
20700	414	414	0.387	1	0:00:12.083070
20720	414	413	0.369	0	0:00:12.101622
20740	414	869	0.205	0	0:00:12.083020
20760	415	857	0.0233	0	0:00:12.078091
20780	415	928	0.349	0	0:00:12.017802
20800	416	416	0.8	1	0:00:12.097860
20820	416	416	0.155	1	0:00:12.211035
20840	416	416	0.67	1	0:00:12.113811
20860	417	417	0.8	1	0:00:12.123193
20880	417	417	0.667	1	0:00:12.132178
20900	418	563	0.618	0	0:00:12.128036
20920	418	795	0.0905	0	0:00:12.119204
20940	418	542	0.778	0	0:00:12.123026
20960	419	-1	0.0	0	0:00:12.105195
20980	419	419	0.262	1	0:00:12.080030
21000	420	-1	0.0	0	0:00:12.133722
21020	420	-1	0.0	0	0:00:12.127004
21040	420	-1	0.0	0	0:00:12.091341
21060	421	421	0.247	1	0:00:12.078077
21080	421	466	0.15	0	0:00:12.109566
21100	422	-1	0.0	0	0:00:11.986868
21120	422	422	0.33	1	0:00:12.243757
21140	422	422	0.647	1	0:00:12.126573
21160	423	423	0.58	1	0:00:12.116429
21180	423	-1	0.0	0	0:00:12.087322
21200	424	-1	0.0	0	0:00:12.103680
21220	424	439	0.0694	0	0:00:12.122838
21240	424	-1	0.0	0	0:00:12.116038
21260	425	915	0.0974	0	0:00:12.119215
21280	425	377	0.171	0	0:00:12.089149
21300	426	426	0.8	1	0:00:12.106864
21320	426	426	0.696	1	0:00:12.050225
21340	426	426	0.8	1	0:00:12.083032
21360	427	427	0.778	1	0:00:12.084287
21380	427	885	0.162	0	0:00:12.085161
21400	428	428	0.367	1	0:00:12.011095
21420	428	792	0.457	0	0:00:12.046687
21440	428	579	0.262	0	0:00:12.236887
21460	429	429	0.8	1	0:00:12.084397
21480	429	429	0.8	1	0:00:12.091639
21500	430	430	0.334	1	0:00:12.075509
21520	430	430	0.0312	1	0:00:12.111465
21540	430	-1	0.0	0	0:00:12.107538
21560	431	431	0.445	1	0:00:12.130872
21580	431	431	0.8	1	0:00:12.121458
21600	432	432	0.8	1	0:00:12.114699
21620	432	432	0.8	1	0:00:12.155144
21640	432	-1	0.0	0	0:00:12.140511
21660	433	433	0.199	1	0:00:12.109707
21680	433	433	0.8	1	0:00:12.111073
21700	434	-1	0.0	0	0:00:12.077899
21720	434	793	0.3	0	0:00:11.951587
21740	434	434	0.531	1	0:00:12.230800
21760	435	-1	0.0	0	0:00:12.053841
21780	435	435	0.323	1	0:00:12.080898
21800	436	436	0.056	1	0:00:12.067924
21820	436	436	0.735	1	0:00:12.082156
21840	436	436	0.0232	1	0:00:12.079139
21860	437	980	0.254	0	0:00:12.105593
21880	437	833	0.144	0	0:00:12.052676
21900	438	438	0.502	1	0:00:12.111288
21920	438	845	0.0281	0	0:00:12.100401
21940	438	957	0.295	0	0:00:12.074458
21960	439	439	0.8	1	0:00:12.083269
21980	439	541	0.279	0	0:00:12.129198
22000	440	-1	0.0	0	0:00:12.115115
22020	440	-1	0.0	0	0:00:12.048359
22040	440	440	0.8	1	0:00:12.140512
22060	441	441	0.8	1	0:00:12.243809
22080	441	441	0.778	1	0:00:12.111885
22100	442	442	0.764	1	0:00:12.123746
22120	442	442	0.122	1	0:00:12.155029
22140	442	-1	0.0	0	0:00:12.127297
22160	443	-1	0.0	0	0:00:12.096663
22180	443	443	0.00903	1	0:00:12.097247
22200	444	-1	0.0	0	0:00:12.076292
22220	444	444	0.778	1	0:00:12.108407
22240	444	444	0.687	1	0:00:12.114012
22260	445	445	0.357	1	0:00:12.108500
22280	445	445	0.616	1	0:00:12.138525
22300	446	446	0.519	1	0:00:12.064618
22320	446	-1	0.0	0	0:00:12.106991
22340	446	478	0.566	0	0:00:12.018080
22360	447	447	0.472	1	0:00:12.226736
22380	447	-1	0.0	0	0:00:12.116169
22400	448	-1	0.0	0	0:00:12.090634
22420	448	448	0.8	1	0:00:12.102400
22440	448	448	0.8	1	0:00:12.124352
22460	449	449	0.705	1	0:00:12.109394
22480	449	449	0.265	1	0:00:12.111900
22500	450	450	0.0657	1	0:00:12.122002
22520	450	450	0.8	1	0:00:12.108098
22540	450	450	0.357	1	0:00:12.144822
22560	451	451	0.127	1	0:00:12.103588
22580	451	451	0.764	1	0:00:12.127450
22600	452	452	0.042	1	0:00:12.137256
22620	452	-1	0.0	0	0:00:12.112224
22640	452	496	0.434	0	0:00:12.016397
22660	453	453	0.8	1	0:00:12.090797
22680	453	453	0.8	1	0:00:12.354893
22700	454	454	0.427	1	0:00:12.145082
22720	454	454	0.479	1	0:00:12.114179
22740	454	781	0.292	0	0:00:12.082068
22760	455	455	0.8	1	0:00:12.095144
22780	455	611	0.211	0	0:00:12.091409
22800	456	522	0.422	0	0:00:12.052741
22820	456	456	0.00313	1	0:00:12.064858
22840	456	843	0.163	0	0:00:12.086522
22860	457	906	0.469	0	0:00:12.078233
22880	457	515	0.216	0	0:00:12.085199
22900	458	458	0.0383	1	0:00:12.094610
22920	458	458	0.8	1	0:00:12.068181
22940	458	458	0.623	1	0:00:12.110630
22960	459	445	0.279	0	0:00:11.993989
22980	459	459	0.42	1	0:00:12.220159
23000	460	976	0.19	0	0:00:11.766997
23020	460	-1	0.0	0	0:00:06.223018
23040	460	460	0.367	1	0:00:06.205575
23060	461	995	0.012	0	0:00:06.190385
23080	461	787	0.601	0	0:00:06.202415
23100	462	500	0.483	0	0:00:06.207855
23120	462	462	0.778	1	0:00:06.195801
23140	462	462	0.347	1	0:00:06.213530
23160	463	463	0.0397	1	0:00:06.217909
23180	463	-1	0.0	0	0:00:06.220109
23200	464	674	0.364	0	0:00:06.205881
23220	464	-1	0.0	0	0:00:06.212141
23240	464	464	0.333	1	0:00:06.203856
23260	465	610	0.242	0	0:00:06.200674
23280	465	830	0.232	0	0:00:06.216123
23300	466	466	0.59	1	0:00:06.327587
23320	466	466	0.8	1	0:00:06.209499
23340	466	466	0.445	1	0:00:06.202414
23360	467	467	0.8	1	0:00:06.214593
23380	467	467	0.609	1	0:00:06.208951
23400	468	468	0.8	1	0:00:06.197788
23420	468	468	0.8	1	0:00:06.214072
23440	468	609	0.253	0	0:00:06.213883
23460	469	469	0.8	1	0:00:06.212436
23480	469	935	0.0934	0	0:00:06.213416
23500	470	-1	0.0	0	0:00:06.210801
23520	470	-1	0.0	0	0:00:06.190780
23540	470	865	0.274	0	0:00:06.214341
23560	471	920	0.344	0	0:00:06.204823
23580	471	603	0.1	0	0:00:06.207646
23600	472	472	0.8	1	0:00:06.326202
23620	472	472	0.556	1	0:00:06.332882
23640	472	472	0.182	1	0:00:06.220622
23660	473	-1	0.0	0	0:00:06.212258
23680	473	777	0.545	0	0:00:06.210209
23700	474	735	0.0153	0	0:00:06.213337
23720	474	474	0.342	1	0:00:06.218035
23740	474	568	0.356	0	0:00:06.215096
23760	475	545	0.0525	0	0:00:06.202184
23780	475	475	0.8	1	0:00:06.214689
23800	476	476	0.238	1	0:00:06.214350
23820	476	476	0.8	1	0:00:06.206993
23840	476	476	0.377	1	0:00:06.218058
23860	477	-1	0.0	0	0:00:06.195115
23880	477	477	0.145	1	0:00:06.192588
23900	478	478	0.573	1	0:00:06.204128
23920	478	-1	0.0	0	0:00:06.320729
23940	478	792	0.26	0	0:00:06.209938
23960	479	751	0.0457	0	0:00:06.181089
23980	479	-1	0.0	0	0:00:06.203818
24000	480	860	0.0445	0	0:00:06.208932
24020	480	-1	0.0	0	0:00:06.203275
24040	480	-1	0.0	0	0:00:06.203281
24060	481	-1	0.0	0	0:00:06.217126
24080	481	-1	0.0	0	0:00:06.208272
24100	482	788	0.0708	0	0:00:06.217865
24120	482	482	0.764	1	0:00:06.214069
24140	482	848	0.764	0	0:00:06.217861
24160	483	483	0.715	1	0:00:06.216851
24180	483	698	0.764	0	0:00:06.223673
24200	484	-1	0.0	0	0:00:06.213103
24220	484	484	0.231	1	0:00:06.332754
24240	484	871	0.664	0	0:00:06.331849
24260	485	-1	0.0	0	0:00:06.211454
24280	485	754	0.592	0	0:00:06.221287
24300	486	486	0.539	1	0:00:06.215921
24320	486	486	0.8	1	0:00:06.206900
24340	486	-1	0.0	0	0:00:06.201866
24360	487	487	0.7	1	0:00:06.201959
24380	487	487	0.8	1	0:00:06.201206
24400	488	562	0.29	0	0:00:06.217551
24420	488	488	0.8	1	0:00:06.208428
24440	488	839	0.168	0	0:00:06.210863
24460	489	828	0.0888	0	0:00:06.198716
24480	489	752	0.195	0	0:00:06.216066
24500	490	490	0.556	1	0:00:06.231678
24520	490	490	0.8	1	0:00:06.215063
24540	490	490	0.764	1	0:00:06.341316
24560	491	-1	0.0	0	0:00:06.228384
24580	491	634	0.295	0	0:00:06.237585
24600	492	-1	0.0	0	0:00:06.222672
24620	492	-1	0.0	0	0:00:06.236743
24640	492	-1	0.0	0	0:00:06.235147
24660	493	-1	0.0	0	0:00:06.241029
24680	493	-1	0.0	0	0:00:06.224095
24700	494	-1	0.0	0	0:00:06.213022
24720	494	872	0.542	0	0:00:06.210965
24740	494	494	0.338	1	0:00:06.205603
24760	495	495	0.8	1	0:00:06.228189
24780	495	495	0.8	1	0:00:06.231387
24800	496	496	0.135	1	0:00:06.222193
24820	496	496	0.287	1	0:00:06.208205
24840	496	496	0.555	1	0:00:06.338712
24860	497	406	0.0479	0	0:00:06.401928
24880	497	425	0.12	0	0:00:06.210197
24900	498	498	0.778	1	0:00:06.200864
24920	498	781	0.185	0	0:00:06.215923
24940	498	877	0.082	0	0:00:06.217207
24960	499	-1	0.0	0	0:00:06.211105
24980	499	-1	0.0	0	0:00:06.216584
25000	500	500	0.8	1	0:00:06.220860
25020	500	825	0.0871	0	0:00:06.216639
25040	500	500	0.0981	1	0:00:06.223186
25060	501	568	0.29	0	0:00:06.216876
25080	501	-1	0.0	0	0:00:06.213049
25100	502	502	0.187	1	0:00:06.213476
25120	502	502	0.764	1	0:00:06.221701
25140	502	788	0.0556	0	0:00:06.225097
25160	503	503	0.368	1	0:00:06.340368
25180	503	950	0.0171	0	0:00:06.226637
25200	504	504	0.219	1	0:00:06.214782
25220	504	-1	0.0	0	0:00:06.219310
25240	504	925	0.0762	0	0:00:06.209436
25260	505	-1	0.0	0	0:00:06.203459
25280	505	-1	0.0	0	0:00:06.222388
25300	506	-1	0.0	0	0:00:06.222445
25320	506	506	0.00238	1	0:00:06.217803
25340	506	-1	0.0	0	0:00:06.226828
25360	507	489	0.264	0	0:00:06.213627
25380	507	695	0.148	0	0:00:06.216451
25400	508	508	0.8	1	0:00:06.224431
25420	508	508	0.8	1	0:00:06.219094
25440	508	891	0.109	0	0:00:06.223533
25460	509	509	0.255	1	0:00:06.343872
25480	509	760	0.0138	0	0:00:06.343075
25500	510	510	0.8	1	0:00:06.225629
25520	510	510	0.0634	1	0:00:06.231930
25540	510	510	0.168	1	0:00:06.211028
25560	511	511	0.318	1	0:00:06.216404
25580	511	751	0.134	0	0:00:06.209275
25600	512	686	0.0154	0	0:00:06.210745
25620	512	512	0.8	1	0:00:06.184885
25640	512	473	0.25	0	0:00:06.195898
25660	513	875	0.218	0	0:00:06.210568
25680	513	875	0.328	0	0:00:06.203982
25700	514	514	0.451	1	0:00:06.206369
25720	514	788	0.778	0	0:00:06.220598
25740	514	514	0.316	1	0:00:06.213799
25760	515	808	0.51	0	0:00:06.202937
25780	515	652	0.0468	0	0:00:06.334553
25800	516	-1	0.0	0	0:00:06.221059
25820	516	431	0.41	0	0:00:06.213141
25840	516	431	0.8	0	0:00:06.228230
25860	517	540	0.562	0	0:00:06.224080
25880	517	540	0.21	0	0:00:06.225144
25900	518	-1	0.0	0	0:00:06.225435
25920	518	654	0.00295	0	0:00:06.231603
25940	518	518	0.447	1	0:00:06.231015
25960	519	519	0.0675	1	0:00:06.230699
25980	519	-1	0.0	0	0:00:06.241091
26000	520	520	0.459	1	0:00:06.238132
26020	520	431	0.384	0	0:00:06.216738
26040	520	520	0.309	1	0:00:06.223458
26060	521	-1	0.0	0	0:00:06.229879
26080	521	521	0.8	1	0:00:06.344015
26100	522	522	0.764	1	0:00:06.396770
26120	522	522	0.459	1	0:00:06.214250
26140	522	522	0.549	1	0:00:06.218168
26160	523	-1	0.0	0	0:00:06.202299
26180	523	762	0.308	0	0:00:06.206325
26200	524	457	0.077	0	0:00:06.208543
26220	524	461	0.525	0	0:00:06.215976
26240	524	787	0.0314	0	0:00:06.216066
26260	525	525	0.638	1	0:00:06.225292
26280	525	472	0.575	0	0:00:06.214793
26300	526	527	0.0454	0	0:00:06.209107
26320	526	-1	0.0	0	0:00:06.210134
26340	526	526	0.642	1	0:00:06.214724
26360	527	550	0.613	0	0:00:06.213734
26380	527	848	0.429	0	0:00:06.206259
26400	528	-1	0.0	0	0:00:06.332364
26420	528	528	0.512	1	0:00:06.216717
26440	528	528	0.743	1	0:00:06.209169
26460	529	268	0.0934	0	0:00:06.228261
26480	529	529	0.255	1	0:00:06.220790
26500	530	531	0.547	0	0:00:06.211247
26520	530	-1	0.0	0	0:00:06.219955
26540	530	530	0.8	1	0:00:06.194719
26560	531	826	0.337	0	0:00:06.210741
26580	531	-1	0.0	0	0:00:06.215861
26600	532	846	0.424	0	0:00:06.218678
26620	532	532	0.778	1	0:00:06.218495
26640	532	532	0.395	1	0:00:06.220409
26660	533	533	0.437	1	0:00:06.223319
26680	533	533	0.196	1	0:00:06.218145
26700	534	-1	0.0	0	0:00:06.348037
26720	534	477	0.0842	0	0:00:06.335465
26740	534	515	0.076	0	0:00:06.211843
26760	535	535	0.8	1	0:00:06.213758
26780	535	-1	0.0	0	0:00:06.225722
26800	536	403	0.563	0	0:00:06.228900
26820	536	536	0.169	1	0:00:06.223107
26840	536	517	0.0436	0	0:00:06.226225
26860	537	537	0.8	1	0:00:06.211721
26880	537	537	0.8	1	0:00:06.209341
26900	538	538	0.8	1	0:00:06.217980
26920	538	483	0.433	0	0:00:06.212396
26940	538	-1	0.0	0	0:00:06.204763
26960	539	502	0.0915	0	0:00:06.215067
26980	539	-1	0.0	0	0:00:06.220297
27000	540	540	0.764	1	0:00:06.204529
27020	540	540	0.8	1	0:00:06.342764
27040	540	540	0.7	1	0:00:06.223141
27060	541	541	0.339	1	0:00:06.186190
27080	541	541	0.8	1	0:00:06.227298
27100	542	-1	0.0	0	0:00:06.225370
27120	542	-1	0.0	0	0:00:06.218633
27140	542	819	0.0725	0	0:00:06.216002
27160	543	422	0.433	0	0:00:06.226548
27180	543	543	0.119	1	0:00:06.223235
27200	544	926	0.0955	0	0:00:06.229363
27220	544	739	0.119	0	0:00:06.220078
27240	544	738	0.2	0	0:00:06.223436
27260	545	545	0.753	1	0:00:06.217353
27280	545	107	0.379	0	0:00:06.200930
27300	546	546	0.582	1	0:00:06.214504
27320	546	546	0.8	1	0:00:06.382706
27340	546	-1	0.0	0	0:00:06.351849
27360	547	-1	0.0	0	0:00:06.212494
27380	547	888	0.37	0	0:00:06.215028
27400	548	548	0.394	1	0:00:06.214935
27420	548	548	0.8	1	0:00:06.217521
27440	548	548	0.8	1	0:00:06.227596
27460	549	711	0.0337	0	0:00:06.220826
27480	549	549	0.0839	1	0:00:06.222748
27500	550	505	0.365	0	0:00:06.222837
27520	550	653	0.0398	0	0:00:06.222363
27540	550	550	0.522	1	0:00:06.215996
27560	551	774	0.468	0	0:00:06.221614
27580	551	626	0.0168	0	0:00:06.197119
27600	552	552	0.8	1	0:00:06.217096
27620	552	641	0.0484	0	0:00:06.203506
27640	552	903	0.384	0	0:00:06.314730
27660	553	553	0.405	1	0:00:06.210315
27680	553	526	0.086	0	0:00:06.200852
27700	554	554	0.552	1	0:00:06.207893
27720	554	554	0.636	1	0:00:06.223014
27740	554	554	0.62	1	0:00:06.202763
27760	555	555	0.342	1	0:00:06.198429
27780	555	555	0.024	1	0:00:06.203387
27800	556	703	0.312	0	0:00:06.217188
27820	556	827	0.375	0	0:00:06.206575
27840	556	556	0.324	1	0:00:06.203284
27860	557	557	0.8	1	0:00:06.217308
27880	557	-1	0.0	0	0:00:06.207858
27900	558	-1	0.0	0	0:00:06.209735
27920	558	432	0.281	0	0:00:06.206851
27940	558	-1	0.0	0	0:00:06.329451
27960	559	-1	0.0	0	0:00:06.332791
27980	559	559	0.8	1	0:00:06.218302
28000	560	560	0.474	1	0:00:06.208152
28020	560	560	0.8	1	0:00:06.211586
28040	560	560	0.8	1	0:00:06.212960
28060	561	561	0.696	1	0:00:06.209628
28080	561	561	0.565	1	0:00:06.212914
28100	562	854	0.0626	0	0:00:06.211343
28120	562	354	0.1	0	0:00:06.199961
28140	562	-1	0.0	0	0:00:06.200452
28160	563	404	0.323	0	0:00:06.183752
28180	563	563	0.764	1	0:00:06.204564
28200	564	-1	0.0	0	0:00:06.209255
28220	564	564	0.8	1	0:00:06.189875
28240	564	564	0.778	1	0:00:06.214468
28260	565	565	0.8	1	0:00:06.332243
28280	565	565	0.651	1	0:00:06.210114
28300	566	566	0.462	1	0:00:06.212437
28320	566	566	0.475	1	0:00:06.208985
28340	566	566	0.0683	1	0:00:06.204514
28360	567	567	0.0895	1	0:00:06.218313
28380	567	909	0.0143	0	0:00:06.223611
28400	568	-1	0.0	0	0:00:06.225351
28420	568	-1	0.0	0	0:00:06.232944
28440	568	568	0.461	1	0:00:06.234834
28460	569	569	0.656	1	0:00:06.220504
28480	569	569	0.764	1	0:00:06.226014
28500	570	-1	0.0	0	0:00:06.218976
28520	570	570	0.8	1	0:00:06.214223
28540	570	570	0.226	1	0:00:06.209998
28560	571	866	0.165	0	0:00:06.336232
28580	571	-1	0.0	0	0:00:06.372380
28600	572	572	0.134	1	0:00:06.215009
28620	572	-1	0.0	0	0:00:06.214667
28640	572	572	0.8	1	0:00:06.216634
28660	573	573	0.644	1	0:00:06.214311
28680	573	573	0.148	1	0:00:06.199604
28700	574	574	0.8	1	0:00:06.225968
28720	574	574	0.508	1	0:00:06.228985
28740	574	-1	0.0	0	0:00:06.224422
28760	575	575	0.8	1	0:00:06.216771
28780	575	575	0.8	1	0:00:06.229885
28800	576	880	0.0703	0	0:00:06.231030
28820	576	576	0.8	1	0:00:06.224315
28840	576	576	0.8	1	0:00:06.235330
28860	577	577	0.642	1	0:00:06.223288
28880	577	577	0.721	1	0:00:06.350629
28900	578	887	0.117	0	0:00:06.229305
28920	578	601	0.394	0	0:00:06.221833
28940	578	578	0.691	1	0:00:06.205912
28960	579	579	0.0855	1	0:00:06.213179
28980	579	423	0.576	0	0:00:06.206118
29000	580	738	0.143	0	0:00:06.224571
29020	580	580	0.306	1	0:00:06.209939
29040	580	580	0.304	1	0:00:06.216702
29060	581	609	0.255	0	0:00:06.216688
29080	581	581	0.026	1	0:00:06.218653
29100	582	-1	0.0	0	0:00:06.228074
29120	582	582	0.62	1	0:00:06.217965
29140	582	582	0.677	1	0:00:06.216525
29160	583	583	0.484	1	0:00:06.218470
29180	583	583	0.0936	1	0:00:06.332774
29200	584	844	0.478	0	0:00:06.327814
29220	584	584	0.329	1	0:00:06.212512
29240	584	461	0.207	0	0:00:06.213755
29260	585	648	0.153	0	0:00:06.207445
29280	585	969	0.222	0	0:00:06.215845
29300	586	586	0.778	1	0:00:06.217963
29320	586	586	0.017	1	0:00:06.220282
29340	586	847	0.499	0	0:00:06.222933
29360	587	587	0.391	1	0:00:06.197733
29380	587	477	0.0683	0	0:00:06.210137
29400	588	588	0.743	1	0:00:06.205775
29420	588	588	0.339	1	0:00:06.218302
29440	588	588	0.485	1	0:00:06.210848
29460	589	570	0.11	0	0:00:06.213836
29480	589	589	0.236	1	0:00:06.220312
29500	590	590	0.467	1	0:00:06.326036
29520	590	590	0.51	1	0:00:06.216929
29540	590	-1	0.0	0	0:00:06.223934
29560	591	591	0.00615	1	0:00:06.216481
29580	591	591	0.634	1	0:00:06.221977
29600	592	592	0.8	1	0:00:06.225357
29620	592	592	0.463	1	0:00:06.221173
29640	592	-1	0.0	0	0:00:06.216366
29660	593	593	0.23	1	0:00:06.212153
29680	593	902	0.541	0	0:00:06.211511
29700	594	880	0.239	0	0:00:06.216614
29720	594	594	0.8	1	0:00:06.214908
29740	594	594	0.368	1	0:00:06.215297
29760	595	866	0.0157	0	0:00:06.220794
29780	595	866	0.778	0	0:00:06.209146
29800	596	-1	0.0	0	0:00:06.342759
29820	596	634	0.0662	0	0:00:06.331428
29840	596	589	0.0737	0	0:00:06.217386
29860	597	763	0.0955	0	0:00:06.217731
29880	597	763	0.114	0	0:00:06.214600
29900	598	598	0.507	1	0:00:06.200513
29920	598	598	0.594	1	0:00:06.218613
29940	598	598	0.0144	1	0:00:06.209788
29960	599	599	0.8	1	0:00:06.209029
29980	599	937	0.109	0	0:00:06.221053
30000	600	-1	0.0	0	0:00:06.217628
30020	600	-1	0.0	0	0:00:06.215617
30040	600	488	0.0355	0	0:00:06.216346
30060	601	-1	0.0	0	0:00:06.214697
30080	601	-1	0.0	0	0:00:06.210510
30100	602	602	0.8	1	0:00:06.219583
30120	602	602	0.397	1	0:00:06.343760
30140	602	890	0.178	0	0:00:06.223511
30160	603	612	0.0878	0	0:00:06.223720
30180	603	603	0.155	1	0:00:06.213544
30200	604	-1	0.0	0	0:00:06.218629
30220	604	604	0.715	1	0:00:06.223855
30240	604	503	0.179	0	0:00:06.197206
30260	605	-1	0.0	0	0:00:06.210456
30280	605	605	0.728	1	0:00:06.212932
30300	606	606	0.659	1	0:00:06.194962
30320	606	507	0.307	0	0:00:06.219789
30340	606	606	0.8	1	0:00:06.220325
30360	607	607	0.8	1	0:00:06.202392
30380	607	607	0.8	1	0:00:06.189069
30400	608	-1	0.0	0	0:00:06.223047
30420	608	608	0.097	1	0:00:06.326520
30440	608	-1	0.0	0	0:00:06.332439
30460	609	423	0.239	0	0:00:06.222380
30480	609	609	0.444	1	0:00:06.208647
30500	610	841	0.0764	0	0:00:06.221566
30520	610	610	0.238	1	0:00:06.216268
30540	610	610	0.575	1	0:00:06.222141
30560	611	-1	0.0	0	0:00:06.233970
30580	611	611	0.255	1	0:00:06.220521
30600	612	612	0.8	1	0:00:06.209682
30620	612	612	0.8	1	0:00:06.217273
30640	612	612	0.8	1	0:00:06.220034
30660	613	613	0.642	1	0:00:06.191590
30680	613	-1	0.0	0	0:00:06.208057
30700	614	614	0.247	1	0:00:06.217415
30720	614	122	0.0261	0	0:00:06.211761
30740	614	667	0.117	0	0:00:06.395203
30760	615	465	0.112	0	0:00:06.213784
30780	615	615	0.585	1	0:00:06.190632
30800	616	523	0.116	0	0:00:06.216685
30820	616	491	0.0151	0	0:00:06.224599
30840	616	616	0.193	1	0:00:06.224149
30860	617	-1	0.0	0	0:00:06.218494
30880	617	617	0.176	1	0:00:06.199531
30900	618	-1	0.0	0	0:00:06.215329
30920	618	-1	0.0	0	0:00:06.221377
30940	618	995	0.41	0	0:00:06.220002
30960	619	-1	0.0	0	0:00:06.208826
30980	619	619	0.158	1	0:00:06.210994
31000	620	617	0.056	0	0:00:06.215473
31020	620	527	0.529	0	0:00:06.215826
31040	620	527	0.28	0	0:00:06.322768
31060	621	621	0.497	1	0:00:06.330486
31080	621	-1	0.0	0	0:00:06.223594
31100	622	622	0.8	1	0:00:06.203434
31120	622	878	0.44	0	0:00:06.220048
31140	622	-1	0.0	0	0:00:06.225932
31160	623	-1	0.0	0	0:00:06.215999
31180	623	477	0.0742	0	0:00:06.220163
31200	624	453	0.117	0	0:00:06.219099
31220	624	439	0.415	0	0:00:06.211677
31240	624	624	0.358	1	0:00:06.214820
31260	625	625	0.8	1	0:00:06.211887
31280	625	625	0.8	1	0:00:06.210800
31300	626	-1	0.0	0	0:00:06.218171
31320	626	-1	0.0	0	0:00:06.188174
31340	626	626	0.363	1	0:00:06.217539
31360	627	627	0.8	1	0:00:06.332238
31380	627	-1	0.0	0	0:00:06.213189
31400	628	705	0.0567	0	0:00:06.225437
31420	628	628	0.623	1	0:00:06.227219
31440	628	628	0.291	1	0:00:06.218426
31460	629	629	0.375	1	0:00:06.221714
31480	629	629	0.8	1	0:00:06.216318
31500	630	703	0.638	0	0:00:06.225404
31520	630	514	0.211	0	0:00:06.238523
31540	630	774	0.209	0	0:00:06.221247
31560	631	631	0.677	1	0:00:06.235164
31580	631	585	0.00539	0	0:00:06.236615
31600	632	632	0.305	1	0:00:06.228560
31620	632	732	0.218	0	0:00:06.222647
31640	632	819	0.753	0	0:00:06.219654
31660	633	473	0.0787	0	0:00:06.335910
31680	633	447	0.104	0	0:00:06.340654
31700	634	489	0.8	0	0:00:06.214174
31720	634	565	0.357	0	0:00:06.214261
31740	634	-1	0.0	0	0:00:06.211254
31760	635	635	0.4	1	0:00:06.214889
31780	635	635	0.326	1	0:00:06.202688
31800	636	636	0.8	1	0:00:06.201640
31820	636	-1	0.0	0	0:00:06.216303
31840	636	-1	0.0	0	0:00:06.217903
31860	637	637	0.8	1	0:00:06.214963
31880	637	637	0.13	1	0:00:06.199995
31900	638	-1	0.0	0	0:00:06.194518
31920	638	639	0.728	0	0:00:06.215229
31940	638	639	0.667	0	0:00:06.211120
31960	639	639	0.8	1	0:00:06.205959
31980	639	416	0.609	0	0:00:06.357118
32000	640	640	0.8	1	0:00:06.214325
32020	640	640	0.187	1	0:00:06.219648
32040	640	574	0.192	0	0:00:06.226945
32060	641	-1	0.0	0	0:00:06.223624
32080	641	641	0.332	1	0:00:06.212621
32100	642	642	0.8	1	0:00:06.218059
32120	642	642	0.563	1	0:00:06.232775
32140	642	642	0.153	1	0:00:06.222919
32160	643	837	0.304	0	0:00:06.227999
32180	643	570	0.197	0	0:00:06.225062
32200	644	644	0.37	1	0:00:06.226341
32220	644	-1	0.0	0	0:00:06.228599
32240	644	644	0.354	1	0:00:06.237942
32260	645	645	0.8	1	0:00:06.225394
32280	645	645	0.8	1	0:00:06.329393
32300	646	506	0.8	0	0:00:06.314966
32320	646	646	0.8	1	0:00:06.213719
32340	646	912	0.139	0	0:00:06.220701
32360	647	999	0.0754	0	0:00:06.199109
32380	647	-1	0.0	0	0:00:06.215099
32400	648	495	0.212	0	0:00:06.214535
32420	648	493	0.106	0	0:00:06.222932
32440	648	648	0.00665	1	0:00:06.218276
32460	649	649	0.8	1	0:00:06.202510
32480	649	649	0.764	1	0:00:06.222862
32500	650	-1	0.0	0	0:00:06.188760
32520	650	855	0.0602	0	0:00:06.217614
32540	650	558	0.656	0	0:00:06.199861
32560	651	651	0.111	1	0:00:06.209677
32580	651	851	0.224	0	0:00:06.201751
32600	652	715	0.463	0	0:00:06.338625
32620	652	652	0.121	1	0:00:06.225531
32640	652	652	0.8	1	0:00:06.217986
32660	653	960	0.045	0	0:00:06.213108
32680	653	653	0.603	1	0:00:06.228356
32700	654	654	0.326	1	0:00:06.218351
32720	654	609	0.743	0	0:00:06.221827
32740	654	-1	0.0	0	0:00:06.214992
32760	655	-1	0.0	0	0:00:06.223864
32780	655	578	0.341	0	0:00:06.227348
32800	656	656	0.443	1	0:00:06.232997
32820	656	436	0.309	0	0:00:06.237201
32840	656	656	0.353	1	0:00:06.227042
32860	657	795	0.466	0	0:00:06.223867
32880	657	-1	0.0	0	0:00:06.237008
32900	658	658	0.488	1	0:00:06.372941
32920	658	-1	0.0	0	0:00:06.339557
32940	658	658	0.735	1	0:00:06.224291
32960	659	659	0.8	1	0:00:06.228040
32980	659	495	0.178	0	0:00:06.223330
33000	660	660	0.206	1	0:00:06.222210
33020	660	660	0.0913	1	0:00:06.224212
33040	660	557	0.32	0	0:00:06.218475
33060	661	661	0.642	1	0:00:06.223152
33080	661	661	0.8	1	0:00:06.213832
33100	662	-1	0.0	0	0:00:06.212435
33120	662	662	0.284	1	0:00:06.210140
33140	662	662	0.418	1	0:00:06.208933
33160	663	576	0.015	0	0:00:06.223412
33180	663	663	0.8	1	0:00:06.200654
33200	664	598	0.17	0	0:00:06.218904
33220	664	527	0.59	0	0:00:06.340577
33240	664	851	0.257	0	0:00:06.216625
33260	665	-1	0.0	0	0:00:06.225508
33280	665	665	0.449	1	0:00:06.214391
33300	666	666	0.397	1	0:00:06.208187
33320	666	666	0.199	1	0:00:06.225187
33340	666	-1	0.0	0	0:00:06.227204
33360	667	400	0.187	0	0:00:06.221693
33380	667	667	0.445	1	0:00:06.217554
33400	668	668	0.145	1	0:00:06.221766
33420	668	668	0.71	1	0:00:06.220792
33440	668	682	0.408	0	0:00:06.212456
33460	669	669	0.0432	1	0:00:06.216449
33480	669	-1	0.0	0	0:00:06.219757
33500	670	670	0.597	1	0:00:06.222445
33520	670	670	0.34	1	0:00:06.337547
33540	670	670	0.8	1	0:00:06.334401
33560	671	880	0.335	0	0:00:06.230449
33580	671	671	0.543	1	0:00:06.223567
33600	672	979	0.00834	0	0:00:06.222203
33620	672	672	0.649	1	0:00:06.219004
33640	672	672	0.8	1	0:00:06.228061
33660	673	673	0.532	1	0:00:06.209816
33680	673	673	0.14	1	0:00:06.223752
33700	674	674	0.13	1	0:00:06.225787
33720	674	674	0.28	1	0:00:06.218728
33740	674	674	0.355	1	0:00:06.216485
33760	675	675	0.406	1	0:00:06.222521
33780	675	569	0.306	0	0:00:06.218533
33800	676	-1	0.0	0	0:00:06.216824
33820	676	676	0.411	1	0:00:06.216474
33840	676	691	0.0605	0	0:00:06.341247
33860	677	-1	0.0	0	0:00:06.226257
33880	677	844	0.123	0	0:00:06.223710
33900	678	678	0.8	1	0:00:06.220975
33920	678	496	0.225	0	0:00:06.220387
33940	678	678	0.715	1	0:00:06.223545
33960	679	679	0.436	1	0:00:06.224785
33980	679	679	0.00828	1	0:00:06.219819
34000	680	-1	0.0	0	0:00:06.199577
34020	680	680	0.8	1	0:00:06.193994
34040	680	680	0.673	1	0:00:06.218097
34060	681	620	0.37	0	0:00:06.221163
34080	681	620	0.166	0	0:00:06.202035
34100	682	682	0.5	1	0:00:06.203570
34120	682	-1	0.0	0	0:00:06.226798
34140	682	682	0.8	1	0:00:06.356119
34160	683	558	0.486	0	0:00:06.335535
34180	683	652	0.109	0	0:00:06.226461
34200	684	-1	0.0	0	0:00:06.237017
34220	684	684	0.455	1	0:00:06.216973
34240	684	684	0.8	1	0:00:06.224663
34260	685	685	0.8	1	0:00:06.240441
34280	685	685	0.8	1	0:00:06.234523
34300	686	758	0.0963	0	0:00:06.226338
34320	686	569	0.218	0	0:00:06.224995
34340	686	-1	0.0	0	0:00:06.224473
34360	687	687	0.8	1	0:00:06.236374
34380	687	687	0.8	1	0:00:06.243343
34400	688	688	0.8	1	0:00:06.236467
34420	688	590	0.245	0	0:00:06.246503
34440	688	688	0.8	1	0:00:06.239809
34460	689	689	0.0891	1	0:00:06.353933
34480	689	-1	0.0	0	0:00:06.226531
34500	690	690	0.561	1	0:00:06.227682
34520	690	917	0.0412	0	0:00:06.215718
34540	690	866	0.317	0	0:00:06.227123
34560	691	570	0.151	0	0:00:06.215574
34580	691	-1	0.0	0	0:00:06.220250
34600	692	-1	0.0	0	0:00:06.218715
34620	692	865	0.149	0	0:00:06.229087
34640	692	692	0.673	1	0:00:06.219350
34660	693	693	0.181	1	0:00:06.218156
34680	693	-1	0.0	0	0:00:06.207968
34700	694	694	0.8	1	0:00:06.214824
34720	694	694	0.8	1	0:00:06.217962
34740	694	694	0.8	1	0:00:06.214331
34760	695	695	0.151	1	0:00:06.306840
34780	695	695	0.0798	1	0:00:06.331015
34800	696	-1	0.0	0	0:00:06.213438
34820	696	-1	0.0	0	0:00:06.214696
34840	696	-1	0.0	0	0:00:06.211761
34860	697	697	0.636	1	0:00:06.216641
34880	697	697	0.8	1	0:00:06.218921
34900	698	663	0.626	0	0:00:06.217518
34920	698	483	0.0364	0	0:00:06.224335
34940	698	698	0.621	1	0:00:06.223242
34960	699	-1	0.0	0	0:00:06.231519
34980	699	-1	0.0	0	0:00:06.230482
35000	700	700	0.111	1	0:00:06.229591
35020	700	-1	0.0	0	0:00:06.224328
35040	700	-1	0.0	0	0:00:06.223474
35060	701	-1	0.0	0	0:00:06.232623
35080	701	701	0.8	1	0:00:06.321088
35100	702	422	0.00527	0	0:00:06.224785
35120	702	702	0.323	1	0:00:06.212707
35140	702	-1	0.0	0	0:00:06.216455
35160	703	51	0.0638	0	0:00:06.221582
35180	703	-1	0.0	0	0:00:06.214005
35200	704	-1	0.0	0	0:00:06.214480
35220	704	-1	0.0	0	0:00:06.195024
35240	704	880	0.092	0	0:00:06.216875
35260	705	569	0.0293	0	0:00:06.215396
35280	705	874	0.56	0	0:00:06.211292
35300	706	-1	0.0	0	0:00:06.216012
35320	706	706	0.0317	1	0:00:06.225298
35340	706	-1	0.0	0	0:00:06.209679
35360	707	707	0.185	1	0:00:06.214783
35380	707	707	0.8	1	0:00:06.385890
35400	708	682	0.8	0	0:00:06.334012
35420	708	708	0.743	1	0:00:06.225519
35440	708	708	0.636	1	0:00:06.218255
35460	709	709	0.455	1	0:00:06.225849
35480	709	692	0.0191	0	0:00:06.218793
35500	710	-1	0.0	0	0:00:06.216106
35520	710	587	0.149	0	0:00:06.216643
35540	710	-1	0.0	0	0:00:06.213697
35560	711	631	0.298	0	0:00:06.198572
35580	711	631	0.162	0	0:00:06.186908
35600	712	-1	0.0	0	0:00:06.210499
35620	712	-1	0.0	0	0:00:06.220718
35640	712	712	0.8	1	0:00:06.224793
35660	713	713	0.8	1	0:00:06.215085
35680	713	713	0.8	1	0:00:06.215392
35700	714	902	0.467	0	0:00:06.333286
35720	714	451	0.8	0	0:00:06.214988
35740	714	714	0.8	1	0:00:06.224662
35760	715	715	0.8	1	0:00:06.216788
35780	715	715	0.107	1	0:00:06.228106
35800	716	716	0.8	1	0:00:06.223349
35820	716	716	0.8	1	0:00:06.219214
35840	716	716	0.8	1	0:00:06.227225
35860	717	-1	0.0	0	0:00:06.219572
35880	717	581	0.0153	0	0:00:06.216364
35900	718	449	0.361	0	0:00:06.209032
35920	718	517	0.239	0	0:00:06.221803
35940	718	913	0.116	0	0:00:06.212731
35960	719	-1	0.0	0	0:00:06.215253
35980	719	719	0.552	1	0:00:06.228651
36000	720	-1	0.0	0	0:00:06.327263
36020	720	902	0.174	0	0:00:06.345492
36040	720	720	0.31	1	0:00:06.210620
36060	721	750	0.309	0	0:00:06.210429
36080	721	588	0.0639	0	0:00:06.234244
36100	722	722	0.8	1	0:00:06.238967
36120	722	722	0.743	1	0:00:06.228713
36140	722	722	0.778	1	0:00:06.227426
36160	723	723	0.8	1	0:00:06.228604
36180	723	723	0.38	1	0:00:06.221303
36200	724	780	0.8	0	0:00:06.222215
36220	724	484	0.0334	0	0:00:06.232162
36240	724	-1	0.0	0	0:00:06.230553
36260	725	849	0.306	0	0:00:06.226092
36280	725	-1	0.0	0	0:00:06.223938
36300	726	726	0.8	1	0:00:06.218781
36320	726	726	0.8	1	0:00:06.325696
36340	726	910	0.312	0	0:00:06.216799
36360	727	727	0.8	1	0:00:06.218046
36380	727	727	0.596	1	0:00:06.193609
36400	728	728	0.628	1	0:00:06.199481
36420	728	650	0.0879	0	0:00:06.219429
36440	728	-1	0.0	0	0:00:06.219647
36460	729	453	0.0215	0	0:00:06.213982
36480	729	659	0.444	0	0:00:06.223202
36500	730	730	0.0514	1	0:00:06.220976
36520	730	730	0.638	1	0:00:06.227625
36540	730	730	0.8	1	0:00:06.240125
36560	731	-1	0.0	0	0:00:06.234681
36580	731	-1	0.0	0	0:00:06.226285
36600	732	732	0.388	1	0:00:06.222771
36620	732	-1	0.0	0	0:00:06.380118
36640	732	732	0.8	1	0:00:06.357734
36660	733	-1	0.0	0	0:00:06.235092
36680	733	887	0.331	0	0:00:06.217148
36700	734	569	0.0213	0	0:00:06.207935
36720	734	407	0.8	0	0:00:06.202131
36740	734	734	0.375	1	0:00:06.213996
36760	735	735	0.8	1	0:00:06.218858
36780	735	735	0.687	1	0:00:06.212639
36800	736	736	0.778	1	0:00:06.208148
36820	736	-1	0.0	0	0:00:06.212264
36840	736	736	0.68	1	0:00:06.198653
36860	737	440	0.113	0	0:00:06.211475
36880	737	760	0.778	0	0:00:06.206879
36900	738	738	0.272	1	0:00:06.208578
36920	738	738	0.8	1	0:00:06.228205
36940	738	738	0.371	1	0:00:06.319128
36960	739	739	0.421	1	0:00:06.202141
36980	739	739	0.117	1	0:00:06.213153
37000	740	796	0.495	0	0:00:06.203764
37020	740	734	0.186	0	0:00:06.204181
37040	740	622	0.423	0	0:00:06.212054
37060	741	-1	0.0	0	0:00:06.217700
37080	741	-1	0.0	0	0:00:06.214656
37100	742	-1	0.0	0	0:00:06.225758
37120	742	844	0.551	0	0:00:06.201153
37140	742	713	0.491	0	0:00:06.204864
37160	743	-1	0.0	0	0:00:06.217678
37180	743	743	0.203	1	0:00:06.218217
37200	744	437	0.288	0	0:00:06.215731
37220	744	744	0.212	1	0:00:06.216917
37240	744	657	0.67	0	0:00:06.316844
37260	745	745	0.144	1	0:00:06.331336
37280	745	-1	0.0	0	0:00:06.212573
37300	746	746	0.8	1	0:00:06.219307
37320	746	746	0.321	1	0:00:06.217946
37340	746	746	0.8	1	0:00:06.209097
37360	747	-1	0.0	0	0:00:06.206457
37380	747	747	0.654	1	0:00:06.212146
37400	748	748	0.0404	1	0:00:06.214293
37420	748	31	0.056	0	0:00:06.213072
37440	748	748	0.409	1	0:00:06.213433
37460	749	-1	0.0	0	0:00:06.216832
37480	749	-1	0.0	0	0:00:06.208674
37500	750	273	0.0174	0	0:00:06.220813
37520	750	750	0.728	1	0:00:06.209407
37540	750	971	0.0604	0	0:00:06.223281
37560	751	751	0.8	1	0:00:06.345141
37580	751	751	0.194	1	0:00:06.216523
37600	752	790	0.0361	0	0:00:06.213825
37620	752	752	0.8	1	0:00:06.218442
37640	752	-1	0.0	0	0:00:06.215655
37660	753	847	0.00226	0	0:00:06.209435
37680	753	-1	0.0	0	0:00:06.217278
37700	754	848	0.0151	0	0:00:06.220630
37720	754	688	0.189	0	0:00:06.210721
37740	754	-1	0.0	0	0:00:06.197721
37760	755	755	0.8	1	0:00:06.211883
37780	755	755	0.8	1	0:00:06.213477
37800	756	811	0.0664	0	0:00:06.209432
37820	756	-1	0.0	0	0:00:06.218088
37840	756	756	0.393	1	0:00:06.214472
37860	757	408	0.0605	0	0:00:06.318599
37880	757	757	0.286	1	0:00:06.394286
37900	758	758	0.277	1	0:00:06.219853
37920	758	541	0.225	0	0:00:06.224073
37940	758	758	0.463	1	0:00:06.215222
37960	759	759	0.667	1	0:00:06.229866
37980	759	747	0.139	0	0:00:06.213440
38000	760	-1	0.0	0	0:00:06.217393
38020	760	760	0.0634	1	0:00:06.202781
38040	760	771	0.0756	0	0:00:06.224051
38060	761	761	0.522	1	0:00:06.205142
38080	761	688	0.0176	0	0:00:06.213411
38100	762	762	0.753	1	0:00:06.213326
38120	762	762	0.621	1	0:00:06.216525
38140	762	-1	0.0	0	0:00:06.210151
38160	763	-1	0.0	0	0:00:06.218514
38180	763	763	0.721	1	0:00:06.325988
38200	764	819	0.0653	0	0:00:06.199598
38220	764	-1	0.0	0	0:00:06.204844
38240	764	764	0.344	1	0:00:06.204731
38260	765	765	0.8	1	0:00:06.220410
38280	765	765	0.159	1	0:00:06.229899
38300	766	766	0.667	1	0:00:06.216286
38320	766	-1	0.0	0	0:00:06.227380
38340	766	-1	0.0	0	0:00:06.225365
38360	767	584	0.0275	0	0:00:06.220461
38380	767	-1	0.0	0	0:00:06.218167
38400	768	768	0.161	1	0:00:06.213907
38420	768	768	0.378	1	0:00:06.215738
38440	768	768	0.286	1	0:00:06.214370
38460	769	769	0.0731	1	0:00:06.217844
38480	769	769	0.541	1	0:00:06.330331
38500	770	560	0.35	0	0:00:06.326497
38520	770	916	0.8	0	0:00:06.198878
38540	770	-1	0.0	0	0:00:06.196124
38560	771	-1	0.0	0	0:00:06.196945
38580	771	771	0.8	1	0:00:06.220993
38600	772	772	0.577	1	0:00:06.219533
38620	772	748	0.126	0	0:00:06.210603
38640	772	772	0.258	1	0:00:06.214984
38660	773	-1	0.0	0	0:00:06.217679
38680	773	773	0.413	1	0:00:06.213079
38700	774	774	0.667	1	0:00:06.222719
38720	774	774	0.595	1	0:00:06.221247
38740	774	-1	0.0	0	0:00:06.212630
38760	775	-1	0.0	0	0:00:06.217944
38780	775	775	0.00194	1	0:00:06.225153
38800	776	819	0.382	0	0:00:06.341715
38820	776	776	0.778	1	0:00:06.216105
38840	776	916	0.108	0	0:00:06.198305
38860	777	777	0.188	1	0:00:06.208649
38880	777	777	0.571	1	0:00:06.221083
38900	778	-1	0.0	0	0:00:06.210763
38920	778	778	0.258	1	0:00:06.208035
38940	778	-1	0.0	0	0:00:06.217849
38960	779	779	0.191	1	0:00:06.229588
38980	779	779	0.764	1	0:00:06.218670
39000	780	914	0.0455	0	0:00:06.210932
39020	780	780	0.651	1	0:00:06.219716
39040	780	780	0.138	1	0:00:06.212898
39060	781	781	0.8	1	0:00:06.224679
39080	781	410	0.116	0	0:00:06.232179
39100	782	598	0.346	0	0:00:06.346842
39120	782	-1	0.0	0	0:00:06.352696
39140	782	598	0.327	0	0:00:06.229094
39160	783	783	0.372	1	0:00:06.218346
39180	783	769	0.0706	0	0:00:06.215553
39200	784	891	0.144	0	0:00:06.229076
39220	784	-1	0.0	0	0:00:06.212491
39240	784	-1	0.0	0	0:00:06.214388
39260	785	586	0.0345	0	0:00:06.217700
39280	785	617	0.128	0	0:00:06.207551
39300	786	-1	0.0	0	0:00:06.210855
39320	786	-1	0.0	0	0:00:06.200419
39340	786	-1	0.0	0	0:00:06.217552
39360	787	787	0.216	1	0:00:06.222638
39380	787	915	0.0727	0	0:00:06.212398
39400	788	788	0.0593	1	0:00:06.215742
39420	788	788	0.8	1	0:00:06.329165
39440	788	788	0.764	1	0:00:06.206673
39460	789	789	0.8	1	0:00:06.215754
39480	789	789	0.8	1	0:00:06.205111
39500	790	791	0.462	0	0:00:06.193395
39520	790	791	0.0575	0	0:00:06.207604
39540	790	790	0.565	1	0:00:06.208603
39560	791	-1	0.0	0	0:00:06.217981
39580	791	791	0.398	1	0:00:06.222193
39600	792	792	0.32	1	0:00:06.206972
39620	792	792	0.225	1	0:00:06.218127
39640	792	792	0.173	1	0:00:06.204010
39660	793	793	0.512	1	0:00:06.222037
39680	793	-1	0.0	0	0:00:06.215784
39700	794	794	0.146	1	0:00:06.218308
39720	794	-1	0.0	0	0:00:06.339731
39740	794	854	0.0403	0	0:00:06.339230
39760	795	970	0.466	0	0:00:06.228723
39780	795	795	0.33	1	0:00:06.225700
39800	796	796	0.8	1	0:00:06.226003
39820	796	-1	0.0	0	0:00:06.226307
39840	796	796	0.0955	1	0:00:06.234672
39860	797	-1	0.0	0	0:00:06.235395
39880	797	797	0.384	1	0:00:06.231802
39900	798	798	0.481	1	0:00:06.217172
39920	798	769	0.365	0	0:00:06.232866
39940	798	519	0.194	0	0:00:06.239937
39960	799	799	0.548	1	0:00:06.231643
39980	799	-1	0.0	0	0:00:06.237081
40000	800	800	0.764	1	0:00:06.234968
40020	800	-1	0.0	0	0:00:06.226776
40040	800	800	0.8	1	0:00:06.390035
40060	801	973	0.227	0	0:00:06.228925
40080	801	801	0.0931	1	0:00:06.222527
40100	802	802	0.361	1	0:00:06.213052
40120	802	802	0.764	1	0:00:06.211015
40140	802	802	0.8	1	0:00:06.203851
40160	803	803	0.227	1	0:00:06.219790
40180	803	803	0.8	1	0:00:06.184084
40200	804	804	0.477	1	0:00:06.202561
40220	804	711	0.0706	0	0:00:06.199257
40240	804	-1	0.0	0	0:00:06.200453
40260	805	-1	0.0	0	0:00:06.180306
40280	805	655	0.136	0	0:00:06.219148
40300	806	806	0.626	1	0:00:06.219819
40320	806	806	0.8	1	0:00:06.215039
40340	806	-1	0.0	0	0:00:06.334337
40360	807	517	0.136	0	0:00:06.322618
40380	807	807	0.715	1	0:00:06.219911
40400	808	-1	0.0	0	0:00:06.212496
40420	808	96	0.207	0	0:00:06.214549
40440	808	-1	0.0	0	0:00:06.214907
40460	809	927	0.144	0	0:00:06.208668
40480	809	926	0.696	0	0:00:06.211234
40500	810	-1	0.0	0	0:00:06.211049
40520	810	878	0.8	0	0:00:06.211356
40540	810	878	0.425	0	0:00:06.210856
40560	811	827	0.127	0	0:00:06.210198
40580	811	-1	0.0	0	0:00:06.206685
40600	812	812	0.8	1	0:00:06.207095
40620	812	812	0.44	1	0:00:06.198402
40640	812	812	0.8	1	0:00:06.202150
40660	813	-1	0.0	0	0:00:06.318736
40680	813	502	0.00276	0	0:00:06.215184
40700	814	814	0.536	1	0:00:06.214592
40720	814	814	0.67	1	0:00:06.223063
40740	814	814	0.483	1	0:00:06.222718
40760	815	815	0.8	1	0:00:06.215210
40780	815	-1	0.0	0	0:00:06.211043
40800	816	816	0.557	1	0:00:06.219352
40820	816	892	0.0278	0	0:00:06.204266
40840	816	816	0.218	1	0:00:06.216915
40860	817	751	0.213	0	0:00:06.213517
40880	817	-1	0.0	0	0:00:06.223226
40900	818	745	0.0231	0	0:00:06.220007
40920	818	862	0.109	0	0:00:06.204027
40940	818	-1	0.0	0	0:00:06.204203
40960	819	819	0.453	1	0:00:06.327176
40980	819	783	0.476	0	0:00:06.324044
41000	820	-1	0.0	0	0:00:06.204490
41020	820	820	0.368	1	0:00:06.204967
41040	820	820	0.105	1	0:00:06.207179
41060	821	821	0.735	1	0:00:06.211880
41080	821	821	0.0235	1	0:00:06.202782
41100	822	822	0.8	1	0:00:06.212015
41120	822	822	0.778	1	0:00:06.218248
41140	822	822	0.735	1	0:00:06.216861
41160	823	850	0.344	0	0:00:06.214143
41180	823	773	0.02	0	0:00:06.200526
41200	824	824	0.405	1	0:00:06.221965
41220	824	824	0.253	1	0:00:06.216924
41240	824	-1	0.0	0	0:00:06.231119
41260	825	825	0.103	1	0:00:06.217239
41280	825	825	0.286	1	0:00:06.340322
41300	826	826	0.489	1	0:00:06.218975
41320	826	605	0.8	0	0:00:06.219226
41340	826	685	0.0883	0	0:00:06.219563
41360	827	827	0.401	1	0:00:06.216128
41380	827	469	0.157	0	0:00:06.215225
41400	828	535	0.206	0	0:00:06.208080
41420	828	828	0.743	1	0:00:06.220730
41440	828	904	0.8	0	0:00:06.214706
41460	829	829	0.8	1	0:00:06.221668
41480	829	-1	0.0	0	0:00:06.220377
41500	830	-1	0.0	0	0:00:06.210315
41520	830	-1	0.0	0	0:00:06.225795
41540	830	830	0.158	1	0:00:06.221578
41560	831	831	0.753	1	0:00:06.212749
41580	831	831	0.0115	1	0:00:06.339523
41600	832	832	0.32	1	0:00:06.334934
41620	832	832	0.8	1	0:00:06.208867
41640	832	832	0.337	1	0:00:06.226599
41660	833	-1	0.0	0	0:00:06.225917
41680	833	833	0.8	1	0:00:06.210556
41700	834	417	0.0491	0	0:00:06.208225
41720	834	834	0.153	1	0:00:06.223308
41740	834	869	0.284	0	0:00:06.212981
41760	835	-1	0.0	0	0:00:06.222533
41780	835	-1	0.0	0	0:00:06.214123
41800	836	-1	0.0	0	0:00:06.217009
41820	836	-1	0.0	0	0:00:06.215349
41840	836	655	0.252	0	0:00:06.210163
41860	837	-1	0.0	0	0:00:06.214845
41880	837	-1	0.0	0	0:00:06.212927
41900	838	631	0.349	0	0:00:06.325527
41920	838	112	0.0151	0	0:00:06.213666
41940	838	898	0.0265	0	0:00:06.195930
41960	839	-1	0.0	0	0:00:06.210754
41980	839	-1	0.0	0	0:00:06.227257
42000	840	-1	0.0	0	0:00:06.217201
42020	840	-1	0.0	0	0:00:06.202148
42040	840	840	0.143	1	0:00:06.229551
42060	841	-1	0.0	0	0:00:06.224842
42080	841	869	0.367	0	0:00:06.211249
42100	842	603	0.0306	0	0:00:06.215110
42120	842	842	0.8	1	0:00:06.207294
42140	842	-1	0.0	0	0:00:06.198283
42160	843	600	0.533	0	0:00:06.199109
42180	843	-1	0.0	0	0:00:06.220951
42200	844	844	0.8	1	0:00:06.384545
42220	844	844	0.549	1	0:00:06.348614
42240	844	844	0.735	1	0:00:06.220605
42260	845	845	0.437	1	0:00:06.207597
42280	845	845	0.32	1	0:00:06.203401
42300	846	-1	0.0	0	0:00:06.210371
42320	846	619	0.696	0	0:00:06.212221
42340	846	-1	0.0	0	0:00:06.209870
42360	847	-1	0.0	0	0:00:06.210872
42380	847	847	0.295	1	0:00:06.203690
42400	848	-1	0.0	0	0:00:06.204560
42420	848	-1	0.0	0	0:00:06.212153
42440	848	-1	0.0	0	0:00:06.216281
42460	849	849	0.0897	1	0:00:06.198916
42480	849	849	0.8	1	0:00:06.213428
42500	850	850	0.8	1	0:00:06.223873
42520	850	-1	0.0	0	0:00:06.348393
42540	850	850	0.432	1	0:00:06.230270
42560	851	-1	0.0	0	0:00:06.224393
42580	851	-1	0.0	0	0:00:06.226080
42600	852	852	0.8	1	0:00:06.214975
42620	852	558	0.556	0	0:00:06.231310
42640	852	852	0.473	1	0:00:06.236615
42660	853	853	0.414	1	0:00:06.237810
42680	853	853	0.753	1	0:00:06.228475
42700	854	884	0.272	0	0:00:06.233288
42720	854	857	0.169	0	0:00:06.232066
42740	854	-1	0.0	0	0:00:06.234800
42760	855	-1	0.0	0	0:00:06.226303
42780	855	855	0.8	1	0:00:06.236171
42800	856	856	0.0697	1	0:00:06.214668
42820	856	856	0.743	1	0:00:06.343894
42840	856	-1	0.0	0	0:00:06.330835
42860	857	857	0.345	1	0:00:06.209967
42880	857	857	0.8	1	0:00:06.219892
42900	858	-1	0.0	0	0:00:06.214644
42920	858	858	0.0939	1	0:00:06.212292
42940	858	498	0.127	0	0:00:06.223959
42960	859	710	0.38	0	0:00:06.213948
42980	859	859	0.0764	1	0:00:06.219455
43000	860	892	0.249	0	0:00:06.220278
43020	860	-1	0.0	0	0:00:06.218328
43040	860	860	0.106	1	0:00:06.232768
43060	861	861	0.538	1	0:00:06.234355
43080	861	804	0.0185	0	0:00:06.224422
43100	862	-1	0.0	0	0:00:06.223259
43120	862	862	0.8	1	0:00:06.212963
43140	862	862	0.721	1	0:00:06.333935
43160	863	863	0.8	1	0:00:06.219760
43180	863	863	0.8	1	0:00:06.226848
43200	864	407	0.0197	0	0:00:06.225487
43220	864	-1	0.0	0	0:00:06.213850
43240	864	-1	0.0	0	0:00:06.223450
43260	865	865	0.135	1	0:00:06.220966
43280	865	865	0.52	1	0:00:06.220737
43300	866	866	0.0515	1	0:00:06.218158
43320	866	866	0.8	1	0:00:06.216744
43340	866	866	0.684	1	0:00:06.227972
43360	867	867	0.677	1	0:00:06.232105
43380	867	569	0.0689	0	0:00:06.231122
43400	868	967	0.472	0	0:00:06.239644
43420	868	923	0.0151	0	0:00:06.246908
43440	868	-1	0.0	0	0:00:06.401882
43460	869	617	0.001	0	0:00:06.370195
43480	869	568	0.00571	0	0:00:06.233273
43500	870	870	0.529	1	0:00:06.226209
43520	870	870	0.462	1	0:00:06.235101
43540	870	444	0.337	0	0:00:06.232315
43560	871	871	0.8	1	0:00:06.236048
43580	871	484	0.362	0	0:00:06.232341
43600	872	872	0.728	1	0:00:06.232718
43620	872	872	0.8	1	0:00:06.226686
43640	872	-1	0.0	0	0:00:06.217155
43660	873	873	0.8	1	0:00:06.223975
43680	873	873	0.8	1	0:00:06.225388
43700	874	874	0.778	1	0:00:06.222263
43720	874	874	0.319	1	0:00:06.215071
43740	874	874	0.735	1	0:00:06.219484
43760	875	875	0.445	1	0:00:06.333753
43780	875	875	0.565	1	0:00:06.207677
43800	876	648	0.404	0	0:00:06.215949
43820	876	-1	0.0	0	0:00:06.209014
43840	876	-1	0.0	0	0:00:06.192866
43860	877	877	0.8	1	0:00:06.199665
43880	877	730	0.233	0	0:00:06.211193
43900	878	878	0.555	1	0:00:06.204229
43920	878	878	0.8	1	0:00:06.210164
43940	878	-1	0.0	0	0:00:06.212375
43960	879	880	0.00759	0	0:00:06.214426
43980	879	875	0.177	0	0:00:06.201978
44000	880	870	0.00709	0	0:00:06.207336
44020	880	880	0.664	1	0:00:06.205836
44040	880	-1	0.0	0	0:00:06.212648
44060	881	881	0.216	1	0:00:06.323511
44080	881	881	0.177	1	0:00:06.334985
44100	882	-1	0.0	0	0:00:06.208035
44120	882	-1	0.0	0	0:00:06.212623
44140	882	-1	0.0	0	0:00:06.219854
44160	883	883	0.523	1	0:00:06.220406
44180	883	-1	0.0	0	0:00:06.233085
44200	884	884	0.518	1	0:00:06.230256
44220	884	884	0.279	1	0:00:06.222751
44240	884	884	0.462	1	0:00:06.227729
44260	885	911	0.343	0	0:00:06.224578
44280	885	-1	0.0	0	0:00:06.231094
44300	886	886	0.705	1	0:00:06.219358
44320	886	886	0.8	1	0:00:06.232711
44340	886	886	0.8	1	0:00:06.239703
44360	887	-1	0.0	0	0:00:06.245641
44380	887	735	0.374	0	0:00:06.355724
44400	888	-1	0.0	0	0:00:06.225453
44420	888	888	0.289	1	0:00:06.224248
44440	888	-1	0.0	0	0:00:06.239394
44460	889	889	0.441	1	0:00:06.235926
44480	889	889	0.192	1	0:00:06.227326
44500	890	645	0.0772	0	0:00:06.230521
44520	890	890	0.8	1	0:00:06.233038
44540	890	890	0.8	1	0:00:06.234516
44560	891	830	0.233	0	0:00:06.234697
44580	891	670	0.0812	0	0:00:06.212538
44600	892	-1	0.0	0	0:00:06.221706
44620	892	892	0.117	1	0:00:06.228497
44640	892	892	0.13	1	0:00:06.221372
44660	893	-1	0.0	0	0:00:06.223730
44680	893	893	0.326	1	0:00:06.338698
44700	894	894	0.17	1	0:00:06.346212
44720	894	651	0.381	0	0:00:06.201316
44740	894	564	0.0816	0	0:00:06.229321
44760	895	895	0.8	1	0:00:06.209180
44780	895	895	0.374	1	0:00:06.209456
44800	896	896	0.212	1	0:00:06.225960
44820	896	896	0.8	1	0:00:06.218542
44840	896	999	0.0241	0	0:00:06.209990
44860	897	-1	0.0	0	0:00:06.214103
44880	897	897	0.255	1	0:00:06.221597
44900	898	-1	0.0	0	0:00:06.230441
44920	898	737	0.231	0	0:00:06.224174
44940	898	-1	0.0	0	0:00:06.223817
44960	899	756	0.1	0	0:00:06.224633
44980	899	719	0.129	0	0:00:06.229662
45000	900	900	0.8	1	0:00:06.337908
45020	900	900	0.217	1	0:00:06.224789
45040	900	900	0.8	1	0:00:06.225421
45060	901	653	0.345	0	0:00:06.219093
45080	901	-1	0.0	0	0:00:06.214581
45100	902	902	0.691	1	0:00:06.206168
45120	902	902	0.27	1	0:00:06.223404
45140	902	902	0.59	1	0:00:06.190610
45160	903	903	0.422	1	0:00:06.206748
45180	903	903	0.62	1	0:00:06.219970
45200	904	905	0.515	0	0:00:06.217350
45220	904	904	0.8	1	0:00:06.220959
45240	904	904	0.8	1	0:00:06.216086
45260	905	794	0.352	0	0:00:06.224947
45280	905	-1	0.0	0	0:00:06.209603
45300	906	906	0.8	1	0:00:06.322718
45320	906	457	0.0407	0	0:00:06.343866
45340	906	834	0.402	0	0:00:06.205786
45360	907	907	0.406	1	0:00:06.206097
45380	907	907	0.134	1	0:00:06.216366
45400	908	895	0.117	0	0:00:06.208420
45420	908	908	0.28	1	0:00:06.204265
45440	908	404	0.8	0	0:00:06.218421
45460	909	909	0.18	1	0:00:06.221586
45480	909	-1	0.0	0	0:00:06.198167
45500	910	641	0.8	0	0:00:06.218959
45520	910	930	0.218	0	0:00:06.217212
45540	910	910	0.778	1	0:00:06.208492
45560	911	-1	0.0	0	0:00:06.204030
45580	911	911	0.63	1	0:00:06.215172
45600	912	677	0.0608	0	0:00:06.213404
45620	912	912	0.651	1	0:00:06.383565
45640	912	-1	0.0	0	0:00:06.220566
45660	913	51	0.234	0	0:00:06.225258
45680	913	913	0.502	1	0:00:06.221097
45700	914	914	0.628	1	0:00:06.212182
45720	914	914	0.8	1	0:00:06.207187
45740	914	914	0.458	1	0:00:06.211727
45760	915	915	0.378	1	0:00:06.208395
45780	915	915	0.418	1	0:00:06.200962
45800	916	916	0.4	1	0:00:06.201181
45820	916	916	0.547	1	0:00:06.200136
45840	916	916	0.324	1	0:00:06.202916
45860	917	917	0.244	1	0:00:06.213850
45880	917	921	0.778	0	0:00:06.204684
45900	918	918	0.8	1	0:00:06.221593
45920	918	519	0.00878	0	0:00:06.328896
45940	918	918	0.8	1	0:00:06.321656
45960	919	-1	0.0	0	0:00:06.215586
45980	919	919	0.68	1	0:00:06.213749
46000	920	920	0.302	1	0:00:06.201304
46020	920	920	0.0573	1	0:00:06.207322
46040	920	920	0.146	1	0:00:06.222723
46060	921	860	0.0205	0	0:00:06.222183
46080	921	918	0.351	0	0:00:06.217589
46100	922	922	0.696	1	0:00:06.225748
46120	922	922	0.561	1	0:00:06.224930
46140	922	749	0.247	0	0:00:06.228073
46160	923	923	0.341	1	0:00:06.230258
46180	923	926	0.664	0	0:00:06.207297
46200	924	924	0.31	1	0:00:06.216689
46220	924	965	0.0926	0	0:00:06.217045
46240	924	924	0.455	1	0:00:06.329227
46260	925	925	0.8	1	0:00:06.219064
46280	925	925	0.8	1	0:00:06.214392
46300	926	926	0.559	1	0:00:06.214246
46320	926	926	0.241	1	0:00:06.215385
46340	926	926	0.8	1	0:00:06.216864
46360	927	927	0.8	1	0:00:06.220641
46380	927	927	0.687	1	0:00:06.210307
46400	928	927	0.077	0	0:00:06.215134
46420	928	935	0.205	0	0:00:06.209421
46440	928	928	0.623	1	0:00:06.206371
46460	929	-1	0.0	0	0:00:06.225728
46480	929	-1	0.0	0	0:00:06.220368
46500	930	930	0.0463	1	0:00:06.225173
46520	930	930	0.691	1	0:00:06.232628
46540	930	930	0.384	1	0:00:06.344928
46560	931	-1	0.0	0	0:00:06.348501
46580	931	931	0.687	1	0:00:06.228977
46600	932	932	0.345	1	0:00:06.234088
46620	932	932	0.0344	1	0:00:06.227899
46640	932	932	0.8	1	0:00:06.218374
46660	933	933	0.135	1	0:00:06.227762
46680	933	965	0.0294	0	0:00:06.222889
46700	934	934	0.211	1	0:00:06.220844
46720	934	-1	0.0	0	0:00:06.202256
46740	934	934	0.8	1	0:00:06.212057
46760	935	964	0.00169	0	0:00:06.205251
46780	935	935	0.169	1	0:00:06.213183
46800	936	-1	0.0	0	0:00:06.207592
46820	936	936	0.721	1	0:00:06.203084
46840	936	936	0.664	1	0:00:06.197077
46860	937	937	0.8	1	0:00:06.323316
46880	937	937	0.8	1	0:00:06.196324
46900	938	938	0.421	1	0:00:06.209642
46920	938	938	0.8	1	0:00:06.198875
46940	938	924	0.348	0	0:00:06.206627
46960	939	954	0.8	0	0:00:06.208116
46980	939	939	0.721	1	0:00:06.207460
47000	940	-1	0.0	0	0:00:06.210454
47020	940	940	0.778	1	0:00:06.210556
47040	940	940	0.0782	1	0:00:06.222239
47060	941	941	0.00583	1	0:00:06.216983
47080	941	941	0.8	1	0:00:06.219567
47100	942	942	0.8	1	0:00:06.219262
47120	942	306	0.0324	0	0:00:06.214909
47140	942	942	0.8	1	0:00:06.221132
47160	943	943	0.16	1	0:00:06.330609
47180	943	943	0.527	1	0:00:06.329316
47200	944	946	0.8	0	0:00:06.217992
47220	944	944	0.8	1	0:00:06.213814
47240	944	944	0.8	1	0:00:06.217310
47260	945	945	0.333	1	0:00:06.201801
47280	945	945	0.445	1	0:00:06.211715
47300	946	946	0.8	1	0:00:06.217698
47320	946	946	0.778	1	0:00:06.215802
47340	946	946	0.664	1	0:00:06.216901
47360	947	947	0.638	1	0:00:06.223292
47380	947	947	0.63	1	0:00:06.209321
47400	948	948	0.62	1	0:00:06.214892
47420	948	948	0.634	1	0:00:06.220324
47440	948	948	0.8	1	0:00:06.230400
47460	949	-1	0.0	0	0:00:06.222146
47480	949	949	0.8	1	0:00:06.353550
47500	950	-1	0.0	0	0:00:06.225595
47520	950	951	0.351	0	0:00:06.230225
47540	950	951	0.0195	0	0:00:06.228682
47560	951	950	0.8	0	0:00:06.231498
47580	951	951	0.778	1	0:00:06.233578
47600	952	90	0.764	0	0:00:06.223302
47620	952	952	0.8	1	0:00:06.236433
47640	952	948	0.222	0	0:00:06.229934
47660	953	-1	0.0	0	0:00:06.228830
47680	953	953	0.154	1	0:00:06.230574
47700	954	-1	0.0	0	0:00:06.231752
47720	954	-1	0.0	0	0:00:06.222788
47740	954	940	0.161	0	0:00:06.225380
47760	955	955	0.172	1	0:00:06.217026
47780	955	955	0.8	1	0:00:06.379807
47800	956	956	0.079	1	0:00:06.350543
47820	956	956	0.433	1	0:00:06.221950
47840	956	943	0.00458	0	0:00:06.217841
47860	957	949	0.233	0	0:00:06.219787
47880	957	989	0.0979	0	0:00:06.200943
47900	958	663	0.027	0	0:00:06.211718
47920	958	958	0.638	1	0:00:06.210338
47940	958	-1	0.0	0	0:00:06.206389
47960	959	-1	0.0	0	0:00:06.206500
47980	959	959	0.8	1	0:00:06.215034
48000	960	-1	0.0	0	0:00:06.212708
48020	960	923	0.388	0	0:00:06.194380
48040	960	960	0.0943	1	0:00:06.210520
48060	961	963	0.8	0	0:00:06.218757
48080	961	930	0.199	0	0:00:06.207492
48100	962	962	0.473	1	0:00:06.328943
48120	962	962	0.389	1	0:00:06.217663
48140	962	509	0.173	0	0:00:06.223712
48160	963	963	0.299	1	0:00:06.215256
48180	963	-1	0.0	0	0:00:06.214067
48200	964	964	0.51	1	0:00:06.217133
48220	964	964	0.632	1	0:00:06.221700
48240	964	808	0.0989	0	0:00:06.215243
48260	965	51	0.116	0	0:00:06.207125
48280	965	924	0.0472	0	0:00:06.214808
48300	966	-1	0.0	0	0:00:06.219615
48320	966	966	0.356	1	0:00:06.190662
48340	966	966	0.8	1	0:00:06.208997
48360	967	967	0.312	1	0:00:06.214221
48380	967	967	0.302	1	0:00:06.217037
48400	968	463	0.0107	0	0:00:06.335326
48420	968	441	0.191	0	0:00:06.349256
48440	968	-1	0.0	0	0:00:06.224231
48460	969	968	0.0547	0	0:00:06.222708
48480	969	796	0.157	0	0:00:06.220841
48500	970	795	0.7	0	0:00:06.212221
48520	970	-1	0.0	0	0:00:06.204843
48540	970	979	0.0421	0	0:00:06.205380
48560	971	971	0.8	1	0:00:06.211775
48580	971	971	0.444	1	0:00:06.210620
48600	972	979	0.547	0	0:00:06.209348
48620	972	972	0.424	1	0:00:06.214999
48640	972	500	0.402	0	0:00:06.213425
48660	973	973	0.279	1	0:00:06.214570
48680	973	973	0.0941	1	0:00:06.199174
48700	974	974	0.778	1	0:00:06.208553
48720	974	974	0.8	1	0:00:06.337724
48740	974	974	0.245	1	0:00:06.208967
48760	975	975	0.764	1	0:00:06.214939
48780	975	975	0.0119	1	0:00:06.223752
48800	976	-1	0.0	0	0:00:06.211917
48820	976	976	0.146	1	0:00:06.222270
48840	976	976	0.244	1	0:00:06.226208
48860	977	977	0.065	1	0:00:06.227029
48880	977	976	0.8	0	0:00:06.225570
48900	978	-1	0.0	0	0:00:06.224818
48920	978	976	0.0243	0	0:00:06.222356
48940	978	-1	0.0	0	0:00:06.229844
48960	979	979	0.764	1	0:00:06.231232
48980	979	979	0.192	1	0:00:06.228743
49000	980	980	0.8	1	0:00:06.233125
49020	980	689	0.147	0	0:00:06.395147
49040	980	980	0.184	1	0:00:06.359792
49060	981	981	0.753	1	0:00:06.227048
49080	981	430	0.135	0	0:00:06.228360
49100	982	982	0.559	1	0:00:06.213895
49120	982	982	0.778	1	0:00:06.222759
49140	982	457	0.268	0	0:00:06.219459
49160	983	-1	0.0	0	0:00:06.222617
49180	983	983	0.778	1	0:00:06.205486
49200	984	984	0.656	1	0:00:06.217478
49220	984	984	0.8	1	0:00:06.202855
49240	984	984	0.8	1	0:00:06.212091
49260	985	985	0.8	1	0:00:06.200182
49280	985	985	0.8	1	0:00:06.186667
49300	986	986	0.8	1	0:00:06.201073
49320	986	986	0.8	1	0:00:06.205637
49340	986	986	0.8	1	0:00:06.327439
49360	987	998	0.596	0	0:00:06.222324
49380	987	998	0.8	0	0:00:06.213557
49400	988	988	0.273	1	0:00:06.215238
49420	988	988	0.8	1	0:00:06.215494
49440	988	988	0.293	1	0:00:06.211249
49460	989	989	0.263	1	0:00:06.210873
49480	989	989	0.636	1	0:00:06.216820
49500	990	990	0.494	1	0:00:06.208097
49520	990	-1	0.0	0	0:00:06.215015
49540	990	990	0.519	1	0:00:06.217497
49560	991	991	0.8	1	0:00:06.215717
49580	991	991	0.8	1	0:00:06.222317
49600	992	992	0.8	1	0:00:06.226872
49620	992	947	0.3	0	0:00:06.226639
49640	992	947	0.571	0	0:00:06.347405
49660	993	993	0.8	1	0:00:06.342422
49680	993	993	0.8	1	0:00:06.230904
49700	994	994	0.8	1	0:00:06.240226
49720	994	994	0.8	1	0:00:06.234723
49740	994	994	0.0739	1	0:00:06.243685
49760	995	995	0.151	1	0:00:06.245317
49780	995	995	0.8	1	0:00:06.236302
49800	996	996	0.52	1	0:00:06.247950
49820	996	-1	0.0	0	0:00:06.243182
49840	996	996	0.696	1	0:00:06.228798
49860	997	947	0.764	0	0:00:06.223762
49880	997	997	0.517	1	0:00:06.227062
49900	998	998	0.574	1	0:00:06.218271
49920	998	998	0.307	1	0:00:06.223631
49940	998	987	0.71	0	0:00:06.210754
49960	999	999	0.106	1	0:00:06.323969
49980	999	-1	0.0	0	0:00:06.211867
