idx	label	predict	radius	correct	time
0	0	-1	0.0	0	0:01:02.186344
20	0	0	0.71	1	0:00:17.806776
40	0	0	0.8	1	0:00:17.745895
60	1	1	0.0638	1	0:00:17.821280
80	1	-1	0.0	0	0:00:17.757139
100	2	2	0.367	1	0:00:17.744422
120	2	2	0.764	1	0:00:17.753007
140	2	2	0.201	1	0:00:17.819989
160	3	3	0.293	1	0:00:17.717518
180	3	3	0.8	1	0:00:17.796601
200	4	-1	0.0	0	0:00:17.802819
220	4	-1	0.0	0	0:00:17.739797
240	4	4	0.0493	1	0:00:17.753877
260	5	5	0.147	1	0:00:17.817686
280	5	5	0.743	1	0:00:17.748779
300	6	6	0.563	1	0:00:17.789209
320	6	6	0.264	1	0:00:17.753947
340	6	-1	0.0	0	0:00:17.696731
360	7	7	0.721	1	0:00:17.829184
380	7	7	0.8	1	0:00:17.743162
400	8	8	0.8	1	0:00:17.744507
420	8	-1	0.0	0	0:00:17.729526
440	8	8	0.651	1	0:00:17.820591
460	9	9	0.498	1	0:00:17.779165
480	9	-1	0.0	0	0:00:17.563228
500	10	10	0.487	1	0:00:17.830662
520	10	82	0.0367	0	0:00:17.806202
540	10	10	0.26	1	0:00:17.858495
560	11	11	0.304	1	0:00:17.874412
580	11	11	0.764	1	0:00:17.830309
600	12	-1	0.0	0	0:00:17.842020
620	12	12	0.8	1	0:00:17.801316
640	12	12	0.128	1	0:00:17.787699
660	13	13	0.8	1	0:00:17.816012
680	13	-1	0.0	0	0:00:17.773303
700	14	14	0.8	1	0:00:17.772248
720	14	14	0.8	1	0:00:17.806805
740	14	14	0.8	1	0:00:17.721756
760	15	15	0.8	1	0:00:17.779217
780	15	15	0.0363	1	0:00:17.804967
800	16	16	0.753	1	0:00:17.705868
820	16	16	0.498	1	0:00:17.817165
840	16	16	0.764	1	0:00:17.755328
860	17	17	0.753	1	0:00:17.764289
880	17	17	0.479	1	0:00:17.782990
900	18	18	0.364	1	0:00:17.789344
920	18	18	0.8	1	0:00:17.769166
940	18	18	0.8	1	0:00:17.704148
960	19	19	0.152	1	0:00:17.774181
980	19	19	0.473	1	0:00:17.802277
1000	20	20	0.677	1	0:00:17.791214
1020	20	20	0.8	1	0:00:17.797117
1040	20	20	0.8	1	0:00:17.728002
1060	21	-1	0.0	0	0:00:17.778995
1080	21	21	0.647	1	0:00:17.743795
1100	22	21	0.721	0	0:00:17.835351
1120	22	22	0.8	1	0:00:17.802770
1140	22	22	0.8	1	0:00:17.758376
1160	23	23	0.8	1	0:00:17.810534
1180	23	23	0.8	1	0:00:17.826060
1200	24	24	0.8	1	0:00:17.803884
1220	24	24	0.175	1	0:00:17.825599
1240	24	24	0.8	1	0:00:17.771917
1260	25	-1	0.0	0	0:00:17.611502
1280	25	25	0.486	1	0:00:17.750256
1300	26	26	0.449	1	0:00:17.734814
1320	26	868	0.0355	0	0:00:17.711396
1340	26	26	0.8	1	0:00:17.804584
1360	27	27	0.8	1	0:00:17.729813
1380	27	27	0.8	1	0:00:17.773413
1400	28	-1	0.0	0	0:00:17.818494
1420	28	28	0.8	1	0:00:17.794163
1440	28	28	0.8	1	0:00:17.781154
1460	29	29	0.8	1	0:00:17.760506
1480	29	96	0.0534	0	0:00:17.726290
1500	30	30	0.778	1	0:00:17.873821
1520	30	-1	0.0	0	0:00:17.782948
1540	30	32	0.469	0	0:00:17.774842
1560	31	31	0.753	1	0:00:17.765033
1580	31	31	0.8	1	0:00:17.811532
1600	32	26	0.244	0	0:00:17.766198
1620	32	32	0.632	1	0:00:17.793645
1640	32	-1	0.0	0	0:00:17.739803
1660	33	33	0.043	1	0:00:17.872130
1680	33	33	0.601	1	0:00:17.820688
1700	34	34	0.00721	1	0:00:17.883287
1720	34	842	0.00734	0	0:00:17.832929
1740	34	34	0.166	1	0:00:17.770217
1760	35	35	0.8	1	0:00:17.818369
1780	35	35	0.219	1	0:00:17.731450
1800	36	35	0.14	0	0:00:17.842853
1820	36	-1	0.0	0	0:00:17.750397
1840	36	35	0.63	0	0:00:17.804862
1860	37	35	0.182	0	0:00:17.737350
1880	37	37	0.487	1	0:00:17.789874
1900	38	38	0.628	1	0:00:17.818538
1920	38	38	0.358	1	0:00:17.839869
1940	38	38	0.715	1	0:00:17.852525
1960	39	39	0.313	1	0:00:17.749147
1980	39	39	0.229	1	0:00:17.755756
2000	40	40	0.333	1	0:00:17.771222
2020	40	40	0.177	1	0:00:17.831274
2040	40	46	0.098	0	0:00:17.857085
2060	41	41	0.8	1	0:00:17.797421
2080	41	64	0.0568	0	0:00:17.755862
2100	42	48	0.0962	0	0:00:17.789300
2120	42	42	0.357	1	0:00:17.825426
2140	42	42	0.102	1	0:00:17.768958
2160	43	43	0.429	1	0:00:17.801681
2180	43	43	0.127	1	0:00:17.783128
2200	44	44	0.16	1	0:00:17.734497
2220	44	44	0.8	1	0:00:17.774572
2240	44	44	0.8	1	0:00:17.830555
2260	45	45	0.8	1	0:00:17.805551
2280	45	45	0.395	1	0:00:17.838764
2300	46	46	0.47	1	0:00:17.814849
2320	46	489	0.0374	0	0:00:17.795578
2340	46	46	0.147	1	0:00:17.812275
2360	47	-1	0.0	0	0:00:17.788552
2380	47	47	0.533	1	0:00:17.791038
2400	48	48	0.189	1	0:00:17.777542
2420	48	48	0.403	1	0:00:17.810178
2440	48	-1	0.0	0	0:00:17.769156
2460	49	50	0.715	0	0:00:17.884502
2480	49	646	0.162	0	0:00:17.823562
2500	50	50	0.328	1	0:00:17.839810
2520	50	50	0.273	1	0:00:17.853787
2540	50	-1	0.0	0	0:00:17.774666
2560	51	51	0.743	1	0:00:17.785123
2580	51	51	0.8	1	0:00:17.777187
2600	52	111	0.218	0	0:00:17.769379
2620	52	-1	0.0	0	0:00:17.720384
2640	52	53	0.721	0	0:00:17.852052
2660	53	53	0.401	1	0:00:17.834126
2680	53	25	0.0515	0	0:00:17.739889
2700	54	57	0.8	0	0:00:17.808133
2720	54	57	0.8	0	0:00:17.764087
2740	54	54	0.735	1	0:00:17.769711
2760	55	55	0.0811	1	0:00:17.786125
2780	55	55	0.177	1	0:00:17.764745
2800	56	56	0.8	1	0:00:17.854506
2820	56	56	0.5	1	0:00:17.765865
2840	56	56	0.8	1	0:00:17.746422
2860	57	57	0.8	1	0:00:17.799048
2880	57	57	0.399	1	0:00:17.755835
2900	58	-1	0.0	0	0:00:17.819213
2920	58	-1	0.0	0	0:00:17.818722
2940	58	65	0.11	0	0:00:17.754616
2960	59	59	0.8	1	0:00:17.709877
2980	59	59	0.8	1	0:00:17.823045
3000	60	61	0.495	0	0:00:17.804047
3020	60	66	0.8	0	0:00:17.719983
3040	60	52	0.163	0	0:00:17.798987
3060	61	60	0.0916	0	0:00:17.727397
3080	61	61	0.8	1	0:00:17.752290
3100	62	61	0.316	0	0:00:17.772243
3120	62	-1	0.0	0	0:00:17.742199
3140	62	-1	0.0	0	0:00:17.791859
3160	63	63	0.8	1	0:00:17.854812
3180	63	63	0.8	1	0:00:17.754906
3200	64	64	0.778	1	0:00:17.828675
3220	64	64	0.343	1	0:00:17.716840
3240	64	64	0.0377	1	0:00:17.735862
3260	65	65	0.778	1	0:00:17.762256
3280	65	65	0.389	1	0:00:17.802289
3300	66	42	0.00539	0	0:00:17.781061
3320	66	66	0.312	1	0:00:17.753474
3340	66	-1	0.0	0	0:00:17.789101
3360	67	-1	0.0	0	0:00:17.814517
3380	67	67	0.603	1	0:00:17.737991
3400	68	111	0.0357	0	0:00:17.831895
3420	68	68	0.8	1	0:00:17.754696
3440	68	66	0.8	0	0:00:17.735570
3460	69	69	0.721	1	0:00:17.753870
3480	69	69	0.8	1	0:00:17.763067
3500	70	70	0.8	1	0:00:17.808385
3520	70	70	0.445	1	0:00:17.735639
3540	70	70	0.8	1	0:00:17.778866
3560	71	-1	0.0	0	0:00:17.801642
3580	71	71	0.615	1	0:00:17.743460
3600	72	72	0.8	1	0:00:17.607013
3620	72	72	0.8	1	0:00:17.806077
3640	72	72	0.8	1	0:00:17.752988
3660	73	78	0.0861	0	0:00:17.726224
3680	73	815	0.728	0	0:00:17.692870
3700	74	74	0.186	1	0:00:17.784996
3720	74	74	0.572	1	0:00:17.709337
3740	74	74	0.549	1	0:00:17.815208
3760	75	75	0.8	1	0:00:17.820507
3780	75	75	0.662	1	0:00:17.804963
3800	76	76	0.469	1	0:00:17.815747
3820	76	76	0.572	1	0:00:17.791487
3840	76	76	0.778	1	0:00:17.792866
3860	77	77	0.8	1	0:00:17.770905
3880	77	77	0.22	1	0:00:17.833172
3900	78	78	0.8	1	0:00:17.786329
3920	78	70	0.8	0	0:00:17.860275
3940	78	78	0.8	1	0:00:17.753626
3960	79	79	0.175	1	0:00:17.667712
3980	79	79	0.53	1	0:00:17.762361
4000	80	80	0.8	1	0:00:17.763487
4020	80	80	0.494	1	0:00:17.797171
4040	80	80	0.696	1	0:00:17.801002
4060	81	81	0.21	1	0:00:17.840172
4080	81	81	0.8	1	0:00:17.791797
4100	82	82	0.764	1	0:00:17.760393
4120	82	82	0.743	1	0:00:17.804789
4140	82	82	0.8	1	0:00:17.834534
4160	83	-1	0.0	0	0:00:17.783769
4180	83	83	0.8	1	0:00:17.825684
4200	84	84	0.239	1	0:00:17.716614
4220	84	84	0.8	1	0:00:17.823758
4240	84	84	0.8	1	0:00:17.786489
4260	85	86	0.266	0	0:00:17.737288
4280	85	85	0.8	1	0:00:17.818005
4300	86	86	0.8	1	0:00:17.821663
4320	86	86	0.8	1	0:00:17.749753
4340	86	86	0.8	1	0:00:17.796665
4360	87	87	0.8	1	0:00:17.804309
4380	87	7	0.0495	0	0:00:17.808740
4400	88	88	0.71	1	0:00:17.745654
4420	88	21	0.251	0	0:00:17.835273
4440	88	88	0.8	1	0:00:17.766157
4460	89	89	0.8	1	0:00:17.799810
4480	89	89	0.505	1	0:00:17.743416
4500	90	90	0.8	1	0:00:17.777605
4520	90	90	0.8	1	0:00:17.741576
4540	90	90	0.8	1	0:00:17.728378
4560	91	91	0.8	1	0:00:17.685622
4580	91	91	0.8	1	0:00:17.855856
4600	92	92	0.0447	1	0:00:17.752092
4620	92	92	0.8	1	0:00:17.767633
4640	92	92	0.427	1	0:00:17.777250
4660	93	93	0.8	1	0:00:17.825760
4680	93	93	0.8	1	0:00:17.765770
4700	94	94	0.8	1	0:00:17.732498
4720	94	94	0.254	1	0:00:17.796788
4740	94	94	0.8	1	0:00:17.819489
4760	95	95	0.8	1	0:00:17.750096
4780	95	95	0.8	1	0:00:17.825533
4800	96	96	0.8	1	0:00:17.792220
4820	96	96	0.8	1	0:00:17.797193
4840	96	96	0.8	1	0:00:17.767983
4860	97	97	0.8	1	0:00:17.769442
4880	97	97	0.743	1	0:00:17.755245
4900	98	98	0.166	1	0:00:17.809520
4920	98	98	0.8	1	0:00:17.790203
4940	98	98	0.0434	1	0:00:17.760606
4960	99	-1	0.0	0	0:00:17.780529
4980	99	99	0.423	1	0:00:17.814251
5000	100	100	0.8	1	0:00:17.753557
5020	100	100	0.8	1	0:00:17.748551
5040	100	99	0.218	0	0:00:17.761760
5060	101	101	0.654	1	0:00:17.745099
5080	101	-1	0.0	0	0:00:17.782931
5100	102	102	0.8	1	0:00:17.829792
5120	102	102	0.8	1	0:00:17.759602
5140	102	102	0.8	1	0:00:17.803473
5160	103	103	0.654	1	0:00:17.783680
5180	103	103	0.564	1	0:00:17.858930
5200	104	104	0.208	1	0:00:17.804366
5220	104	48	0.24	0	0:00:17.774877
5240	104	292	0.0398	0	0:00:17.761708
5260	105	105	0.8	1	0:00:17.811126
5280	105	-1	0.0	0	0:00:17.719104
5300	106	106	0.6	1	0:00:17.788758
5320	106	106	0.0904	1	0:00:17.700451
5340	106	106	0.0963	1	0:00:17.873380
5360	107	-1	0.0	0	0:00:17.717991
5380	107	107	0.362	1	0:00:17.848610
5400	108	-1	0.0	0	0:00:17.753334
5420	108	108	0.8	1	0:00:17.797239
5440	108	108	0.8	1	0:00:17.864883
5460	109	973	0.102	0	0:00:17.749537
5480	109	993	0.0556	0	0:00:17.760929
5500	110	110	0.8	1	0:00:17.823067
5520	110	110	0.8	1	0:00:17.801026
5540	110	110	0.8	1	0:00:17.740430
5560	111	111	0.715	1	0:00:17.761113
5580	111	111	0.448	1	0:00:17.722809
5600	112	112	0.078	1	0:00:17.768449
5620	112	-1	0.0	0	0:00:17.850256
5640	112	-1	0.0	0	0:00:17.840175
5660	113	-1	0.0	0	0:00:17.815081
5680	113	113	0.365	1	0:00:17.779840
5700	114	113	0.294	0	0:00:17.761281
5720	114	114	0.8	1	0:00:17.804111
5740	114	114	0.501	1	0:00:17.774963
5760	115	111	0.0079	0	0:00:17.778591
5780	115	115	0.0515	1	0:00:17.745427
5800	116	116	0.8	1	0:00:17.860403
5820	116	116	0.11	1	0:00:17.834655
5840	116	305	0.238	0	0:00:17.800344
5860	117	117	0.331	1	0:00:17.760788
5880	117	117	0.8	1	0:00:17.765511
5900	118	118	0.8	1	0:00:17.819323
5920	118	118	0.141	1	0:00:17.745863
5940	118	-1	0.0	0	0:00:17.766600
5960	119	118	0.298	0	0:00:17.759456
5980	119	-1	0.0	0	0:00:17.830512
6000	120	-1	0.0	0	0:00:17.783534
6020	120	71	0.0961	0	0:00:17.810601
6040	120	120	0.728	1	0:00:17.847756
6060	121	121	0.8	1	0:00:17.762761
6080	121	121	0.544	1	0:00:17.783790
6100	122	122	0.778	1	0:00:17.641739
6120	122	122	0.327	1	0:00:17.727968
6140	122	122	0.435	1	0:00:17.773435
6160	123	-1	0.0	0	0:00:17.809765
6180	123	123	0.778	1	0:00:17.771891
6200	124	-1	0.0	0	0:00:17.837703
6220	124	118	0.387	0	0:00:17.796148
6240	124	880	0.266	0	0:00:17.781014
6260	125	125	0.507	1	0:00:17.792629
6280	125	125	0.743	1	0:00:17.796526
6300	126	126	0.499	1	0:00:17.737791
6320	126	125	0.0224	0	0:00:17.798259
6340	126	-1	0.0	0	0:00:17.862645
6360	127	127	0.8	1	0:00:17.785762
6380	127	127	0.135	1	0:00:17.799633
6400	128	128	0.8	1	0:00:17.794784
6420	128	128	0.778	1	0:00:17.829275
6440	128	128	0.8	1	0:00:17.788426
6460	129	129	0.8	1	0:00:17.770526
6480	129	129	0.8	1	0:00:17.747365
6500	130	130	0.262	1	0:00:17.774714
6520	130	130	0.8	1	0:00:17.807585
6540	130	601	0.429	0	0:00:17.787023
6560	131	131	0.231	1	0:00:17.789979
6580	131	132	0.778	0	0:00:17.794086
6600	132	132	0.728	1	0:00:17.836357
6620	132	132	0.8	1	0:00:17.754271
6640	132	132	0.565	1	0:00:17.741264
6660	133	337	0.00734	0	0:00:17.762068
6680	133	133	0.242	1	0:00:17.822750
6700	134	132	0.529	0	0:00:17.757154
6720	134	134	0.305	1	0:00:17.743432
6740	134	-1	0.0	0	0:00:17.799020
6760	135	135	0.8	1	0:00:17.763167
6780	135	135	0.8	1	0:00:17.806538
6800	136	136	0.8	1	0:00:17.718694
6820	136	136	0.691	1	0:00:17.780143
6840	136	136	0.502	1	0:00:17.802668
6860	137	137	0.8	1	0:00:17.693069
6880	137	148	0.194	0	0:00:17.621913
6900	138	138	0.673	1	0:00:17.769351
6920	138	138	0.8	1	0:00:17.833488
6940	138	138	0.582	1	0:00:17.777161
6960	139	139	0.8	1	0:00:17.811018
6980	139	139	0.728	1	0:00:17.744165
7000	140	140	0.8	1	0:00:17.824300
7020	140	140	0.18	1	0:00:17.712987
7040	140	140	0.552	1	0:00:17.808143
7060	141	-1	0.0	0	0:00:17.764071
7080	141	141	0.0277	1	0:00:17.698850
7100	142	142	0.764	1	0:00:17.739678
7120	142	142	0.8	1	0:00:17.820601
7140	142	142	0.8	1	0:00:17.756660
7160	143	143	0.119	1	0:00:17.790996
7180	143	143	0.8	1	0:00:17.765663
7200	144	-1	0.0	0	0:00:17.876183
7220	144	144	0.469	1	0:00:17.740312
7240	144	144	0.313	1	0:00:17.843417
7260	145	145	0.8	1	0:00:17.719768
7280	145	145	0.778	1	0:00:17.796724
7300	146	-1	0.0	0	0:00:17.768976
7320	146	-1	0.0	0	0:00:17.741558
7340	146	146	0.594	1	0:00:17.817553
7360	147	147	0.328	1	0:00:17.803409
7380	147	147	0.764	1	0:00:17.788065
7400	148	148	0.8	1	0:00:17.744667
7420	148	148	0.715	1	0:00:17.803124
7440	148	148	0.8	1	0:00:17.793270
7460	149	149	0.285	1	0:00:17.803216
7480	149	149	0.764	1	0:00:17.769448
7500	150	360	0.322	0	0:00:17.827177
7520	150	150	0.209	1	0:00:17.846508
7540	150	-1	0.0	0	0:00:17.762238
7560	151	158	0.278	0	0:00:17.781382
7580	151	245	0.0555	0	0:00:17.749175
7600	152	152	0.705	1	0:00:17.765550
7620	152	152	0.233	1	0:00:17.744201
7640	152	152	0.118	1	0:00:17.800984
7660	153	153	0.155	1	0:00:17.802645
7680	153	222	0.0104	0	0:00:17.781276
7700	154	154	0.147	1	0:00:17.793552
7720	154	154	0.621	1	0:00:17.831517
7740	154	154	0.155	1	0:00:17.848917
7760	155	194	0.00627	0	0:00:17.782367
7780	155	155	0.285	1	0:00:17.772202
7800	156	156	0.8	1	0:00:17.870850
7820	156	156	0.778	1	0:00:17.811184
7840	156	156	0.728	1	0:00:17.821814
7860	157	157	0.329	1	0:00:17.702032
7880	157	-1	0.0	0	0:00:17.817904
7900	158	158	0.508	1	0:00:17.762302
7920	158	195	0.8	0	0:00:17.830416
7940	158	-1	0.0	0	0:00:17.755054
7960	159	159	0.5	1	0:00:17.794314
7980	159	159	0.8	1	0:00:17.816241
8000	160	160	0.8	1	0:00:17.737849
8020	160	160	0.205	1	0:00:17.745598
8040	160	205	0.0277	0	0:00:17.758765
8060	161	161	0.251	1	0:00:17.778684
8080	161	-1	0.0	0	0:00:17.816191
8100	162	162	0.8	1	0:00:17.768231
8120	162	162	0.56	1	0:00:17.769420
8140	162	162	0.778	1	0:00:17.775342
8160	163	-1	0.0	0	0:00:17.834274
8180	163	281	0.0652	0	0:00:17.829961
8200	164	-1	0.0	0	0:00:17.772468
8220	164	-1	0.0	0	0:00:17.743702
8240	164	164	0.8	1	0:00:17.849296
8260	165	246	0.109	0	0:00:17.867874
8280	165	240	0.0993	0	0:00:17.764276
8300	166	162	0.537	0	0:00:17.735395
8320	166	162	0.491	0	0:00:17.806543
8340	166	-1	0.0	0	0:00:17.774428
8360	167	162	0.00765	0	0:00:17.858443
8380	167	166	0.463	0	0:00:17.831503
8400	168	168	0.0262	1	0:00:17.794485
8420	168	-1	0.0	0	0:00:17.817224
8440	168	168	0.691	1	0:00:17.833165
8460	169	169	0.244	1	0:00:17.739768
8480	169	169	0.361	1	0:00:17.715045
8500	170	-1	0.0	0	0:00:17.843373
8520	170	202	0.112	0	0:00:17.755133
8540	170	192	0.00872	0	0:00:17.674178
8560	171	173	0.138	0	0:00:17.761450
8580	171	-1	0.0	0	0:00:17.763145
8600	172	172	0.158	1	0:00:17.815235
8620	172	172	0.597	1	0:00:17.829049
8640	172	253	0.606	0	0:00:17.775918
8660	173	173	0.8	1	0:00:17.836011
8680	173	173	0.21	1	0:00:17.776226
8700	174	174	0.528	1	0:00:17.776635
8720	174	174	0.214	1	0:00:17.814494
8740	174	174	0.778	1	0:00:17.869481
8760	175	208	0.182	0	0:00:17.775694
8780	175	-1	0.0	0	0:00:17.815433
8800	176	176	0.743	1	0:00:17.723059
8820	176	171	0.0274	0	0:00:17.825004
8840	176	176	0.753	1	0:00:17.825310
8860	177	177	0.632	1	0:00:17.763891
8880	177	177	0.171	1	0:00:17.730851
8900	178	178	0.8	1	0:00:17.789764
8920	178	-1	0.0	0	0:00:17.786427
8940	178	178	0.8	1	0:00:17.715355
8960	179	-1	0.0	0	0:00:17.736884
8980	179	179	0.8	1	0:00:17.780871
9000	180	180	0.0805	1	0:00:17.742676
9020	180	-1	0.0	0	0:00:17.760473
9040	180	163	0.0489	0	0:00:17.778023
9060	181	-1	0.0	0	0:00:17.836018
9080	181	181	0.442	1	0:00:17.756503
9100	182	-1	0.0	0	0:00:17.837785
9120	182	182	0.0537	1	0:00:17.844564
9140	182	182	0.211	1	0:00:17.859385
9160	183	-1	0.0	0	0:00:17.795614
9180	183	197	0.437	0	0:00:17.797223
9200	184	-1	0.0	0	0:00:17.798089
9220	184	827	0.313	0	0:00:17.623488
9240	184	184	0.17	1	0:00:17.755611
9260	185	185	0.735	1	0:00:17.764299
9280	185	185	0.71	1	0:00:17.764929
9300	186	203	0.0291	0	0:00:17.748648
9320	186	186	0.0721	1	0:00:17.867700
9340	186	-1	0.0	0	0:00:17.880732
9360	187	-1	0.0	0	0:00:17.761833
9380	187	200	0.319	0	0:00:17.781460
9400	188	188	0.45	1	0:00:17.754762
9420	188	-1	0.0	0	0:00:17.753294
9440	188	333	0.085	0	0:00:17.778683
9460	189	189	0.352	1	0:00:17.766326
9480	189	189	0.8	1	0:00:17.871196
9500	190	190	0.778	1	0:00:17.767960
9520	190	190	0.454	1	0:00:17.747679
9540	190	190	0.8	1	0:00:17.766548
9560	191	191	0.764	1	0:00:17.800429
9580	191	191	0.8	1	0:00:17.744530
9600	192	199	0.159	0	0:00:17.726516
9620	192	192	0.079	1	0:00:17.805419
9640	192	192	0.3	1	0:00:17.783633
9660	193	232	0.0581	0	0:00:17.765491
9680	193	186	0.146	0	0:00:17.817532
9700	194	-1	0.0	0	0:00:17.754350
9720	194	194	0.292	1	0:00:17.798185
9740	194	194	0.721	1	0:00:17.782961
9760	195	195	0.8	1	0:00:17.735440
9780	195	195	0.764	1	0:00:17.799664
9800	196	199	0.487	0	0:00:17.752562
9820	196	196	0.618	1	0:00:17.773543
9840	196	198	0.8	0	0:00:17.821111
9860	197	197	0.251	1	0:00:17.735859
9880	197	197	0.0565	1	0:00:17.716870
9900	198	196	0.0872	0	0:00:17.747236
9920	198	198	0.743	1	0:00:17.780974
9940	198	-1	0.0	0	0:00:17.793536
9960	199	203	0.647	0	0:00:17.769316
9980	199	199	0.764	1	0:00:17.778141
10000	200	200	0.0573	1	0:00:17.709883
10020	200	202	0.472	0	0:00:17.797320
10040	200	200	0.118	1	0:00:17.784120
10060	201	201	0.458	1	0:00:17.816449
10080	201	199	0.0649	0	0:00:17.844523
10100	202	202	0.8	1	0:00:17.746177
10120	202	184	0.128	0	0:00:17.731357
10140	202	202	0.115	1	0:00:17.773147
10160	203	-1	0.0	0	0:00:17.734205
10180	203	203	0.8	1	0:00:17.757971
10200	204	155	0.249	0	0:00:17.774352
10220	204	153	0.632	0	0:00:17.822051
10240	204	155	0.277	0	0:00:17.842030
10260	205	205	0.416	1	0:00:17.818852
10280	205	205	0.664	1	0:00:17.795347
10300	206	206	0.691	1	0:00:17.830035
10320	206	206	0.561	1	0:00:17.809153
10340	206	206	0.513	1	0:00:17.861813
10360	207	207	0.368	1	0:00:17.859542
10380	207	207	0.251	1	0:00:17.789658
10400	208	208	0.778	1	0:00:17.765292
10420	208	208	0.541	1	0:00:17.763717
10440	208	208	0.0142	1	0:00:17.800848
10460	209	209	0.571	1	0:00:17.796591
10480	209	208	0.455	0	0:00:17.793064
10500	210	210	0.00226	1	0:00:17.803620
10520	210	210	0.356	1	0:00:17.779114
10540	210	210	0.8	1	0:00:17.791742
10560	211	-1	0.0	0	0:00:17.784109
10580	211	-1	0.0	0	0:00:17.808225
10600	212	212	0.295	1	0:00:17.795085
10620	212	-1	0.0	0	0:00:17.766750
10640	212	212	0.664	1	0:00:17.753483
10660	213	213	0.691	1	0:00:17.777786
10680	213	-1	0.0	0	0:00:17.830585
10700	214	214	0.359	1	0:00:17.760314
10720	214	-1	0.0	0	0:00:17.791739
10740	214	214	0.452	1	0:00:17.806173
10760	215	208	0.144	0	0:00:17.736897
10780	215	216	0.209	0	0:00:17.794123
10800	216	-1	0.0	0	0:00:17.728820
10820	216	216	0.8	1	0:00:17.741216
10840	216	216	0.0872	1	0:00:17.788024
10860	217	217	0.642	1	0:00:17.739903
10880	217	217	0.8	1	0:00:17.744478
10900	218	218	0.8	1	0:00:17.750767
10920	218	218	0.753	1	0:00:17.820210
10940	218	218	0.728	1	0:00:17.774744
10960	219	219	0.333	1	0:00:17.798375
10980	219	-1	0.0	0	0:00:17.794365
11000	220	220	0.524	1	0:00:17.735431
11020	220	219	0.764	0	0:00:17.713639
11040	220	220	0.705	1	0:00:17.750386
11060	221	206	0.057	0	0:00:17.749891
11080	221	-1	0.0	0	0:00:17.844670
11100	222	270	0.136	0	0:00:17.779445
11120	222	-1	0.0	0	0:00:17.726591
11140	222	222	0.492	1	0:00:17.750167
11160	223	223	0.452	1	0:00:17.785136
11180	223	-1	0.0	0	0:00:17.691139
11200	224	-1	0.0	0	0:00:17.784095
11220	224	224	0.721	1	0:00:17.854750
11240	224	224	0.592	1	0:00:17.782356
11260	225	225	0.304	1	0:00:17.782097
11280	225	225	0.636	1	0:00:17.812609
11300	226	226	0.24	1	0:00:17.750473
11320	226	226	0.549	1	0:00:17.733880
11340	226	-1	0.0	0	0:00:17.736232
11360	227	227	0.549	1	0:00:17.766146
11380	227	227	0.623	1	0:00:17.893099
11400	228	228	0.591	1	0:00:17.750658
11420	228	228	0.8	1	0:00:17.711078
11440	228	228	0.8	1	0:00:17.760170
11460	229	229	0.625	1	0:00:17.780122
11480	229	229	0.8	1	0:00:17.810265
11500	230	230	0.447	1	0:00:17.871953
11520	230	230	0.572	1	0:00:17.747283
11540	230	230	0.764	1	0:00:17.759418
11560	231	230	0.8	0	0:00:17.798316
11580	231	231	0.735	1	0:00:17.733175
11600	232	232	0.8	1	0:00:17.695758
11620	232	-1	0.0	0	0:00:17.675221
11640	232	232	0.8	1	0:00:17.758539
11660	233	-1	0.0	0	0:00:17.778687
11680	233	233	0.0948	1	0:00:17.736803
11700	234	-1	0.0	0	0:00:17.741190
11720	234	234	0.514	1	0:00:17.851058
11740	234	234	0.8	1	0:00:17.709168
11760	235	235	0.414	1	0:00:17.777780
11780	235	234	0.00176	0	0:00:17.816037
11800	236	234	0.17	0	0:00:17.814405
11820	236	236	0.8	1	0:00:17.760820
11840	236	234	0.177	0	0:00:17.774177
11860	237	237	0.8	1	0:00:17.757164
11880	237	234	0.0733	0	0:00:17.740449
11900	238	241	0.362	0	0:00:17.757905
11920	238	238	0.0217	1	0:00:17.788564
11940	238	238	0.451	1	0:00:17.722051
11960	239	-1	0.0	0	0:00:17.711753
11980	239	239	0.19	1	0:00:17.715142
12000	240	238	0.764	0	0:00:17.745154
12020	240	-1	0.0	0	0:00:17.780228
12040	240	238	0.0286	0	0:00:17.770116
12060	241	241	0.764	1	0:00:17.752733
12080	241	241	0.8	1	0:00:17.800380
12100	242	242	0.448	1	0:00:17.800983
12120	242	-1	0.0	0	0:00:17.798332
12140	242	242	0.0788	1	0:00:17.751774
12160	243	243	0.503	1	0:00:17.780350
12180	243	243	0.491	1	0:00:17.771827
12200	244	244	0.8	1	0:00:17.910931
12220	244	244	0.743	1	0:00:17.707315
12240	244	244	0.8	1	0:00:17.859863
12260	245	245	0.8	1	0:00:17.776724
12280	245	245	0.753	1	0:00:17.785162
12300	246	-1	0.0	0	0:00:17.818182
12320	246	246	0.428	1	0:00:17.815808
12340	246	-1	0.0	0	0:00:17.732324
12360	247	247	0.603	1	0:00:17.865390
12380	247	-1	0.0	0	0:00:17.789445
12400	248	250	0.356	0	0:00:17.690694
12420	248	249	0.691	0	0:00:17.764368
12440	248	-1	0.0	0	0:00:17.820833
12460	249	249	0.667	1	0:00:17.756073
12480	249	249	0.529	1	0:00:17.750363
12500	250	169	0.045	0	0:00:17.648490
12520	250	250	0.589	1	0:00:17.769678
12540	250	250	0.0634	1	0:00:17.744479
12560	251	251	0.8	1	0:00:17.741144
12580	251	251	0.8	1	0:00:17.731409
12600	252	252	0.381	1	0:00:17.755050
12620	252	256	0.00408	0	0:00:17.749857
12640	252	252	0.415	1	0:00:17.718529
12660	253	253	0.445	1	0:00:17.771314
12680	253	253	0.647	1	0:00:17.719154
12700	254	254	0.141	1	0:00:17.747987
12720	254	254	0.8	1	0:00:17.758743
12740	254	254	0.8	1	0:00:17.801295
12760	255	255	0.8	1	0:00:17.752247
12780	255	255	0.8	1	0:00:17.807393
12800	256	256	0.8	1	0:00:17.771564
12820	256	256	0.728	1	0:00:17.755198
12840	256	256	0.654	1	0:00:17.779794
12860	257	257	0.147	1	0:00:17.768414
12880	257	222	0.0958	0	0:00:17.795549
12900	258	258	0.103	1	0:00:17.777007
12920	258	222	0.492	0	0:00:17.740204
12940	258	-1	0.0	0	0:00:17.822668
12960	259	259	0.687	1	0:00:17.786262
12980	259	259	0.626	1	0:00:17.866188
13000	260	260	0.778	1	0:00:17.749505
13020	260	260	0.8	1	0:00:17.856766
13040	260	-1	0.0	0	0:00:17.849752
13060	261	261	0.089	1	0:00:17.776159
13080	261	261	0.269	1	0:00:17.750891
13100	262	262	0.8	1	0:00:17.828141
13120	262	262	0.526	1	0:00:17.802790
13140	262	234	0.106	0	0:00:17.760336
13160	263	-1	0.0	0	0:00:17.735321
13180	263	263	0.479	1	0:00:17.792770
13200	264	264	0.67	1	0:00:17.821817
13220	264	264	0.503	1	0:00:17.838871
13240	264	264	0.743	1	0:00:17.780946
13260	265	266	0.135	0	0:00:17.772859
13280	265	-1	0.0	0	0:00:17.695683
13300	266	266	0.247	1	0:00:17.770654
13320	266	-1	0.0	0	0:00:17.835577
13340	266	266	0.197	1	0:00:17.793819
13360	267	267	0.493	1	0:00:17.752390
13380	267	-1	0.0	0	0:00:17.732213
13400	268	268	0.715	1	0:00:17.881186
13420	268	268	0.00408	1	0:00:17.728690
13440	268	268	0.463	1	0:00:12.471059
13460	269	269	0.102	1	0:00:08.902241
13480	269	-1	0.0	0	0:00:08.927229
13500	270	270	0.764	1	0:00:08.920228
13520	270	270	0.705	1	0:00:09.160574
13540	270	270	0.483	1	0:00:09.205922
13560	271	271	0.764	1	0:00:10.647588
13580	271	-1	0.0	0	0:00:17.859051
13600	272	274	0.228	0	0:00:17.913834
13620	272	272	0.778	1	0:00:18.173047
13640	272	-1	0.0	0	0:00:18.191104
13660	273	273	0.378	1	0:00:18.323076
13680	273	273	0.595	1	0:00:18.331551
13700	274	274	0.8	1	0:00:18.211418
13720	274	274	0.0983	1	0:00:18.380201
13740	274	274	0.184	1	0:00:18.306660
13760	275	275	0.8	1	0:00:18.255468
13780	275	275	0.8	1	0:00:18.296227
13800	276	276	0.8	1	0:00:18.046660
13820	276	276	0.8	1	0:00:18.054031
13840	276	276	0.204	1	0:00:18.129022
13860	277	277	0.571	1	0:00:18.273972
13880	277	277	0.354	1	0:00:18.126308
13900	278	278	0.408	1	0:00:18.268145
13920	278	272	0.236	0	0:00:18.218416
13940	278	278	0.427	1	0:00:18.302490
13960	279	279	0.32	1	0:00:18.161589
13980	279	279	0.00759	1	0:00:18.281150
14000	280	280	0.531	1	0:00:18.280710
14020	280	280	0.687	1	0:00:18.094808
14040	280	280	0.615	1	0:00:18.322521
14060	281	281	0.8	1	0:00:18.024760
14080	281	281	0.8	1	0:00:18.203704
14100	282	281	0.0551	0	0:00:18.213043
14120	282	292	0.59	0	0:00:18.078401
14140	282	282	0.43	1	0:00:18.305184
14160	283	283	0.0646	1	0:00:18.146882
14180	283	283	0.764	1	0:00:18.379637
14200	284	284	0.8	1	0:00:18.273470
14220	284	285	0.346	0	0:00:18.269571
14240	284	284	0.8	1	0:00:18.152426
14260	285	285	0.196	1	0:00:18.260535
14280	285	285	0.361	1	0:00:18.193731
14300	286	286	0.8	1	0:00:18.283792
14320	286	286	0.626	1	0:00:18.370544
14340	286	500	0.555	0	0:00:18.121077
14360	287	287	0.8	1	0:00:18.358915
14380	287	293	0.8	0	0:00:18.152476
14400	288	288	0.628	1	0:00:18.251395
14420	288	290	0.305	0	0:00:18.065977
14440	288	288	0.8	1	0:00:18.312412
14460	289	289	0.186	1	0:00:18.083632
14480	289	289	0.715	1	0:00:17.993508
14500	290	290	0.8	1	0:00:18.482119
14520	290	290	0.0693	1	0:00:18.216745
14540	290	290	0.8	1	0:00:18.204915
14560	291	291	0.399	1	0:00:18.331971
14580	291	291	0.8	1	0:00:18.176154
14600	292	288	0.491	0	0:00:18.090149
14620	292	292	0.296	1	0:00:18.240764
14640	292	292	0.8	1	0:00:18.273709
14660	293	293	0.8	1	0:00:18.169525
14680	293	293	0.8	1	0:00:18.103083
14700	294	294	0.606	1	0:00:18.300842
14720	294	294	0.461	1	0:00:18.097980
14740	294	294	0.203	1	0:00:18.236675
14760	295	295	0.778	1	0:00:18.250303
14780	295	295	0.8	1	0:00:18.396198
14800	296	296	0.0936	1	0:00:18.147494
14820	296	296	0.687	1	0:00:18.222441
14840	296	181	0.0775	0	0:00:18.213094
14860	297	297	0.0831	1	0:00:18.246310
14880	297	297	0.8	1	0:00:18.127881
14900	298	-1	0.0	0	0:00:18.093072
14920	298	298	0.518	1	0:00:18.213273
14940	298	-1	0.0	0	0:00:18.284391
14960	299	299	0.565	1	0:00:18.351992
14980	299	-1	0.0	0	0:00:18.138355
15000	300	300	0.8	1	0:00:18.215830
15020	300	300	0.778	1	0:00:18.195194
15040	300	-1	0.0	0	0:00:18.238645
15060	301	301	0.764	1	0:00:17.994635
15080	301	301	0.8	1	0:00:18.242385
15100	302	302	0.67	1	0:00:18.224564
15120	302	300	0.8	0	0:00:18.233922
15140	302	308	0.274	0	0:00:18.149442
15160	303	-1	0.0	0	0:00:18.407541
15180	303	303	0.559	1	0:00:18.027513
15200	304	301	0.501	0	0:00:18.070639
15220	304	304	0.207	1	0:00:18.229346
15240	304	303	0.764	0	0:00:18.361790
15260	305	305	0.721	1	0:00:18.136926
15280	305	305	0.8	1	0:00:18.285347
15300	306	306	0.673	1	0:00:18.168994
15320	306	306	0.253	1	0:00:18.050633
15340	306	306	0.106	1	0:00:18.234821
15360	307	307	0.778	1	0:00:18.178937
15380	307	-1	0.0	0	0:00:18.135296
15400	308	308	0.439	1	0:00:18.104103
15420	308	308	0.8	1	0:00:18.203701
15440	308	308	0.778	1	0:00:18.307967
15460	309	308	0.362	0	0:00:18.331505
15480	309	309	0.8	1	0:00:18.302177
15500	310	310	0.8	1	0:00:18.141373
15520	310	949	0.001	0	0:00:18.255334
15540	310	310	0.537	1	0:00:18.078041
15560	311	311	0.19	1	0:00:18.350711
15580	311	312	0.625	0	0:00:18.152132
15600	312	-1	0.0	0	0:00:18.238898
15620	312	312	0.778	1	0:00:18.137381
15640	312	312	0.0775	1	0:00:18.150254
15660	313	313	0.8	1	0:00:18.132462
15680	313	313	0.225	1	0:00:18.183435
15700	314	314	0.381	1	0:00:18.112102
15720	314	310	0.322	0	0:00:18.299971
15740	314	314	0.463	1	0:00:17.885273
15760	315	955	0.197	0	0:00:17.944848
15780	315	64	0.00847	0	0:00:18.272830
15800	316	316	0.728	1	0:00:18.177172
15820	316	316	0.8	1	0:00:18.253664
15840	316	-1	0.0	0	0:00:18.097913
15860	317	317	0.8	1	0:00:18.175600
15880	317	317	0.8	1	0:00:18.047650
15900	318	318	0.268	1	0:00:18.144713
15920	318	318	0.7	1	0:00:18.360531
15940	318	318	0.764	1	0:00:18.237248
15960	319	-1	0.0	0	0:00:18.109662
15980	319	319	0.505	1	0:00:18.267735
16000	320	320	0.8	1	0:00:18.221266
16020	320	320	0.8	1	0:00:18.074668
16040	320	320	0.00339	1	0:00:18.206438
16060	321	321	0.506	1	0:00:18.150423
16080	321	321	0.543	1	0:00:18.319498
16100	322	322	0.389	1	0:00:18.243222
16120	322	322	0.8	1	0:00:18.236532
16140	322	-1	0.0	0	0:00:18.099383
16160	323	323	0.8	1	0:00:18.205059
16180	323	323	0.8	1	0:00:18.063377
16200	324	324	0.336	1	0:00:18.104949
16220	324	985	0.495	0	0:00:18.219930
16240	324	324	0.572	1	0:00:18.076106
16260	325	325	0.8	1	0:00:18.235892
16280	325	325	0.375	1	0:00:18.170998
16300	326	326	0.8	1	0:00:18.261990
16320	326	321	0.217	0	0:00:18.144205
16340	326	326	0.778	1	0:00:18.209200
16360	327	327	0.8	1	0:00:18.066044
16380	327	327	0.8	1	0:00:17.990693
16400	328	328	0.764	1	0:00:18.116738
16420	328	328	0.8	1	0:00:18.226524
16440	328	-1	0.0	0	0:00:18.036235
16460	329	973	0.228	0	0:00:18.267000
16480	329	329	0.395	1	0:00:18.286437
16500	330	330	0.155	1	0:00:18.406489
16520	330	330	0.274	1	0:00:18.112299
16540	330	330	0.306	1	0:00:18.189100
16560	331	331	0.8	1	0:00:18.287839
16580	331	331	0.8	1	0:00:18.186729
16600	332	265	0.159	0	0:00:18.053206
16620	332	332	0.574	1	0:00:18.008552
16640	332	332	0.573	1	0:00:18.262918
16660	333	333	0.8	1	0:00:18.206470
16680	333	333	0.615	1	0:00:18.168176
16700	334	334	0.8	1	0:00:18.380332
16720	334	334	0.618	1	0:00:18.323265
16740	334	-1	0.0	0	0:00:18.149271
16760	335	-1	0.0	0	0:00:18.191520
16780	335	335	0.339	1	0:00:18.253792
16800	336	336	0.71	1	0:00:18.360781
16820	336	336	0.452	1	0:00:18.175331
16840	336	336	0.8	1	0:00:18.245889
16860	337	-1	0.0	0	0:00:18.197653
16880	337	337	0.8	1	0:00:18.133156
16900	338	617	0.276	0	0:00:18.269599
16920	338	338	0.102	1	0:00:18.101249
16940	338	338	0.144	1	0:00:18.163890
16960	339	339	0.558	1	0:00:18.143194
16980	339	339	0.753	1	0:00:18.242543
17000	340	340	0.8	1	0:00:18.209401
17020	340	340	0.8	1	0:00:18.102811
17040	340	340	0.8	1	0:00:18.260565
17060	341	341	0.556	1	0:00:18.139864
17080	341	341	0.467	1	0:00:18.273010
17100	342	272	0.0269	0	0:00:18.389229
17120	342	350	0.149	0	0:00:18.159832
17140	342	342	0.649	1	0:00:18.312495
17160	343	343	0.379	1	0:00:18.181237
17180	343	343	0.233	1	0:00:18.266664
17200	344	344	0.662	1	0:00:18.298564
17220	344	690	0.00107	0	0:00:18.211124
17240	344	344	0.13	1	0:00:18.133691
17260	345	690	0.535	0	0:00:18.248152
17280	345	345	0.163	1	0:00:18.186414
17300	346	346	0.0257	1	0:00:18.139033
17320	346	346	0.778	1	0:00:18.207769
17340	346	346	0.8	1	0:00:18.381676
17360	347	347	0.438	1	0:00:18.145397
17380	347	347	0.8	1	0:00:18.230655
17400	348	348	0.285	1	0:00:18.244247
17420	348	350	0.00822	0	0:00:18.395701
17440	348	349	0.473	0	0:00:18.218963
17460	349	349	0.557	1	0:00:17.985770
17480	349	349	0.8	1	0:00:18.245019
17500	350	350	0.8	1	0:00:18.157137
17520	350	350	0.8	1	0:00:18.326064
17540	350	350	0.8	1	0:00:18.218335
17560	351	351	0.516	1	0:00:18.180740
17580	351	351	0.8	1	0:00:18.161180
17600	352	352	0.558	1	0:00:18.288106
17620	352	353	0.191	0	0:00:18.201946
17640	352	352	0.523	1	0:00:18.291517
17660	353	355	0.0862	0	0:00:18.215690
17680	353	352	0.315	0	0:00:18.229649
17700	354	354	0.728	1	0:00:18.037338
17720	354	354	0.778	1	0:00:18.372389
17740	354	354	0.163	1	0:00:18.309684
17760	355	355	0.8	1	0:00:18.243315
17780	355	355	0.8	1	0:00:18.187274
17800	356	-1	0.0	0	0:00:18.256538
17820	356	360	0.735	0	0:00:18.068680
17840	356	362	0.753	0	0:00:18.037837
17860	357	-1	0.0	0	0:00:18.337543
17880	357	103	0.331	0	0:00:17.948653
17900	358	359	0.391	0	0:00:17.968627
17920	358	356	0.125	0	0:00:18.138606
17940	358	358	0.696	1	0:00:18.275900
17960	359	359	0.8	1	0:00:18.054301
17980	359	-1	0.0	0	0:00:18.287360
18000	360	360	0.542	1	0:00:18.237770
18020	360	360	0.231	1	0:00:18.334203
18040	360	-1	0.0	0	0:00:18.231372
18060	361	361	0.778	1	0:00:18.055717
18080	361	361	0.167	1	0:00:18.135664
18100	362	362	0.8	1	0:00:18.101945
18120	362	106	0.0535	0	0:00:18.285007
18140	362	362	0.8	1	0:00:18.034668
18160	363	363	0.753	1	0:00:18.177415
18180	363	363	0.8	1	0:00:18.131124
18200	364	364	0.422	1	0:00:18.283306
18220	364	364	0.28	1	0:00:18.290816
18240	364	364	0.8	1	0:00:18.355477
18260	365	365	0.8	1	0:00:18.169828
18280	365	365	0.743	1	0:00:18.206335
18300	366	366	0.604	1	0:00:18.149016
18320	366	366	0.547	1	0:00:17.851510
18340	366	366	0.728	1	0:00:18.288928
18360	367	367	0.0773	1	0:00:18.183789
18380	367	367	0.0111	1	0:00:18.257594
18400	368	368	0.543	1	0:00:18.275803
18420	368	368	0.667	1	0:00:18.300858
18440	368	368	0.313	1	0:00:18.146620
18460	369	369	0.0386	1	0:00:18.166187
18480	369	379	0.0864	0	0:00:18.051371
18500	370	370	0.778	1	0:00:18.216526
18520	370	381	0.0411	0	0:00:18.259187
18540	370	370	0.0209	1	0:00:18.109519
18560	371	372	0.8	0	0:00:18.173633
18580	371	371	0.721	1	0:00:18.310989
18600	372	372	0.338	1	0:00:18.147641
18620	372	372	0.151	1	0:00:18.219098
18640	372	372	0.456	1	0:00:18.323213
18660	373	373	0.503	1	0:00:18.091114
18680	373	373	0.236	1	0:00:18.117779
18700	374	374	0.0153	1	0:00:18.364801
18720	374	374	0.115	1	0:00:18.182791
18740	374	382	0.8	0	0:00:18.146898
18760	375	375	0.8	1	0:00:18.117291
18780	375	375	0.291	1	0:00:18.262901
18800	376	376	0.275	1	0:00:18.255956
18820	376	376	0.276	1	0:00:18.258837
18840	376	376	0.8	1	0:00:18.212674
18860	377	377	0.705	1	0:00:18.151406
18880	377	382	0.8	0	0:00:18.362075
18900	378	378	0.117	1	0:00:18.248908
18920	378	379	0.535	0	0:00:18.252107
18940	378	378	0.581	1	0:00:18.234959
18960	379	379	0.343	1	0:00:18.118361
18980	379	379	0.8	1	0:00:18.146741
19000	380	380	0.8	1	0:00:18.305187
19020	380	380	0.654	1	0:00:18.048249
19040	380	380	0.0766	1	0:00:18.360503
19060	381	-1	0.0	0	0:00:18.255215
19080	381	381	0.209	1	0:00:18.263736
19100	382	382	0.8	1	0:00:18.266433
19120	382	382	0.8	1	0:00:18.249763
19140	382	382	0.205	1	0:00:18.056045
19160	383	383	0.8	1	0:00:18.251955
19180	383	383	0.691	1	0:00:17.951666
19200	384	-1	0.0	0	0:00:18.145432
19220	384	384	0.8	1	0:00:18.299838
19240	384	384	0.753	1	0:00:18.174155
19260	385	385	0.1	1	0:00:18.273484
19280	385	101	0.416	0	0:00:18.356053
19300	386	386	0.0339	1	0:00:18.089138
19320	386	101	0.542	0	0:00:18.216697
19340	386	101	0.224	0	0:00:18.222795
19360	387	387	0.8	1	0:00:18.285853
19380	387	387	0.728	1	0:00:18.128249
19400	388	388	0.642	1	0:00:18.071759
19420	388	388	0.8	1	0:00:18.301514
19440	388	388	0.618	1	0:00:17.971848
19460	389	2	0.0233	0	0:00:18.238801
19480	389	389	0.581	1	0:00:18.251587
19500	390	390	0.8	1	0:00:18.194518
19520	390	390	0.753	1	0:00:18.338775
19540	390	6	0.63	0	0:00:18.351017
19560	391	391	0.229	1	0:00:18.203433
19580	391	391	0.358	1	0:00:18.226968
19600	392	397	0.628	0	0:00:18.086729
19620	392	392	0.8	1	0:00:18.087602
19640	392	392	0.8	1	0:00:18.367046
19660	393	-1	0.0	0	0:00:18.141075
19680	393	393	0.8	1	0:00:18.242232
19700	394	467	0.108	0	0:00:18.319140
19720	394	103	0.296	0	0:00:18.332523
19740	394	149	0.662	0	0:00:18.198689
19760	395	395	0.634	1	0:00:18.179013
19780	395	395	0.104	1	0:00:18.203847
19800	396	396	0.8	1	0:00:18.272211
19820	396	396	0.8	1	0:00:18.139466
19840	396	396	0.8	1	0:00:18.190774
19860	397	397	0.0641	1	0:00:18.281707
19880	397	397	0.8	1	0:00:18.418088
19900	398	398	0.71	1	0:00:18.279056
19920	398	398	0.8	1	0:00:18.336974
19940	398	784	0.649	0	0:00:18.206993
19960	399	399	0.233	1	0:00:18.279859
19980	399	399	0.196	1	0:00:18.222633
20000	400	400	0.15	1	0:00:18.207412
20020	400	400	0.219	1	0:00:17.964190
20040	400	667	0.778	0	0:00:18.043898
20060	401	401	0.51	1	0:00:18.225765
20080	401	401	0.8	1	0:00:18.262550
20100	402	420	0.228	0	0:00:18.265450
20120	402	402	0.0316	1	0:00:18.301207
20140	402	402	0.8	1	0:00:18.095350
20160	403	403	0.8	1	0:00:18.059911
20180	403	403	0.322	1	0:00:18.170647
20200	404	404	0.71	1	0:00:18.222284
20220	404	404	0.778	1	0:00:18.185983
20240	404	895	0.564	0	0:00:18.261660
20260	405	405	0.8	1	0:00:18.165503
20280	405	405	0.8	1	0:00:18.303347
20300	406	406	0.467	1	0:00:18.269430
20320	406	857	0.501	0	0:00:18.265589
20340	406	406	0.505	1	0:00:18.169012
20360	407	407	0.8	1	0:00:18.259414
20380	407	407	0.8	1	0:00:18.021477
20400	408	847	0.721	0	0:00:18.295405
20420	408	408	0.8	1	0:00:18.186002
20440	408	408	0.387	1	0:00:18.378099
20460	409	442	0.659	0	0:00:18.068359
20480	409	892	0.275	0	0:00:18.110849
20500	410	410	0.0595	1	0:00:18.264921
20520	410	410	0.8	1	0:00:18.137715
20540	410	410	0.254	1	0:00:18.199628
20560	411	411	0.696	1	0:00:18.000586
20580	411	-1	0.0	0	0:00:18.256507
20600	412	412	0.245	1	0:00:18.280539
20620	412	412	0.299	1	0:00:18.239227
20640	412	412	0.425	1	0:00:18.246472
20660	413	413	0.609	1	0:00:18.301363
20680	413	-1	0.0	0	0:00:18.129663
20700	414	414	0.194	1	0:00:18.162803
20720	414	413	0.0923	0	0:00:18.132025
20740	414	869	0.32	0	0:00:18.339925
20760	415	406	0.0636	0	0:00:18.134247
20780	415	928	0.467	0	0:00:18.298143
20800	416	416	0.8	1	0:00:18.253700
20820	416	416	0.194	1	0:00:18.283564
20840	416	416	0.356	1	0:00:18.008120
20860	417	417	0.8	1	0:00:18.283204
20880	417	417	0.352	1	0:00:18.068733
20900	418	563	0.735	0	0:00:18.117212
20920	418	418	0.191	1	0:00:18.195625
20940	418	542	0.439	0	0:00:18.210828
20960	419	419	0.0385	1	0:00:18.199706
20980	419	419	0.325	1	0:00:18.144997
21000	420	420	0.312	1	0:00:18.279433
21020	420	-1	0.0	0	0:00:18.120587
21040	420	607	0.027	0	0:00:18.342188
21060	421	421	0.8	1	0:00:18.307014
21080	421	421	0.00803	1	0:00:18.183880
21100	422	543	0.287	0	0:00:18.086181
21120	422	422	0.715	1	0:00:18.233421
21140	422	422	0.8	1	0:00:18.273083
21160	423	423	0.8	1	0:00:18.178763
21180	423	424	0.11	0	0:00:18.257165
21200	424	-1	0.0	0	0:00:18.241608
21220	424	399	0.0537	0	0:00:18.289569
21240	424	-1	0.0	0	0:00:18.105686
21260	425	-1	0.0	0	0:00:18.120153
21280	425	-1	0.0	0	0:00:18.215451
21300	426	426	0.8	1	0:00:18.113714
21320	426	426	0.8	1	0:00:18.093450
21340	426	426	0.8	1	0:00:18.225801
21360	427	427	0.778	1	0:00:18.228355
21380	427	885	0.322	0	0:00:18.267238
21400	428	428	0.753	1	0:00:18.218054
21420	428	428	0.129	1	0:00:18.223712
21440	428	428	0.164	1	0:00:18.382784
21460	429	429	0.8	1	0:00:18.246688
21480	429	429	0.8	1	0:00:18.178809
21500	430	430	0.516	1	0:00:18.156547
21520	430	430	0.604	1	0:00:18.241328
21540	430	400	0.00652	0	0:00:18.110460
21560	431	431	0.582	1	0:00:18.175728
21580	431	431	0.8	1	0:00:18.156269
21600	432	432	0.71	1	0:00:17.994996
21620	432	432	0.8	1	0:00:18.168366
21640	432	432	0.13	1	0:00:18.353565
21660	433	433	0.618	1	0:00:18.329598
21680	433	433	0.8	1	0:00:18.200683
21700	434	434	0.0423	1	0:00:18.305265
21720	434	-1	0.0	0	0:00:18.047421
21740	434	496	0.0227	0	0:00:18.301214
21760	435	435	0.0701	1	0:00:18.130460
21780	435	-1	0.0	0	0:00:18.202591
21800	436	436	0.574	1	0:00:18.216628
21820	436	436	0.409	1	0:00:18.137648
21840	436	436	0.557	1	0:00:18.180716
21860	437	-1	0.0	0	0:00:18.109924
21880	437	833	0.12	0	0:00:18.307629
21900	438	438	0.435	1	0:00:18.086808
21920	438	438	0.535	1	0:00:18.258341
21940	438	957	0.687	0	0:00:18.229700
21960	439	439	0.8	1	0:00:18.176823
21980	439	541	0.753	0	0:00:18.271646
22000	440	-1	0.0	0	0:00:18.179848
22020	440	440	0.342	1	0:00:18.220438
22040	440	440	0.8	1	0:00:18.110016
22060	441	441	0.8	1	0:00:18.243173
22080	441	441	0.623	1	0:00:17.927095
22100	442	442	0.601	1	0:00:18.293973
22120	442	-1	0.0	0	0:00:18.194762
22140	442	494	0.0603	0	0:00:18.249208
22160	443	995	0.224	0	0:00:18.266150
22180	443	443	0.8	1	0:00:17.919329
22200	444	-1	0.0	0	0:00:18.157552
22220	444	444	0.478	1	0:00:18.285541
22240	444	444	0.8	1	0:00:18.132730
22260	445	445	0.12	1	0:00:18.382369
22280	445	445	0.705	1	0:00:18.204485
22300	446	446	0.735	1	0:00:18.195736
22320	446	-1	0.0	0	0:00:18.221527
22340	446	478	0.764	0	0:00:18.302876
22360	447	447	0.8	1	0:00:18.127351
22380	447	391	0.089	0	0:00:18.312772
22400	448	448	0.574	1	0:00:18.177666
22420	448	448	0.8	1	0:00:18.103026
22440	448	448	0.8	1	0:00:18.384413
22460	449	449	0.684	1	0:00:18.088177
22480	449	449	0.234	1	0:00:18.322742
22500	450	-1	0.0	0	0:00:18.286083
22520	450	450	0.8	1	0:00:18.209368
22540	450	450	0.428	1	0:00:18.108888
22560	451	451	0.409	1	0:00:18.312510
22580	451	451	0.8	1	0:00:18.177773
22600	452	452	0.348	1	0:00:18.088549
22620	452	545	0.0446	0	0:00:18.109737
22640	452	-1	0.0	0	0:00:18.240397
22660	453	453	0.8	1	0:00:18.295924
22680	453	453	0.8	1	0:00:18.236256
22700	454	454	0.753	1	0:00:18.156661
22720	454	454	0.212	1	0:00:18.153936
22740	454	-1	0.0	0	0:00:18.284935
22760	455	455	0.8	1	0:00:18.253952
22780	455	611	0.16	0	0:00:18.306880
22800	456	522	0.169	0	0:00:18.123402
22820	456	456	0.63	1	0:00:18.151178
22840	456	456	0.49	1	0:00:18.146458
22860	457	457	0.8	1	0:00:18.230105
22880	457	515	0.684	0	0:00:18.209689
22900	458	458	0.138	1	0:00:18.334507
22920	458	458	0.8	1	0:00:18.303264
22940	458	458	0.8	1	0:00:18.267694
22960	459	445	0.331	0	0:00:18.226260
22980	459	639	0.188	0	0:00:18.158356
23000	460	978	0.0438	0	0:00:18.332798
23020	460	460	0.262	1	0:00:18.281550
23040	460	460	0.728	1	0:00:18.058887
23060	461	461	0.0751	1	0:00:18.332505
23080	461	787	0.8	0	0:00:18.230360
23100	462	462	0.293	1	0:00:18.171953
23120	462	462	0.649	1	0:00:18.115968
23140	462	462	0.43	1	0:00:18.242753
23160	463	463	0.451	1	0:00:18.287565
23180	463	463	0.269	1	0:00:18.436424
23200	464	674	0.478	0	0:00:18.190335
23220	464	464	0.0477	1	0:00:18.107942
23240	464	464	0.677	1	0:00:18.089510
23260	465	610	0.651	0	0:00:18.226162
23280	465	830	0.25	0	0:00:18.164615
23300	466	466	0.673	1	0:00:18.096773
23320	466	466	0.8	1	0:00:18.164877
23340	466	466	0.442	1	0:00:18.260185
23360	467	467	0.642	1	0:00:18.143413
23380	467	467	0.638	1	0:00:18.365751
23400	468	468	0.8	1	0:00:18.023539
23420	468	468	0.8	1	0:00:18.381387
23440	468	468	0.0197	1	0:00:18.242023
23460	469	469	0.8	1	0:00:18.117611
23480	469	-1	0.0	0	0:00:18.194069
23500	470	-1	0.0	0	0:00:18.096417
23520	470	470	0.361	1	0:00:18.199157
23540	470	865	0.0413	0	0:00:18.238743
23560	471	517	0.592	0	0:00:18.351821
23580	471	847	0.158	0	0:00:18.191772
23600	472	472	0.8	1	0:00:18.272187
23620	472	472	0.322	1	0:00:18.148420
23640	472	472	0.437	1	0:00:18.169401
23660	473	473	0.778	1	0:00:18.122287
23680	473	777	0.498	0	0:00:18.281247
23700	474	-1	0.0	0	0:00:18.176409
23720	474	474	0.8	1	0:00:18.278671
23740	474	568	0.186	0	0:00:18.215706
23760	475	545	0.0846	0	0:00:18.322632
23780	475	475	0.8	1	0:00:18.143947
23800	476	476	0.461	1	0:00:18.143584
23820	476	476	0.8	1	0:00:18.267898
23840	476	476	0.416	1	0:00:18.261772
23860	477	477	0.735	1	0:00:18.166499
23880	477	477	0.444	1	0:00:18.171288
23900	478	-1	0.0	0	0:00:18.300116
23920	478	921	0.0445	0	0:00:18.107912
23940	478	-1	0.0	0	0:00:18.332467
23960	479	511	0.0864	0	0:00:18.171598
23980	479	817	0.499	0	0:00:18.175295
24000	480	-1	0.0	0	0:00:18.248729
24020	480	480	0.199	1	0:00:18.204294
24040	480	-1	0.0	0	0:00:18.394310
24060	481	-1	0.0	0	0:00:18.074544
24080	481	579	0.0362	0	0:00:18.287440
24100	482	-1	0.0	0	0:00:17.954046
24120	482	482	0.8	1	0:00:18.380508
24140	482	-1	0.0	0	0:00:17.994560
24160	483	483	0.721	1	0:00:18.203611
24180	483	698	0.743	0	0:00:18.146242
24200	484	871	0.409	0	0:00:18.233178
24220	484	484	0.436	1	0:00:18.312934
24240	484	484	0.476	1	0:00:18.101644
24260	485	632	0.329	0	0:00:18.341861
24280	485	754	0.456	0	0:00:18.132648
24300	486	486	0.8	1	0:00:18.226888
24320	486	486	0.8	1	0:00:17.929365
24340	486	-1	0.0	0	0:00:18.009820
24360	487	487	0.451	1	0:00:18.092303
24380	487	487	0.8	1	0:00:18.297440
24400	488	-1	0.0	0	0:00:18.172756
24420	488	488	0.8	1	0:00:18.334327
24440	488	839	0.265	0	0:00:18.182638
24460	489	489	0.735	1	0:00:18.154107
24480	489	-1	0.0	0	0:00:18.151729
24500	490	490	0.453	1	0:00:18.415733
24520	490	490	0.778	1	0:00:18.261331
24540	490	490	0.8	1	0:00:18.092518
24560	491	-1	0.0	0	0:00:18.215993
24580	491	491	0.0901	1	0:00:18.209715
24600	492	492	0.421	1	0:00:18.044215
24620	492	519	0.27	0	0:00:18.287833
24640	492	-1	0.0	0	0:00:18.175236
24660	493	-1	0.0	0	0:00:18.283891
24680	493	789	0.347	0	0:00:18.216741
24700	494	494	0.8	1	0:00:18.287541
24720	494	494	0.8	1	0:00:18.061745
24740	494	494	0.8	1	0:00:17.953347
24760	495	495	0.8	1	0:00:18.289255
24780	495	495	0.8	1	0:00:18.148812
24800	496	496	0.243	1	0:00:18.317044
24820	496	496	0.8	1	0:00:18.267283
24840	496	496	0.8	1	0:00:18.270587
24860	497	497	0.518	1	0:00:18.292290
24880	497	497	0.211	1	0:00:18.248108
24900	498	498	0.8	1	0:00:18.000815
24920	498	781	0.0382	0	0:00:18.278282
24940	498	598	0.149	0	0:00:18.178107
24960	499	-1	0.0	0	0:00:18.066416
24980	499	31	0.211	0	0:00:18.273255
25000	500	500	0.644	1	0:00:18.133814
25020	500	500	0.176	1	0:00:18.266210
25040	500	500	0.691	1	0:00:18.157856
25060	501	-1	0.0	0	0:00:18.427786
25080	501	-1	0.0	0	0:00:18.148073
25100	502	502	0.8	1	0:00:18.103660
25120	502	502	0.662	1	0:00:18.198130
25140	502	502	0.196	1	0:00:18.282190
25160	503	503	0.8	1	0:00:18.380081
25180	503	950	0.143	0	0:00:18.064509
25200	504	504	0.305	1	0:00:18.083240
25220	504	-1	0.0	0	0:00:18.173984
25240	504	925	0.494	0	0:00:18.179982
25260	505	505	0.8	1	0:00:18.068523
25280	505	952	0.00132	0	0:00:18.168195
25300	506	506	0.8	1	0:00:18.260776
25320	506	-1	0.0	0	0:00:18.276957
25340	506	545	0.00928	0	0:00:18.326001
25360	507	507	0.204	1	0:00:18.260256
25380	507	507	0.12	1	0:00:18.217909
25400	508	508	0.8	1	0:00:17.992454
25420	508	508	0.8	1	0:00:18.295915
25440	508	527	0.439	0	0:00:18.146089
25460	509	509	0.533	1	0:00:18.340968
25480	509	760	0.0579	0	0:00:18.261500
25500	510	510	0.8	1	0:00:18.316878
25520	510	510	0.401	1	0:00:18.213315
25540	510	510	0.8	1	0:00:18.244247
25560	511	436	0.0609	0	0:00:18.135943
25580	511	511	0.0217	1	0:00:18.237009
25600	512	-1	0.0	0	0:00:18.190656
25620	512	512	0.8	1	0:00:18.130511
25640	512	-1	0.0	0	0:00:18.295675
25660	513	513	0.101	1	0:00:18.229787
25680	513	513	0.214	1	0:00:18.365992
25700	514	514	0.8	1	0:00:18.259440
25720	514	788	0.778	0	0:00:18.225329
25740	514	514	0.501	1	0:00:18.206579
25760	515	515	0.387	1	0:00:18.172487
25780	515	515	0.0624	1	0:00:18.377551
25800	516	-1	0.0	0	0:00:18.190283
25820	516	516	0.613	1	0:00:18.219111
25840	516	431	0.573	0	0:00:18.239898
25860	517	-1	0.0	0	0:00:18.274812
25880	517	517	0.199	1	0:00:18.181063
25900	518	518	0.324	1	0:00:18.084575
25920	518	518	0.71	1	0:00:18.203910
25940	518	518	0.501	1	0:00:18.213792
25960	519	519	0.0958	1	0:00:18.184891
25980	519	668	0.107	0	0:00:18.275637
26000	520	520	0.223	1	0:00:18.291028
26020	520	516	0.24	0	0:00:17.931669
26040	520	520	0.584	1	0:00:17.999325
26060	521	521	0.18	1	0:00:18.285327
26080	521	521	0.8	1	0:00:17.999576
26100	522	522	0.8	1	0:00:18.294694
26120	522	522	0.44	1	0:00:18.114738
26140	522	522	0.8	1	0:00:18.327922
26160	523	-1	0.0	0	0:00:18.136591
26180	523	762	0.223	0	0:00:18.217320
26200	524	461	0.211	0	0:00:18.097643
26220	524	461	0.691	0	0:00:18.360475
26240	524	-1	0.0	0	0:00:18.189271
26260	525	525	0.163	1	0:00:18.228399
26280	525	801	0.113	0	0:00:18.150172
26300	526	526	0.0484	1	0:00:18.294039
26320	526	526	0.58	1	0:00:18.244379
26340	526	526	0.573	1	0:00:18.049947
26360	527	613	0.551	0	0:00:18.233932
26380	527	527	0.0807	1	0:00:18.308079
26400	528	492	0.0858	0	0:00:18.450600
26420	528	528	0.8	1	0:00:18.095127
26440	528	528	0.8	1	0:00:18.074156
26460	529	-1	0.0	0	0:00:18.134150
26480	529	529	0.222	1	0:00:18.062142
26500	530	531	0.0737	0	0:00:18.094942
26520	530	485	0.113	0	0:00:18.146634
26540	530	530	0.753	1	0:00:18.214787
26560	531	409	0.503	0	0:00:18.416669
26580	531	530	0.0663	0	0:00:18.223348
26600	532	846	0.0756	0	0:00:18.132812
26620	532	532	0.778	1	0:00:18.295369
26640	532	532	0.696	1	0:00:18.253766
26660	533	533	0.8	1	0:00:18.225182
26680	533	533	0.778	1	0:00:17.958051
26700	534	-1	0.0	0	0:00:18.376952
26720	534	-1	0.0	0	0:00:18.320785
26740	534	515	0.00401	0	0:00:18.242518
26760	535	535	0.8	1	0:00:18.226224
26780	535	490	0.38	0	0:00:18.156006
26800	536	403	0.375	0	0:00:18.152820
26820	536	536	0.547	1	0:00:18.157212
26840	536	517	0.308	0	0:00:18.143345
26860	537	537	0.8	1	0:00:18.082425
26880	537	537	0.8	1	0:00:18.041117
26900	538	538	0.8	1	0:00:18.114664
26920	538	483	0.25	0	0:00:18.118602
26940	538	538	0.446	1	0:00:18.113068
26960	539	-1	0.0	0	0:00:18.297256
26980	539	-1	0.0	0	0:00:18.275271
27000	540	540	0.8	1	0:00:18.243005
27020	540	540	0.8	1	0:00:18.254744
27040	540	540	0.384	1	0:00:18.242069
27060	541	513	0.00389	0	0:00:18.284587
27080	541	541	0.8	1	0:00:18.192417
27100	542	542	0.395	1	0:00:18.223243
27120	542	-1	0.0	0	0:00:18.136734
27140	542	819	0.0888	0	0:00:18.109491
27160	543	422	0.335	0	0:00:18.168463
27180	543	543	0.431	1	0:00:18.301451
27200	544	926	0.398	0	0:00:18.074425
27220	544	521	0.0619	0	0:00:18.243775
27240	544	469	0.122	0	0:00:18.183194
27260	545	545	0.8	1	0:00:18.344391
27280	545	-1	0.0	0	0:00:17.968522
27300	546	546	0.778	1	0:00:18.146347
27320	546	546	0.8	1	0:00:18.008120
27340	546	546	0.0605	1	0:00:18.465527
27360	547	547	0.366	1	0:00:18.189040
27380	547	821	0.197	0	0:00:18.197385
27400	548	548	0.626	1	0:00:18.115051
27420	548	548	0.8	1	0:00:18.182801
27440	548	548	0.8	1	0:00:18.296997
27460	549	-1	0.0	0	0:00:18.158492
27480	549	-1	0.0	0	0:00:18.227972
27500	550	505	0.378	0	0:00:18.367851
27520	550	556	0.076	0	0:00:18.069490
27540	550	550	0.577	1	0:00:18.087941
27560	551	774	0.157	0	0:00:18.179091
27580	551	551	0.59	1	0:00:18.032238
27600	552	552	0.8	1	0:00:18.134720
27620	552	552	0.0886	1	0:00:18.125644
27640	552	903	0.0371	0	0:00:18.376979
27660	553	553	0.403	1	0:00:18.278771
27680	553	-1	0.0	0	0:00:18.262977
27700	554	554	0.607	1	0:00:18.291006
27720	554	554	0.8	1	0:00:18.248656
27740	554	554	0.256	1	0:00:18.007257
27760	555	555	0.332	1	0:00:18.159533
27780	555	555	0.183	1	0:00:18.267169
27800	556	516	0.243	0	0:00:18.209266
27820	556	-1	0.0	0	0:00:18.164655
27840	556	556	0.8	1	0:00:18.143270
27860	557	557	0.8	1	0:00:18.227760
27880	557	557	0.8	1	0:00:18.097548
27900	558	212	0.104	0	0:00:18.180564
27920	558	432	0.53	0	0:00:18.083385
27940	558	642	0.328	0	0:00:18.368181
27960	559	955	0.0666	0	0:00:18.220115
27980	559	559	0.673	1	0:00:18.139990
28000	560	560	0.8	1	0:00:18.282361
28020	560	560	0.8	1	0:00:18.287466
28040	560	560	0.8	1	0:00:18.099233
28060	561	561	0.338	1	0:00:18.217812
28080	561	561	0.416	1	0:00:18.328636
28100	562	562	0.667	1	0:00:18.217850
28120	562	-1	0.0	0	0:00:18.142421
28140	562	562	0.396	1	0:00:18.304283
28160	563	-1	0.0	0	0:00:18.042268
28180	563	563	0.705	1	0:00:18.040355
28200	564	564	0.21	1	0:00:18.284160
28220	564	564	0.8	1	0:00:18.029857
28240	564	564	0.8	1	0:00:18.294821
28260	565	565	0.8	1	0:00:18.244088
28280	565	565	0.8	1	0:00:18.277274
28300	566	566	0.563	1	0:00:18.240905
28320	566	566	0.555	1	0:00:18.211443
28340	566	566	0.0917	1	0:00:18.109850
28360	567	567	0.0227	1	0:00:18.231615
28380	567	909	0.18	0	0:00:18.145748
28400	568	399	0.128	0	0:00:18.081447
28420	568	-1	0.0	0	0:00:18.281252
28440	568	568	0.691	1	0:00:18.170233
28460	569	569	0.8	1	0:00:18.245879
28480	569	569	0.462	1	0:00:18.225433
28500	570	-1	0.0	0	0:00:18.079525
28520	570	570	0.764	1	0:00:18.343623
28540	570	570	0.721	1	0:00:18.119092
28560	571	866	0.266	0	0:00:18.265833
28580	571	637	0.171	0	0:00:18.237580
28600	572	572	0.364	1	0:00:18.103457
28620	572	503	0.259	0	0:00:18.109043
28640	572	572	0.8	1	0:00:18.068843
28660	573	573	0.71	1	0:00:18.153031
28680	573	573	0.0731	1	0:00:18.159414
28700	574	574	0.8	1	0:00:18.317717
28720	574	574	0.651	1	0:00:18.305803
28740	574	574	0.227	1	0:00:18.251645
28760	575	575	0.8	1	0:00:18.228765
28780	575	575	0.8	1	0:00:18.132910
28800	576	576	0.413	1	0:00:18.080642
28820	576	576	0.753	1	0:00:18.029313
28840	576	576	0.8	1	0:00:18.137622
28860	577	577	0.667	1	0:00:18.057868
28880	577	577	0.778	1	0:00:18.301577
28900	578	578	0.252	1	0:00:17.966718
28920	578	601	0.0866	0	0:00:18.245672
28940	578	578	0.59	1	0:00:18.194567
28960	579	579	0.264	1	0:00:18.364655
28980	579	881	0.177	0	0:00:18.020018
29000	580	738	0.491	0	0:00:18.246489
29020	580	580	0.478	1	0:00:18.206823
29040	580	646	0.018	0	0:00:18.046826
29060	581	581	0.8	1	0:00:18.334640
29080	581	581	0.193	1	0:00:18.214774
29100	582	778	0.258	0	0:00:18.199554
29120	582	582	0.62	1	0:00:18.227021
29140	582	582	0.8	1	0:00:18.333965
29160	583	583	0.565	1	0:00:18.025484
29180	583	494	0.114	0	0:00:18.371609
29200	584	-1	0.0	0	0:00:18.147321
29220	584	-1	0.0	0	0:00:18.209668
29240	584	461	0.0799	0	0:00:18.083935
29260	585	-1	0.0	0	0:00:18.146620
29280	585	-1	0.0	0	0:00:18.245339
29300	586	586	0.715	1	0:00:18.212677
29320	586	586	0.223	1	0:00:18.205569
29340	586	847	0.35	0	0:00:18.020720
29360	587	587	0.8	1	0:00:18.244808
29380	587	477	0.252	0	0:00:18.219909
29400	588	588	0.778	1	0:00:18.341565
29420	588	588	0.63	1	0:00:18.106891
29440	588	588	0.8	1	0:00:18.257084
29460	589	-1	0.0	0	0:00:18.051512
29480	589	589	0.286	1	0:00:18.127168
29500	590	590	0.753	1	0:00:18.245810
29520	590	590	0.8	1	0:00:17.960018
29540	590	-1	0.0	0	0:00:18.133364
29560	591	591	0.468	1	0:00:18.161035
29580	591	591	0.8	1	0:00:18.038420
29600	592	592	0.8	1	0:00:18.273781
29620	592	592	0.8	1	0:00:18.259537
29640	592	-1	0.0	0	0:00:18.241259
29660	593	593	0.49	1	0:00:18.342157
29680	593	593	0.8	1	0:00:18.163530
29700	594	594	0.274	1	0:00:18.164661
29720	594	594	0.8	1	0:00:18.324780
29740	594	594	0.381	1	0:00:18.274161
29760	595	595	0.0756	1	0:00:18.133903
29780	595	866	0.8	0	0:00:18.090773
29800	596	-1	0.0	0	0:00:18.222398
29820	596	-1	0.0	0	0:00:18.380520
29840	596	587	0.0975	0	0:00:18.163306
29860	597	597	0.129	1	0:00:18.343086
29880	597	763	0.132	0	0:00:18.182317
29900	598	598	0.0854	1	0:00:18.146539
29920	598	598	0.691	1	0:00:18.289416
29940	598	598	0.313	1	0:00:18.132605
29960	599	599	0.8	1	0:00:18.214771
29980	599	937	0.229	0	0:00:18.136754
30000	600	600	0.104	1	0:00:18.138866
30020	600	-1	0.0	0	0:00:18.234848
30040	600	488	0.13	0	0:00:18.007569
30060	601	-1	0.0	0	0:00:18.086426
30080	601	601	0.16	1	0:00:18.087302
30100	602	602	0.764	1	0:00:18.058517
30120	602	602	0.453	1	0:00:18.205632
30140	602	-1	0.0	0	0:00:18.185323
30160	603	612	0.0197	0	0:00:18.159028
30180	603	603	0.44	1	0:00:18.217824
30200	604	604	0.341	1	0:00:18.378941
30220	604	604	0.764	1	0:00:18.124359
30240	604	604	0.394	1	0:00:18.255659
30260	605	482	0.14	0	0:00:18.162478
30280	605	605	0.728	1	0:00:18.222313
30300	606	606	0.542	1	0:00:18.286979
30320	606	-1	0.0	0	0:00:17.884702
30340	606	606	0.8	1	0:00:18.268896
30360	607	607	0.8	1	0:00:18.110200
30380	607	607	0.8	1	0:00:18.309081
30400	608	-1	0.0	0	0:00:18.072095
30420	608	608	0.8	1	0:00:18.356597
30440	608	515	0.454	0	0:00:18.545460
30460	609	-1	0.0	0	0:00:18.156641
30480	609	609	0.8	1	0:00:18.253891
30500	610	610	0.408	1	0:00:18.022405
30520	610	610	0.735	1	0:00:18.294283
30540	610	610	0.764	1	0:00:18.087187
30560	611	539	0.0742	0	0:00:18.092993
30580	611	611	0.0151	1	0:00:18.306566
30600	612	612	0.8	1	0:00:18.138004
30620	612	612	0.8	1	0:00:18.269647
30640	612	612	0.8	1	0:00:18.133182
30660	613	613	0.651	1	0:00:18.162600
30680	613	-1	0.0	0	0:00:18.050220
30700	614	614	0.568	1	0:00:18.175503
30720	614	889	0.0911	0	0:00:18.143961
30740	614	614	0.7	1	0:00:18.216099
30760	615	615	0.8	1	0:00:18.067297
30780	615	615	0.642	1	0:00:18.222420
30800	616	-1	0.0	0	0:00:18.183909
30820	616	-1	0.0	0	0:00:18.205849
30840	616	616	0.735	1	0:00:18.132029
30860	617	903	0.25	0	0:00:18.167957
30880	617	834	0.198	0	0:00:18.252818
30900	618	-1	0.0	0	0:00:18.249713
30920	618	618	0.243	1	0:00:18.185374
30940	618	995	0.077	0	0:00:18.109531
30960	619	905	0.8	0	0:00:18.036946
30980	619	619	0.398	1	0:00:18.162149
31000	620	620	0.0666	1	0:00:18.145347
31020	620	527	0.8	0	0:00:18.131157
31040	620	620	0.687	1	0:00:18.198067
31060	621	621	0.743	1	0:00:18.303510
31080	621	621	0.543	1	0:00:18.197108
31100	622	622	0.8	1	0:00:18.051991
31120	622	-1	0.0	0	0:00:18.166784
31140	622	-1	0.0	0	0:00:18.144464
31160	623	859	0.155	0	0:00:18.230774
31180	623	917	0.169	0	0:00:18.105200
31200	624	453	0.0218	0	0:00:18.274028
31220	624	-1	0.0	0	0:00:18.282397
31240	624	624	0.728	1	0:00:18.199847
31260	625	625	0.8	1	0:00:18.024512
31280	625	625	0.8	1	0:00:18.013714
31300	626	633	0.0236	0	0:00:18.076854
31320	626	470	0.278	0	0:00:18.135871
31340	626	-1	0.0	0	0:00:18.325488
31360	627	627	0.8	1	0:00:18.162505
31380	627	627	0.38	1	0:00:17.979697
31400	628	628	0.293	1	0:00:18.194868
31420	628	628	0.522	1	0:00:18.122298
31440	628	628	0.656	1	0:00:18.291820
31460	629	629	0.8	1	0:00:18.171126
31480	629	629	0.8	1	0:00:18.149343
31500	630	703	0.721	0	0:00:18.120518
31520	630	514	0.106	0	0:00:18.276454
31540	630	630	0.441	1	0:00:18.173892
31560	631	631	0.8	1	0:00:18.209757
31580	631	631	0.126	1	0:00:18.086791
31600	632	632	0.8	1	0:00:18.158158
31620	632	632	0.364	1	0:00:18.048483
31640	632	819	0.753	0	0:00:18.122433
31660	633	633	0.194	1	0:00:18.143289
31680	633	759	0.21	0	0:00:18.200890
31700	634	489	0.8	0	0:00:18.113326
31720	634	565	0.00445	0	0:00:18.276237
31740	634	-1	0.0	0	0:00:18.150265
31760	635	635	0.502	1	0:00:18.348834
31780	635	-1	0.0	0	0:00:18.167571
31800	636	636	0.8	1	0:00:18.264877
31820	636	636	0.514	1	0:00:18.034410
31840	636	750	0.0236	0	0:00:18.162870
31860	637	637	0.8	1	0:00:18.228986
31880	637	637	0.8	1	0:00:18.366721
31900	638	445	0.443	0	0:00:18.090396
31920	638	639	0.325	0	0:00:18.224362
31940	638	639	0.8	0	0:00:18.132126
31960	639	639	0.8	1	0:00:18.255831
31980	639	416	0.448	0	0:00:18.089486
32000	640	640	0.8	1	0:00:18.305706
32020	640	640	0.8	1	0:00:18.151658
32040	640	574	0.0124	0	0:00:18.212680
32060	641	641	0.485	1	0:00:18.132426
32080	641	-1	0.0	0	0:00:18.308378
32100	642	642	0.8	1	0:00:18.047578
32120	642	642	0.474	1	0:00:18.087400
32140	642	642	0.8	1	0:00:18.055661
32160	643	837	0.177	0	0:00:18.122461
32180	643	413	0.0119	0	0:00:18.320692
32200	644	644	0.503	1	0:00:18.197099
32220	644	-1	0.0	0	0:00:18.276143
32240	644	644	0.64	1	0:00:18.110575
32260	645	645	0.8	1	0:00:18.275459
32280	645	645	0.8	1	0:00:18.257073
32300	646	506	0.8	0	0:00:18.233249
32320	646	646	0.8	1	0:00:18.230503
32340	646	646	0.0927	1	0:00:18.180234
32360	647	473	0.431	0	0:00:18.193624
32380	647	-1	0.0	0	0:00:18.258080
32400	648	-1	0.0	0	0:00:18.124704
32420	648	500	0.192	0	0:00:18.162612
32440	648	648	0.0547	1	0:00:18.123297
32460	649	649	0.8	1	0:00:18.051069
32480	649	649	0.8	1	0:00:18.286696
32500	650	546	0.0563	0	0:00:18.173532
32520	650	650	0.8	1	0:00:18.315843
32540	650	558	0.166	0	0:00:18.197739
32560	651	651	0.691	1	0:00:18.249395
32580	651	-1	0.0	0	0:00:18.259722
32600	652	652	0.0994	1	0:00:18.060572
32620	652	652	0.0173	1	0:00:18.163492
32640	652	652	0.728	1	0:00:18.362350
32660	653	-1	0.0	0	0:00:18.066953
32680	653	653	0.8	1	0:00:18.056045
32700	654	717	0.323	0	0:00:18.224465
32720	654	609	0.485	0	0:00:18.129885
32740	654	627	0.438	0	0:00:18.246223
32760	655	830	0.0968	0	0:00:18.082521
32780	655	601	0.443	0	0:00:18.027067
32800	656	656	0.3	1	0:00:18.269965
32820	656	656	0.343	1	0:00:17.854195
32840	656	656	0.728	1	0:00:18.096832
32860	657	-1	0.0	0	0:00:18.354757
32880	657	657	0.163	1	0:00:17.999336
32900	658	658	0.594	1	0:00:18.120132
32920	658	496	0.0288	0	0:00:18.354091
32940	658	658	0.778	1	0:00:18.121510
32960	659	659	0.8	1	0:00:18.318374
32980	659	495	0.454	0	0:00:18.160196
33000	660	660	0.487	1	0:00:18.116157
33020	660	660	0.8	1	0:00:18.177412
33040	660	557	0.296	0	0:00:18.122336
33060	661	661	0.8	1	0:00:18.073761
33080	661	661	0.8	1	0:00:18.260839
33100	662	-1	0.0	0	0:00:18.107943
33120	662	662	0.472	1	0:00:18.105102
33140	662	662	0.8	1	0:00:18.114096
33160	663	663	0.164	1	0:00:18.185965
33180	663	663	0.8	1	0:00:17.948509
33200	664	851	0.374	0	0:00:18.140087
33220	664	527	0.0849	0	0:00:18.210835
33240	664	851	0.233	0	0:00:18.241861
33260	665	665	0.721	1	0:00:18.161899
33280	665	665	0.8	1	0:00:18.206122
33300	666	666	0.0254	1	0:00:18.152140
33320	666	666	0.27	1	0:00:18.017606
33340	666	666	0.0225	1	0:00:18.295434
33360	667	400	0.211	0	0:00:18.017003
33380	667	667	0.141	1	0:00:18.182188
33400	668	668	0.25	1	0:00:18.190480
33420	668	668	0.594	1	0:00:18.138262
33440	668	682	0.0239	0	0:00:18.239580
33460	669	669	0.389	1	0:00:18.196932
33480	669	669	0.239	1	0:00:18.323580
33500	670	670	0.743	1	0:00:18.123616
33520	670	670	0.8	1	0:00:18.349269
33540	670	670	0.8	1	0:00:17.983823
33560	671	880	0.156	0	0:00:18.341992
33580	671	671	0.562	1	0:00:18.218460
33600	672	672	0.0582	1	0:00:18.382041
33620	672	672	0.8	1	0:00:18.250282
33640	672	672	0.8	1	0:00:18.179904
33660	673	673	0.659	1	0:00:18.134186
33680	673	-1	0.0	0	0:00:18.192503
33700	674	674	0.7	1	0:00:18.106196
33720	674	674	0.753	1	0:00:18.427222
33740	674	674	0.144	1	0:00:18.123470
33760	675	675	0.601	1	0:00:18.092072
33780	675	867	0.444	0	0:00:18.280128
33800	676	-1	0.0	0	0:00:18.233145
33820	676	676	0.8	1	0:00:18.136181
33840	676	676	0.229	1	0:00:18.218645
33860	677	-1	0.0	0	0:00:18.218622
33880	677	-1	0.0	0	0:00:18.224762
33900	678	678	0.8	1	0:00:18.247966
33920	678	-1	0.0	0	0:00:18.181490
33940	678	678	0.8	1	0:00:18.205799
33960	679	679	0.8	1	0:00:18.124599
33980	679	679	0.8	1	0:00:18.201039
34000	680	111	0.16	0	0:00:18.211217
34020	680	680	0.483	1	0:00:18.161967
34040	680	680	0.428	1	0:00:18.195186
34060	681	681	0.295	1	0:00:18.159282
34080	681	620	0.219	0	0:00:18.425972
34100	682	682	0.764	1	0:00:18.354174
34120	682	-1	0.0	0	0:00:18.244317
34140	682	682	0.8	1	0:00:18.385230
34160	683	558	0.185	0	0:00:18.214685
34180	683	465	0.287	0	0:00:18.073586
34200	684	684	0.458	1	0:00:18.393503
34220	684	684	0.8	1	0:00:18.260561
34240	684	684	0.492	1	0:00:18.284140
34260	685	685	0.8	1	0:00:18.126046
34280	685	685	0.8	1	0:00:18.282546
34300	686	-1	0.0	0	0:00:18.018779
34320	686	-1	0.0	0	0:00:18.145555
34340	686	-1	0.0	0	0:00:18.106645
34360	687	687	0.8	1	0:00:18.327367
34380	687	687	0.8	1	0:00:18.172940
34400	688	688	0.8	1	0:00:18.178156
34420	688	590	0.527	0	0:00:18.313104
34440	688	688	0.8	1	0:00:18.232635
34460	689	-1	0.0	0	0:00:18.213676
34480	689	568	0.06	0	0:00:18.062095
34500	690	690	0.735	1	0:00:18.201143
34520	690	351	0.0529	0	0:00:18.113685
34540	690	866	0.184	0	0:00:18.178438
34560	691	691	0.476	1	0:00:18.320668
34580	691	-1	0.0	0	0:00:18.169739
34600	692	781	0.245	0	0:00:18.228750
34620	692	-1	0.0	0	0:00:18.051083
34640	692	692	0.535	1	0:00:18.199095
34660	693	693	0.489	1	0:00:18.367273
34680	693	21	0.067	0	0:00:18.175798
34700	694	694	0.8	1	0:00:18.162830
34720	694	694	0.8	1	0:00:18.278577
34740	694	694	0.8	1	0:00:18.261389
34760	695	507	0.475	0	0:00:18.232543
34780	695	-1	0.0	0	0:00:18.197567
34800	696	-1	0.0	0	0:00:18.144567
34820	696	463	0.3	0	0:00:18.041559
34840	696	-1	0.0	0	0:00:17.973254
34860	697	697	0.8	1	0:00:18.215089
34880	697	697	0.8	1	0:00:18.215519
34900	698	663	0.4	0	0:00:18.248726
34920	698	483	0.244	0	0:00:18.176202
34940	698	698	0.8	1	0:00:18.182221
34960	699	699	0.0509	1	0:00:18.226284
34980	699	699	0.105	1	0:00:18.155544
35000	700	831	0.0569	0	0:00:18.139293
35020	700	94	0.687	0	0:00:18.279001
35040	700	700	0.192	1	0:00:18.000620
35060	701	794	0.141	0	0:00:18.382752
35080	701	701	0.8	1	0:00:18.454864
35100	702	422	0.503	0	0:00:18.181362
35120	702	702	0.484	1	0:00:18.249227
35140	702	702	0.209	1	0:00:18.254683
35160	703	-1	0.0	0	0:00:18.253956
35180	703	658	0.111	0	0:00:18.212510
35200	704	704	0.503	1	0:00:18.091570
35220	704	704	0.8	1	0:00:18.094547
35240	704	704	0.314	1	0:00:18.177103
35260	705	-1	0.0	0	0:00:18.228297
35280	705	874	0.8	0	0:00:18.190544
35300	706	-1	0.0	0	0:00:18.177295
35320	706	762	0.334	0	0:00:18.202423
35340	706	-1	0.0	0	0:00:18.277741
35360	707	707	0.507	1	0:00:18.167746
35380	707	707	0.8	1	0:00:18.113379
35400	708	682	0.512	0	0:00:18.144636
35420	708	708	0.8	1	0:00:18.314731
35440	708	708	0.8	1	0:00:18.146572
35460	709	709	0.109	1	0:00:17.938587
35480	709	591	0.189	0	0:00:18.379254
35500	710	-1	0.0	0	0:00:18.204733
35520	710	-1	0.0	0	0:00:18.279118
35540	710	573	0.0695	0	0:00:18.202569
35560	711	631	0.576	0	0:00:18.222771
35580	711	916	0.321	0	0:00:18.159674
35600	712	712	0.324	1	0:00:18.273896
35620	712	-1	0.0	0	0:00:18.175839
35640	712	712	0.559	1	0:00:18.323386
35660	713	713	0.8	1	0:00:18.227520
35680	713	713	0.8	1	0:00:18.118035
35700	714	714	0.2	1	0:00:18.142845
35720	714	451	0.286	0	0:00:18.082975
35740	714	714	0.8	1	0:00:18.103484
35760	715	715	0.8	1	0:00:18.144076
35780	715	715	0.215	1	0:00:18.375245
35800	716	716	0.8	1	0:00:18.061107
35820	716	716	0.8	1	0:00:18.292005
35840	716	716	0.8	1	0:00:18.173312
35860	717	-1	0.0	0	0:00:18.253231
35880	717	-1	0.0	0	0:00:18.005962
35900	718	449	0.132	0	0:00:18.055708
35920	718	718	0.0876	1	0:00:18.040486
35940	718	913	0.163	0	0:00:18.299569
35960	719	-1	0.0	0	0:00:17.945012
35980	719	719	0.438	1	0:00:18.258076
36000	720	720	0.279	1	0:00:18.224471
36020	720	720	0.183	1	0:00:18.276055
36040	720	720	0.606	1	0:00:18.128555
36060	721	750	0.292	0	0:00:18.219661
36080	721	-1	0.0	0	0:00:18.212718
36100	722	722	0.8	1	0:00:18.165603
36120	722	722	0.8	1	0:00:18.155349
36140	722	722	0.8	1	0:00:18.275203
36160	723	723	0.8	1	0:00:18.154915
36180	723	883	0.0042	0	0:00:18.208782
36200	724	780	0.8	0	0:00:18.302704
36220	724	-1	0.0	0	0:00:18.249372
36240	724	724	0.667	1	0:00:18.096583
36260	725	849	0.778	0	0:00:18.092654
36280	725	597	0.227	0	0:00:18.207023
36300	726	726	0.764	1	0:00:18.151556
36320	726	726	0.8	1	0:00:18.150234
36340	726	596	0.059	0	0:00:18.269718
36360	727	727	0.8	1	0:00:18.285255
36380	727	727	0.38	1	0:00:18.294792
36400	728	728	0.0283	1	0:00:18.225146
36420	728	-1	0.0	0	0:00:18.180040
36440	728	728	0.0557	1	0:00:18.154710
36460	729	-1	0.0	0	0:00:18.170051
36480	729	729	0.44	1	0:00:18.103106
36500	730	730	0.02	1	0:00:18.273128
36520	730	730	0.482	1	0:00:18.191421
36540	730	730	0.8	1	0:00:18.212506
36560	731	-1	0.0	0	0:00:18.166794
36580	731	577	0.8	0	0:00:18.233982
36600	732	732	0.7	1	0:00:17.981781
36620	732	732	0.474	1	0:00:18.288510
36640	732	732	0.8	1	0:00:18.211002
36660	733	733	0.0434	1	0:00:18.338707
36680	733	887	0.0634	0	0:00:18.089915
36700	734	734	0.8	1	0:00:18.401347
36720	734	734	0.618	1	0:00:18.054748
36740	734	734	0.612	1	0:00:18.076791
36760	735	735	0.8	1	0:00:18.038930
36780	735	735	0.0421	1	0:00:18.080927
36800	736	736	0.8	1	0:00:18.146238
36820	736	-1	0.0	0	0:00:18.122575
36840	736	736	0.577	1	0:00:18.075275
36860	737	737	0.381	1	0:00:18.281211
36880	737	760	0.8	0	0:00:18.166650
36900	738	738	0.458	1	0:00:18.234887
36920	738	738	0.8	1	0:00:18.083368
36940	738	738	0.469	1	0:00:18.244523
36960	739	-1	0.0	0	0:00:18.065661
36980	739	739	0.303	1	0:00:18.033068
37000	740	796	0.177	0	0:00:18.229231
37020	740	-1	0.0	0	0:00:18.111256
37040	740	740	0.778	1	0:00:18.106840
37060	741	698	0.111	0	0:00:18.246068
37080	741	-1	0.0	0	0:00:18.178769
37100	742	-1	0.0	0	0:00:18.291206
37120	742	742	0.215	1	0:00:18.134001
37140	742	713	0.778	0	0:00:18.291916
37160	743	753	0.0621	0	0:00:18.121155
37180	743	743	0.426	1	0:00:17.901652
37200	744	657	0.205	0	0:00:18.177782
37220	744	744	0.443	1	0:00:18.165924
37240	744	657	0.8	0	0:00:18.280383
37260	745	827	0.0271	0	0:00:18.349789
37280	745	745	0.434	1	0:00:18.170092
37300	746	746	0.8	1	0:00:18.333910
37320	746	746	0.318	1	0:00:18.281065
37340	746	746	0.8	1	0:00:18.118443
37360	747	747	0.359	1	0:00:18.209972
37380	747	747	0.753	1	0:00:18.184254
37400	748	748	0.382	1	0:00:18.177747
37420	748	850	0.0341	0	0:00:18.365652
37440	748	748	0.778	1	0:00:18.321141
37460	749	749	0.453	1	0:00:18.177371
37480	749	749	0.778	1	0:00:18.330751
37500	750	-1	0.0	0	0:00:18.068241
37520	750	750	0.8	1	0:00:18.248397
37540	750	-1	0.0	0	0:00:18.328003
37560	751	751	0.8	1	0:00:18.386485
37580	751	751	0.728	1	0:00:18.212154
37600	752	765	0.165	0	0:00:18.251731
37620	752	752	0.8	1	0:00:18.154723
37640	752	752	0.519	1	0:00:18.321251
37660	753	-1	0.0	0	0:00:18.212202
37680	753	-1	0.0	0	0:00:18.241281
37700	754	848	0.0807	0	0:00:18.238906
37720	754	754	0.8	1	0:00:18.180143
37740	754	844	0.327	0	0:00:17.985680
37760	755	755	0.8	1	0:00:18.211445
37780	755	755	0.8	1	0:00:18.180880
37800	756	756	0.337	1	0:00:18.279269
37820	756	463	0.0277	0	0:00:18.145627
37840	756	756	0.241	1	0:00:18.271198
37860	757	-1	0.0	0	0:00:18.323909
37880	757	757	0.482	1	0:00:18.183313
37900	758	758	0.356	1	0:00:17.996729
37920	758	464	0.0749	0	0:00:18.242698
37940	758	758	0.356	1	0:00:18.214148
37960	759	759	0.8	1	0:00:18.274775
37980	759	-1	0.0	0	0:00:18.121859
38000	760	799	0.0342	0	0:00:18.096241
38020	760	760	0.0381	1	0:00:18.154604
38040	760	-1	0.0	0	0:00:18.111438
38060	761	761	0.8	1	0:00:18.296004
38080	761	761	0.00288	1	0:00:18.039203
38100	762	762	0.538	1	0:00:18.166204
38120	762	762	0.721	1	0:00:18.227616
38140	762	-1	0.0	0	0:00:18.254674
38160	763	-1	0.0	0	0:00:18.176842
38180	763	763	0.8	1	0:00:18.182192
38200	764	650	0.434	0	0:00:18.061382
38220	764	764	0.313	1	0:00:18.343636
38240	764	764	0.199	1	0:00:18.083780
38260	765	765	0.8	1	0:00:18.241073
38280	765	765	0.705	1	0:00:18.192648
38300	766	766	0.8	1	0:00:18.168359
38320	766	467	0.0476	0	0:00:18.253675
38340	766	771	0.305	0	0:00:18.198618
38360	767	-1	0.0	0	0:00:18.184926
38380	767	-1	0.0	0	0:00:18.376766
38400	768	752	0.268	0	0:00:18.290142
38420	768	768	0.778	1	0:00:18.266878
38440	768	768	0.764	1	0:00:18.106769
38460	769	769	0.142	1	0:00:18.201244
38480	769	769	0.403	1	0:00:18.132859
38500	770	560	0.173	0	0:00:18.230341
38520	770	916	0.764	0	0:00:18.234845
38540	770	770	0.581	1	0:00:18.057195
38560	771	495	0.0821	0	0:00:18.425358
38580	771	771	0.8	1	0:00:18.136169
38600	772	772	0.8	1	0:00:18.232563
38620	772	748	0.00797	0	0:00:18.010358
38640	772	-1	0.0	0	0:00:18.307082
38660	773	773	0.392	1	0:00:18.041130
38680	773	773	0.8	1	0:00:18.017816
38700	774	774	0.743	1	0:00:18.088690
38720	774	774	0.592	1	0:00:18.126631
38740	774	770	0.0373	0	0:00:18.337490
38760	775	-1	0.0	0	0:00:18.074269
38780	775	775	0.156	1	0:00:18.186011
38800	776	683	0.027	0	0:00:18.202884
38820	776	776	0.8	1	0:00:18.159453
38840	776	916	0.293	0	0:00:18.165035
38860	777	777	0.667	1	0:00:18.352797
38880	777	777	0.437	1	0:00:18.096752
38900	778	-1	0.0	0	0:00:18.253292
38920	778	778	0.331	1	0:00:18.176141
38940	778	778	0.372	1	0:00:18.106775
38960	779	779	0.405	1	0:00:18.216183
38980	779	779	0.8	1	0:00:18.221637
39000	780	780	0.165	1	0:00:18.209824
39020	780	780	0.484	1	0:00:18.180876
39040	780	780	0.41	1	0:00:18.290626
39060	781	781	0.8	1	0:00:18.120156
39080	781	-1	0.0	0	0:00:18.278441
39100	782	598	0.115	0	0:00:18.250901
39120	782	526	0.0385	0	0:00:18.261602
39140	782	664	0.0111	0	0:00:18.057150
39160	783	783	0.753	1	0:00:18.213416
39180	783	783	0.502	1	0:00:18.245476
39200	784	828	0.0324	0	0:00:18.173337
39220	784	784	0.414	1	0:00:18.048965
39240	784	784	0.0391	1	0:00:18.260472
39260	785	-1	0.0	0	0:00:18.064888
39280	785	785	0.331	1	0:00:18.211320
39300	786	-1	0.0	0	0:00:18.114815
39320	786	786	0.54	1	0:00:18.097912
39340	786	-1	0.0	0	0:00:18.199010
39360	787	787	0.59	1	0:00:18.190449
39380	787	-1	0.0	0	0:00:18.151446
39400	788	-1	0.0	0	0:00:18.163503
39420	788	788	0.8	1	0:00:18.224684
39440	788	788	0.735	1	0:00:18.128252
39460	789	789	0.8	1	0:00:18.228884
39480	789	789	0.8	1	0:00:18.165467
39500	790	791	0.8	0	0:00:18.329102
39520	790	-1	0.0	0	0:00:18.144285
39540	790	790	0.8	1	0:00:18.215271
39560	791	790	0.0308	0	0:00:18.169658
39580	791	791	0.8	1	0:00:18.206263
39600	792	792	0.7	1	0:00:18.133519
39620	792	792	0.322	1	0:00:18.296159
39640	792	792	0.456	1	0:00:18.214240
39660	793	433	0.112	0	0:00:18.222304
39680	793	-1	0.0	0	0:00:18.272567
39700	794	794	0.445	1	0:00:18.230274
39720	794	-1	0.0	0	0:00:18.242369
39740	794	854	0.265	0	0:00:18.021194
39760	795	970	0.484	0	0:00:18.093003
39780	795	-1	0.0	0	0:00:18.244301
39800	796	796	0.8	1	0:00:18.237638
39820	796	-1	0.0	0	0:00:18.310148
39840	796	796	0.15	1	0:00:18.020834
39860	797	797	0.373	1	0:00:18.192708
39880	797	797	0.649	1	0:00:18.022988
39900	798	798	0.634	1	0:00:18.350937
39920	798	798	0.32	1	0:00:18.127059
39940	798	798	0.38	1	0:00:18.339299
39960	799	799	0.684	1	0:00:18.168009
39980	799	519	0.0291	0	0:00:18.168931
40000	800	800	0.8	1	0:00:17.966621
40020	800	800	0.246	1	0:00:18.136162
40040	800	800	0.8	1	0:00:18.237323
40060	801	973	0.36	0	0:00:18.386268
40080	801	801	0.8	1	0:00:18.204596
40100	802	802	0.512	1	0:00:18.258856
40120	802	802	0.778	1	0:00:18.112580
40140	802	802	0.8	1	0:00:18.188224
40160	803	803	0.63	1	0:00:18.194328
40180	803	803	0.8	1	0:00:17.979419
40200	804	844	0.187	0	0:00:18.138892
40220	804	804	0.8	1	0:00:18.296914
40240	804	550	0.146	0	0:00:18.283964
40260	805	805	0.195	1	0:00:18.234728
40280	805	-1	0.0	0	0:00:18.155301
40300	806	806	0.8	1	0:00:18.357893
40320	806	806	0.8	1	0:00:18.084306
40340	806	-1	0.0	0	0:00:18.239920
40360	807	517	0.577	0	0:00:18.275864
40380	807	807	0.8	1	0:00:18.128316
40400	808	808	0.581	1	0:00:17.942730
40420	808	-1	0.0	0	0:00:18.121749
40440	808	879	0.0966	0	0:00:18.159469
40460	809	927	0.214	0	0:00:18.046566
40480	809	926	0.8	0	0:00:18.091538
40500	810	810	0.582	1	0:00:18.247529
40520	810	878	0.8	0	0:00:18.083969
40540	810	810	0.238	1	0:00:18.204246
40560	811	827	0.508	0	0:00:18.188514
40580	811	553	0.168	0	0:00:18.104336
40600	812	812	0.8	1	0:00:17.924584
40620	812	812	0.8	1	0:00:18.084207
40640	812	812	0.8	1	0:00:18.111062
40660	813	-1	0.0	0	0:00:18.194576
40680	813	-1	0.0	0	0:00:18.170883
40700	814	814	0.0937	1	0:00:18.136511
40720	814	814	0.728	1	0:00:18.145867
40740	814	814	0.273	1	0:00:18.059061
40760	815	815	0.8	1	0:00:18.184201
40780	815	379	0.0385	0	0:00:18.246083
40800	816	816	0.8	1	0:00:18.067474
40820	816	816	0.261	1	0:00:18.209241
40840	816	816	0.132	1	0:00:18.366656
40860	817	751	0.0761	0	0:00:18.236899
40880	817	817	0.569	1	0:00:18.364446
40900	818	745	0.0778	0	0:00:18.192667
40920	818	862	0.376	0	0:00:18.097629
40940	818	818	0.13	1	0:00:18.024690
40960	819	819	0.186	1	0:00:18.262050
40980	819	839	0.245	0	0:00:18.210206
41000	820	820	0.1	1	0:00:18.354353
41020	820	820	0.575	1	0:00:17.990053
41040	820	820	0.705	1	0:00:18.136641
41060	821	821	0.8	1	0:00:18.096286
41080	821	-1	0.0	0	0:00:18.134730
41100	822	822	0.8	1	0:00:18.243795
41120	822	822	0.8	1	0:00:18.219205
41140	822	822	0.8	1	0:00:18.124631
41160	823	850	0.317	0	0:00:18.262705
41180	823	-1	0.0	0	0:00:18.074942
41200	824	824	0.445	1	0:00:18.007258
41220	824	824	0.112	1	0:00:18.220814
41240	824	652	0.016	0	0:00:17.955992
41260	825	825	0.369	1	0:00:18.124991
41280	825	825	0.126	1	0:00:18.160884
41300	826	531	0.392	0	0:00:18.121774
41320	826	605	0.8	0	0:00:18.158732
41340	826	-1	0.0	0	0:00:18.215632
41360	827	827	0.764	1	0:00:18.209739
41380	827	909	0.036	0	0:00:18.103364
41400	828	-1	0.0	0	0:00:18.150905
41420	828	828	0.8	1	0:00:18.130858
41440	828	904	0.8	0	0:00:18.168467
41460	829	829	0.8	1	0:00:18.037199
41480	829	-1	0.0	0	0:00:18.132302
41500	830	830	0.0268	1	0:00:18.106582
41520	830	-1	0.0	0	0:00:18.106033
41540	830	830	0.455	1	0:00:18.154118
41560	831	831	0.691	1	0:00:18.329475
41580	831	-1	0.0	0	0:00:18.228936
41600	832	832	0.334	1	0:00:18.098974
41620	832	832	0.8	1	0:00:18.098286
41640	832	832	0.0707	1	0:00:18.159236
41660	833	833	0.396	1	0:00:18.087722
41680	833	833	0.8	1	0:00:18.070596
41700	834	834	0.778	1	0:00:18.149646
41720	834	834	0.705	1	0:00:18.153395
41740	834	-1	0.0	0	0:00:18.242676
41760	835	-1	0.0	0	0:00:18.195565
41780	835	-1	0.0	0	0:00:18.366865
41800	836	-1	0.0	0	0:00:18.185879
41820	836	-1	0.0	0	0:00:18.355808
41840	836	655	0.0239	0	0:00:18.257176
41860	837	746	0.0495	0	0:00:18.285808
41880	837	836	0.0532	0	0:00:18.030057
41900	838	631	0.2	0	0:00:18.380854
41920	838	-1	0.0	0	0:00:18.247125
41940	838	838	0.196	1	0:00:18.281042
41960	839	-1	0.0	0	0:00:18.106356
41980	839	-1	0.0	0	0:00:18.287134
42000	840	-1	0.0	0	0:00:18.062834
42020	840	840	0.544	1	0:00:18.187768
42040	840	840	0.743	1	0:00:18.149539
42060	841	-1	0.0	0	0:00:18.107646
42080	841	570	0.146	0	0:00:18.231148
42100	842	842	0.0549	1	0:00:18.201734
42120	842	842	0.8	1	0:00:18.212345
42140	842	-1	0.0	0	0:00:18.147997
42160	843	488	0.0027	0	0:00:18.199110
42180	843	456	0.019	0	0:00:18.116310
42200	844	844	0.8	1	0:00:18.348858
42220	844	844	0.49	1	0:00:18.186849
42240	844	844	0.705	1	0:00:18.312254
42260	845	845	0.376	1	0:00:18.194753
42280	845	845	0.48	1	0:00:18.257431
42300	846	583	0.271	0	0:00:18.064166
42320	846	619	0.516	0	0:00:17.934696
42340	846	-1	0.0	0	0:00:18.344090
42360	847	-1	0.0	0	0:00:18.048861
42380	847	847	0.393	1	0:00:18.291649
42400	848	-1	0.0	0	0:00:18.204203
42420	848	-1	0.0	0	0:00:18.212688
42440	848	848	0.577	1	0:00:18.255942
42460	849	849	0.764	1	0:00:18.221918
42480	849	849	0.8	1	0:00:18.231959
42500	850	850	0.7	1	0:00:18.144305
42520	850	865	0.423	0	0:00:18.152856
42540	850	850	0.753	1	0:00:18.098982
42560	851	-1	0.0	0	0:00:18.125045
42580	851	851	0.194	1	0:00:18.191740
42600	852	852	0.8	1	0:00:18.183205
42620	852	542	0.0366	0	0:00:18.309788
42640	852	852	0.422	1	0:00:18.381363
42660	853	853	0.172	1	0:00:18.235853
42680	853	853	0.8	1	0:00:18.139024
42700	854	-1	0.0	0	0:00:18.165344
42720	854	854	0.154	1	0:00:18.322653
42740	854	564	0.133	0	0:00:17.992827
42760	855	855	0.55	1	0:00:18.090107
42780	855	855	0.8	1	0:00:18.246104
42800	856	856	0.268	1	0:00:18.226836
42820	856	856	0.8	1	0:00:18.341650
42840	856	565	0.384	0	0:00:18.397014
42860	857	857	0.362	1	0:00:18.153729
42880	857	857	0.8	1	0:00:18.366739
42900	858	-1	0.0	0	0:00:18.146626
42920	858	497	0.0125	0	0:00:18.280715
42940	858	698	0.253	0	0:00:18.041128
42960	859	859	0.589	1	0:00:18.188077
42980	859	859	0.0364	1	0:00:18.232646
43000	860	409	0.262	0	0:00:18.183897
43020	860	498	0.0742	0	0:00:18.125267
43040	860	-1	0.0	0	0:00:18.280860
43060	861	861	0.42	1	0:00:18.105397
43080	861	861	0.308	1	0:00:18.092711
43100	862	862	0.68	1	0:00:18.268381
43120	862	862	0.8	1	0:00:18.098480
43140	862	862	0.8	1	0:00:18.340145
43160	863	863	0.8	1	0:00:18.188548
43180	863	863	0.8	1	0:00:18.056416
43200	864	864	0.00226	1	0:00:18.446040
43220	864	-1	0.0	0	0:00:18.158035
43240	864	864	0.182	1	0:00:18.136410
43260	865	865	0.667	1	0:00:18.072872
43280	865	865	0.638	1	0:00:18.189477
43300	866	866	0.164	1	0:00:18.381768
43320	866	866	0.8	1	0:00:18.123799
43340	866	-1	0.0	0	0:00:18.231283
43360	867	867	0.8	1	0:00:18.229096
43380	867	867	0.273	1	0:00:18.224242
43400	868	925	0.147	0	0:00:17.999523
43420	868	962	0.189	0	0:00:18.117724
43440	868	607	0.198	0	0:00:18.303324
43460	869	-1	0.0	0	0:00:18.336627
43480	869	869	0.35	1	0:00:18.115480
43500	870	870	0.182	1	0:00:18.242053
43520	870	870	0.735	1	0:00:18.096831
43540	870	870	0.179	1	0:00:18.351169
43560	871	871	0.8	1	0:00:18.156511
43580	871	871	0.238	1	0:00:18.192598
43600	872	872	0.17	1	0:00:18.123995
43620	872	872	0.8	1	0:00:18.114458
43640	872	-1	0.0	0	0:00:18.099829
43660	873	873	0.8	1	0:00:18.348454
43680	873	873	0.8	1	0:00:18.132027
43700	874	874	0.628	1	0:00:18.227934
43720	874	874	0.8	1	0:00:18.301288
43740	874	874	0.7	1	0:00:18.197029
43760	875	875	0.59	1	0:00:18.246986
43780	875	875	0.8	1	0:00:18.211062
43800	876	648	0.082	0	0:00:18.207098
43820	876	-1	0.0	0	0:00:18.179902
43840	876	876	0.285	1	0:00:18.243157
43860	877	877	0.8	1	0:00:18.258040
43880	877	-1	0.0	0	0:00:17.997873
43900	878	878	0.525	1	0:00:18.150520
43920	878	878	0.8	1	0:00:18.122366
43940	878	878	0.64	1	0:00:18.220202
43960	879	880	0.0667	0	0:00:18.180481
43980	879	875	0.1	0	0:00:18.231209
44000	880	-1	0.0	0	0:00:18.171417
44020	880	880	0.8	1	0:00:18.069859
44040	880	880	0.341	1	0:00:18.122646
44060	881	881	0.166	1	0:00:18.210828
44080	881	881	0.471	1	0:00:18.387807
44100	882	-1	0.0	0	0:00:18.077548
44120	882	-1	0.0	0	0:00:18.247129
44140	882	-1	0.0	0	0:00:18.200598
44160	883	883	0.452	1	0:00:18.332283
44180	883	-1	0.0	0	0:00:18.109348
44200	884	884	0.68	1	0:00:18.136553
44220	884	884	0.728	1	0:00:18.178671
44240	884	884	0.292	1	0:00:18.299703
44260	885	-1	0.0	0	0:00:18.110759
44280	885	679	0.0513	0	0:00:18.150066
44300	886	886	0.8	1	0:00:18.200996
44320	886	886	0.8	1	0:00:18.174809
44340	886	886	0.778	1	0:00:18.095841
44360	887	614	0.277	0	0:00:18.079502
44380	887	887	0.753	1	0:00:18.293176
44400	888	718	0.565	0	0:00:18.070827
44420	888	888	0.352	1	0:00:18.309459
44440	888	839	0.0544	0	0:00:18.279546
44460	889	889	0.576	1	0:00:17.965608
44480	889	889	0.236	1	0:00:18.355289
44500	890	645	0.0404	0	0:00:18.245821
44520	890	890	0.8	1	0:00:18.212857
44540	890	890	0.8	1	0:00:18.117203
44560	891	830	0.315	0	0:00:18.192949
44580	891	891	0.0694	1	0:00:18.073657
44600	892	442	0.588	0	0:00:18.245762
44620	892	409	0.035	0	0:00:18.169335
44640	892	892	0.8	1	0:00:18.029055
44660	893	533	0.305	0	0:00:18.308707
44680	893	893	0.503	1	0:00:18.270336
44700	894	894	0.434	1	0:00:18.032098
44720	894	-1	0.0	0	0:00:18.069659
44740	894	495	0.137	0	0:00:18.225796
44760	895	895	0.8	1	0:00:18.207460
44780	895	895	0.378	1	0:00:18.305133
44800	896	-1	0.0	0	0:00:18.207247
44820	896	896	0.8	1	0:00:18.261289
44840	896	896	0.246	1	0:00:18.003590
44860	897	-1	0.0	0	0:00:18.181691
44880	897	897	0.651	1	0:00:17.973734
44900	898	-1	0.0	0	0:00:18.216824
44920	898	737	0.367	0	0:00:18.218446
44940	898	-1	0.0	0	0:00:18.213765
44960	899	756	0.0515	0	0:00:18.125253
44980	899	-1	0.0	0	0:00:18.184316
45000	900	900	0.8	1	0:00:18.175664
45020	900	900	0.638	1	0:00:18.029577
45040	900	900	0.8	1	0:00:18.117912
45060	901	653	0.673	0	0:00:18.246568
45080	901	901	0.16	1	0:00:18.327635
45100	902	902	0.705	1	0:00:18.263074
45120	902	902	0.307	1	0:00:18.108530
45140	902	902	0.8	1	0:00:18.133324
45160	903	903	0.583	1	0:00:18.074160
45180	903	903	0.664	1	0:00:18.129342
45200	904	905	0.539	0	0:00:18.147934
45220	904	904	0.8	1	0:00:18.251544
45240	904	904	0.696	1	0:00:18.206301
45260	905	794	0.181	0	0:00:18.055769
45280	905	854	0.226	0	0:00:18.174863
45300	906	906	0.8	1	0:00:18.334544
45320	906	616	0.27	0	0:00:18.020586
45340	906	834	0.8	0	0:00:18.118618
45360	907	966	0.68	0	0:00:18.271919
45380	907	966	0.374	0	0:00:18.060899
45400	908	895	0.456	0	0:00:18.212420
45420	908	908	0.684	1	0:00:18.123172
45440	908	404	0.8	0	0:00:18.214726
45460	909	909	0.508	1	0:00:18.088169
45480	909	909	0.234	1	0:00:18.337085
45500	910	641	0.8	0	0:00:18.166065
45520	910	930	0.0249	0	0:00:18.326576
45540	910	910	0.8	1	0:00:18.087250
45560	911	431	0.476	0	0:00:18.195686
45580	911	936	0.00558	0	0:00:18.145031
45600	912	677	0.0192	0	0:00:18.046844
45620	912	912	0.8	1	0:00:18.105366
45640	912	912	0.136	1	0:00:18.147679
45660	913	51	0.103	0	0:00:18.303149
45680	913	913	0.778	1	0:00:18.159895
45700	914	914	0.457	1	0:00:18.237190
45720	914	914	0.556	1	0:00:18.123732
45740	914	914	0.528	1	0:00:18.190684
45760	915	915	0.121	1	0:00:18.050333
45780	915	915	0.8	1	0:00:18.074726
45800	916	916	0.8	1	0:00:18.146503
45820	916	916	0.8	1	0:00:18.283089
45840	916	916	0.8	1	0:00:18.087297
45860	917	917	0.585	1	0:00:18.231605
45880	917	921	0.532	0	0:00:18.123796
45900	918	918	0.8	1	0:00:18.165425
45920	918	918	0.638	1	0:00:18.222237
45940	918	918	0.8	1	0:00:18.362128
45960	919	-1	0.0	0	0:00:18.069317
45980	919	919	0.778	1	0:00:18.276725
46000	920	607	0.037	0	0:00:18.159073
46020	920	920	0.134	1	0:00:18.340797
46040	920	920	0.8	1	0:00:17.949507
46060	921	-1	0.0	0	0:00:18.157654
46080	921	918	0.0522	0	0:00:18.210661
46100	922	-1	0.0	0	0:00:18.167420
46120	922	922	0.508	1	0:00:18.157903
46140	922	749	0.0464	0	0:00:18.193263
46160	923	923	0.112	1	0:00:17.999479
46180	923	926	0.743	0	0:00:17.999904
46200	924	924	0.778	1	0:00:18.381778
46220	924	965	0.00132	0	0:00:17.986401
46240	924	924	0.721	1	0:00:18.224781
46260	925	925	0.8	1	0:00:18.257591
46280	925	925	0.8	1	0:00:18.128385
46300	926	926	0.8	1	0:00:18.144442
46320	926	926	0.0663	1	0:00:18.267472
46340	926	926	0.743	1	0:00:18.126080
46360	927	927	0.8	1	0:00:18.119435
46380	927	927	0.8	1	0:00:18.063755
46400	928	927	0.369	0	0:00:18.145954
46420	928	935	0.552	0	0:00:18.280466
46440	928	928	0.664	1	0:00:18.177670
46460	929	-1	0.0	0	0:00:18.137649
46480	929	-1	0.0	0	0:00:18.100873
46500	930	964	0.0169	0	0:00:18.113429
46520	930	930	0.764	1	0:00:18.269532
46540	930	930	0.411	1	0:00:18.180825
46560	931	-1	0.0	0	0:00:18.268141
46580	931	931	0.8	1	0:00:18.236095
46600	932	932	0.479	1	0:00:18.122921
46620	932	932	0.204	1	0:00:17.913413
46640	932	932	0.8	1	0:00:18.146139
46660	933	933	0.421	1	0:00:18.136856
46680	933	-1	0.0	0	0:00:18.195231
46700	934	934	0.486	1	0:00:18.353764
46720	934	-1	0.0	0	0:00:18.190595
46740	934	934	0.8	1	0:00:18.236644
46760	935	-1	0.0	0	0:00:18.102389
46780	935	935	0.265	1	0:00:18.237068
46800	936	936	0.651	1	0:00:18.132325
46820	936	936	0.8	1	0:00:18.143759
46840	936	936	0.8	1	0:00:18.246789
46860	937	937	0.778	1	0:00:18.247670
46880	937	937	0.8	1	0:00:18.111361
46900	938	938	0.363	1	0:00:18.164301
46920	938	938	0.8	1	0:00:18.225661
46940	938	924	0.192	0	0:00:18.094250
46960	939	954	0.8	0	0:00:18.248406
46980	939	939	0.8	1	0:00:18.007666
47000	940	-1	0.0	0	0:00:18.267992
47020	940	940	0.8	1	0:00:18.137456
47040	940	940	0.128	1	0:00:18.083992
47060	941	941	0.0139	1	0:00:18.213044
47080	941	941	0.8	1	0:00:18.268896
47100	942	942	0.8	1	0:00:18.082426
47120	942	930	0.175	0	0:00:18.190266
47140	942	942	0.8	1	0:00:18.203645
47160	943	943	0.556	1	0:00:18.361531
47180	943	943	0.735	1	0:00:18.313499
47200	944	946	0.8	0	0:00:18.049070
47220	944	944	0.8	1	0:00:18.004260
47240	944	944	0.8	1	0:00:17.968451
47260	945	945	0.42	1	0:00:18.227853
47280	945	945	0.128	1	0:00:17.994456
47300	946	946	0.8	1	0:00:18.182985
47320	946	946	0.778	1	0:00:18.326749
47340	946	946	0.56	1	0:00:18.167542
47360	947	947	0.743	1	0:00:18.265518
47380	947	947	0.8	1	0:00:18.336870
47400	948	948	0.735	1	0:00:17.976028
47420	948	948	0.68	1	0:00:18.041842
47440	948	948	0.501	1	0:00:18.287871
47460	949	949	0.117	1	0:00:17.922345
47480	949	949	0.8	1	0:00:18.228806
47500	950	950	0.405	1	0:00:18.229409
47520	950	951	0.68	0	0:00:18.235211
47540	950	951	0.581	0	0:00:18.157798
47560	951	950	0.8	0	0:00:18.246280
47580	951	951	0.68	1	0:00:18.014215
47600	952	90	0.8	0	0:00:18.082905
47620	952	952	0.8	1	0:00:18.173568
47640	952	948	0.8	0	0:00:18.068540
47660	953	953	0.378	1	0:00:18.211154
47680	953	953	0.8	1	0:00:18.095325
47700	954	987	0.161	0	0:00:18.195524
47720	954	-1	0.0	0	0:00:18.265673
47740	954	940	0.353	0	0:00:18.054672
47760	955	955	0.0819	1	0:00:18.232830
47780	955	955	0.8	1	0:00:18.180008
47800	956	956	0.728	1	0:00:18.337465
47820	956	956	0.753	1	0:00:18.077720
47840	956	-1	0.0	0	0:00:18.093077
47860	957	957	0.272	1	0:00:18.062876
47880	957	957	0.305	1	0:00:18.138469
47900	958	483	0.465	0	0:00:18.056779
47920	958	958	0.705	1	0:00:18.198490
47940	958	-1	0.0	0	0:00:18.275698
47960	959	935	0.0042	0	0:00:18.185026
47980	959	959	0.8	1	0:00:18.182430
48000	960	-1	0.0	0	0:00:18.000260
48020	960	923	0.691	0	0:00:17.998201
48040	960	-1	0.0	0	0:00:18.267488
48060	961	963	0.8	0	0:00:18.059019
48080	961	930	0.284	0	0:00:18.041398
48100	962	962	0.464	1	0:00:18.091693
48120	962	962	0.613	1	0:00:18.146249
48140	962	582	0.0871	0	0:00:10.765078
48160	963	963	0.8	1	0:00:08.863493
48180	963	335	0.12	0	0:00:08.851348
48200	964	-1	0.0	0	0:00:08.861444
48220	964	964	0.574	1	0:00:08.876389
48240	964	455	0.31	0	0:00:08.850394
48260	965	-1	0.0	0	0:00:08.866430
48280	965	925	0.0656	0	0:00:08.890800
48300	966	-1	0.0	0	0:00:08.875994
48320	966	966	0.8	1	0:00:08.869868
48340	966	966	0.8	1	0:00:08.889415
48360	967	-1	0.0	0	0:00:08.842584
48380	967	967	0.778	1	0:00:08.871378
48400	968	968	0.541	1	0:00:09.070173
48420	968	504	0.0673	0	0:00:09.066719
48440	968	968	0.15	1	0:00:08.892919
48460	969	968	0.149	0	0:00:08.885475
48480	969	618	0.31	0	0:00:08.878959
48500	970	795	0.8	0	0:00:08.885441
48520	970	-1	0.0	0	0:00:08.871248
48540	970	-1	0.0	0	0:00:08.868415
48560	971	971	0.8	1	0:00:08.874601
48580	971	971	0.621	1	0:00:08.865594
48600	972	979	0.496	0	0:00:08.859980
48620	972	972	0.649	1	0:00:08.861050
48640	972	500	0.14	0	0:00:08.877559
48660	973	973	0.533	1	0:00:08.883314
48680	973	973	0.56	1	0:00:08.875848
48700	974	974	0.8	1	0:00:08.876940
48720	974	974	0.538	1	0:00:09.005219
48740	974	974	0.425	1	0:00:08.896656
48760	975	975	0.743	1	0:00:08.906967
48780	975	975	0.307	1	0:00:08.898904
48800	976	972	0.113	0	0:00:08.903088
48820	976	976	0.312	1	0:00:08.898893
48840	976	976	0.521	1	0:00:08.910228
48860	977	145	0.0976	0	0:00:08.915753
48880	977	976	0.778	0	0:00:08.899541
48900	978	-1	0.0	0	0:00:08.892288
48920	978	-1	0.0	0	0:00:08.890041
48940	978	-1	0.0	0	0:00:08.893143
48960	979	979	0.8	1	0:00:08.902822
48980	979	970	0.101	0	0:00:08.910424
49000	980	980	0.8	1	0:00:08.921497
49020	980	-1	0.0	0	0:00:09.027067
49040	980	-1	0.0	0	0:00:09.028033
49060	981	981	0.8	1	0:00:08.905152
49080	981	981	0.8	1	0:00:08.888505
49100	982	982	0.8	1	0:00:08.898519
49120	982	982	0.743	1	0:00:08.887355
49140	982	457	0.288	0	0:00:08.893317
49160	983	-1	0.0	0	0:00:08.891955
49180	983	983	0.8	1	0:00:08.878960
49200	984	984	0.8	1	0:00:08.890066
49220	984	984	0.8	1	0:00:08.896698
49240	984	984	0.8	1	0:00:08.899365
49260	985	985	0.8	1	0:00:08.905929
49280	985	985	0.8	1	0:00:08.900578
49300	986	986	0.8	1	0:00:08.898107
49320	986	986	0.8	1	0:00:08.886957
49340	986	986	0.8	1	0:00:09.020369
49360	987	998	0.8	0	0:00:08.900187
49380	987	987	0.603	1	0:00:08.897474
49400	988	988	0.196	1	0:00:08.902028
49420	988	988	0.407	1	0:00:08.894193
49440	988	988	0.778	1	0:00:08.908934
49460	989	989	0.505	1	0:00:08.903398
49480	989	989	0.51	1	0:00:08.905344
49500	990	990	0.196	1	0:00:08.893970
49520	990	-1	0.0	0	0:00:08.909957
49540	990	990	0.8	1	0:00:08.897186
49560	991	991	0.8	1	0:00:08.909529
49580	991	991	0.8	1	0:00:08.914950
49600	992	992	0.8	1	0:00:08.918455
49620	992	947	0.51	0	0:00:08.899603
49640	992	947	0.491	0	0:00:09.035053
49660	993	993	0.8	1	0:00:09.026948
49680	993	993	0.8	1	0:00:08.899324
49700	994	994	0.8	1	0:00:08.909859
49720	994	994	0.8	1	0:00:08.912334
49740	994	994	0.31	1	0:00:08.892797
49760	995	995	0.634	1	0:00:08.898551
49780	995	995	0.8	1	0:00:08.899518
49800	996	996	0.654	1	0:00:08.898640
49820	996	996	0.379	1	0:00:08.891986
49840	996	996	0.8	1	0:00:08.896734
49860	997	947	0.0367	0	0:00:08.901919
49880	997	997	0.36	1	0:00:08.894384
49900	998	987	0.8	0	0:00:08.890269
49920	998	998	0.8	1	0:00:08.905469
49940	998	987	0.8	0	0:00:08.890519
49960	999	999	0.291	1	0:00:09.004052
49980	999	-1	0.0	0	0:00:08.887649
