idx	label	predict	radius	correct	time
0	0	0	0.0901	1	0:01:45.572471
20	0	-1	0.0	0	0:00:13.994226
40	0	0	0.778	1	0:00:14.041740
60	1	1	0.0886	1	0:00:14.116446
80	1	-1	0.0	0	0:00:14.184295
100	2	2	0.277	1	0:00:14.219348
120	2	2	0.778	1	0:00:14.214577
140	2	2	0.325	1	0:00:14.225074
160	3	3	0.735	1	0:00:14.266285
180	3	3	0.8	1	0:00:14.220502
200	4	-1	0.0	0	0:00:14.243518
220	4	3	0.147	0	0:00:14.234063
240	4	-1	0.0	0	0:00:14.174462
260	5	-1	0.0	0	0:00:14.215833
280	5	5	0.0313	1	0:00:14.219128
300	6	6	0.0382	1	0:00:14.252474
320	6	6	0.106	1	0:00:14.229270
340	6	-1	0.0	0	0:00:14.197509
360	7	7	0.242	1	0:00:14.192172
380	7	7	0.735	1	0:00:14.268026
400	8	8	0.478	1	0:00:14.269686
420	8	7	0.001	0	0:00:14.253133
440	8	8	0.27	1	0:00:14.297494
460	9	9	0.111	1	0:00:14.257489
480	9	-1	0.0	0	0:00:14.259170
500	10	10	0.662	1	0:00:14.219580
520	10	-1	0.0	0	0:00:14.266766
540	10	10	0.161	1	0:00:14.268012
560	11	94	0.0363	0	0:00:14.253612
580	11	11	0.113	1	0:00:14.243765
600	12	-1	0.0	0	0:00:14.258139
620	12	12	0.8	1	0:00:14.265167
640	12	12	0.0758	1	0:00:14.282037
660	13	13	0.8	1	0:00:14.276782
680	13	13	0.161	1	0:00:14.214584
700	14	14	0.401	1	0:00:14.255363
720	14	14	0.8	1	0:00:14.254790
740	14	14	0.662	1	0:00:14.258142
760	15	15	0.476	1	0:00:14.244522
780	15	15	0.0998	1	0:00:14.240642
800	16	16	0.308	1	0:00:14.238290
820	16	16	0.173	1	0:00:14.222578
840	16	16	0.728	1	0:00:14.232927
860	17	17	0.8	1	0:00:14.231065
880	17	17	0.0462	1	0:00:14.256734
900	18	18	0.0436	1	0:00:14.301425
920	18	18	0.296	1	0:00:14.276470
940	18	18	0.778	1	0:00:14.257693
960	19	-1	0.0	0	0:00:14.310165
980	19	-1	0.0	0	0:00:14.288136
1000	20	20	0.563	1	0:00:14.281699
1020	20	20	0.778	1	0:00:14.273420
1040	20	20	0.8	1	0:00:14.264406
1060	21	-1	0.0	0	0:00:14.290958
1080	21	21	0.224	1	0:00:14.289290
1100	22	21	0.412	0	0:00:14.257551
1120	22	22	0.743	1	0:00:14.243385
1140	22	22	0.764	1	0:00:14.220023
1160	23	23	0.8	1	0:00:14.275258
1180	23	23	0.8	1	0:00:14.254587
1200	24	24	0.58	1	0:00:14.289263
1220	24	21	0.218	0	0:00:14.297183
1240	24	24	0.8	1	0:00:14.285294
1260	25	103	0.344	0	0:00:14.276831
1280	25	25	0.8	1	0:00:14.278896
1300	26	-1	0.0	0	0:00:14.200430
1320	26	-1	0.0	0	0:00:14.248032
1340	26	26	0.8	1	0:00:14.268578
1360	27	27	0.8	1	0:00:14.219537
1380	27	27	0.8	1	0:00:14.272677
1400	28	123	0.429	0	0:00:14.300017
1420	28	28	0.8	1	0:00:14.298997
1440	28	28	0.015	1	0:00:14.276703
1460	29	29	0.609	1	0:00:14.262757
1480	29	29	0.000188	1	0:00:14.266461
1500	30	30	0.2	1	0:00:14.283934
1520	30	-1	0.0	0	0:00:14.255933
1540	30	-1	0.0	0	0:00:14.260177
1560	31	31	0.0649	1	0:00:14.288341
1580	31	31	0.8	1	0:00:14.289866
1600	32	103	0.382	0	0:00:14.271466
1620	32	32	0.202	1	0:00:14.282617
1640	32	-1	0.0	0	0:00:14.276641
1660	33	33	0.0558	1	0:00:14.300453
1680	33	33	0.529	1	0:00:14.306283
1700	34	-1	0.0	0	0:00:14.276757
1720	34	-1	0.0	0	0:00:14.267177
1740	34	-1	0.0	0	0:00:14.294872
1760	35	35	0.753	1	0:00:14.288920
1780	35	35	0.113	1	0:00:14.236892
1800	36	37	0.0527	0	0:00:14.253330
1820	36	33	0.208	0	0:00:14.211875
1840	36	35	0.357	0	0:00:14.250433
1860	37	35	0.179	0	0:00:14.270926
1880	37	-1	0.0	0	0:00:14.281877
1900	38	-1	0.0	0	0:00:14.435954
1920	38	-1	0.0	0	0:00:14.334793
1940	38	65	0.0381	0	0:00:14.316478
1960	39	39	0.501	1	0:00:14.263446
1980	39	39	0.148	1	0:00:14.495367
2000	40	59	0.0174	0	0:00:15.606873
2020	40	40	0.166	1	0:00:23.562261
2040	40	46	0.764	0	0:00:27.597452
2060	41	41	0.8	1	0:00:27.483293
2080	41	-1	0.0	0	0:00:27.562791
2100	42	-1	0.0	0	0:00:27.629029
2120	42	42	0.522	1	0:00:27.466940
2140	42	71	0.0213	0	0:00:27.476413
2160	43	43	0.0227	1	0:00:27.652772
2180	43	43	0.0482	1	0:00:27.532511
2200	44	44	0.284	1	0:00:27.408427
2220	44	44	0.8	1	0:00:27.391102
2240	44	44	0.8	1	0:00:27.394203
2260	45	45	0.493	1	0:00:27.541352
2280	45	48	0.246	0	0:00:27.423688
2300	46	46	0.294	1	0:00:27.360002
2320	46	-1	0.0	0	0:00:27.362933
2340	46	909	0.122	0	0:00:27.297380
2360	47	-1	0.0	0	0:00:27.357348
2380	47	47	0.667	1	0:00:27.314579
2400	48	69	0.317	0	0:00:27.303804
2420	48	48	0.459	1	0:00:27.510493
2440	48	-1	0.0	0	0:00:27.531364
2460	49	50	0.112	0	0:00:27.405684
2480	49	646	0.18	0	0:00:27.492627
2500	50	50	0.705	1	0:00:27.497461
2520	50	-1	0.0	0	0:00:27.445537
2540	50	640	0.364	0	0:00:27.488495
2560	51	51	0.504	1	0:00:27.462357
2580	51	51	0.743	1	0:00:27.467985
2600	52	111	0.151	0	0:00:27.441995
2620	52	-1	0.0	0	0:00:27.591379
2640	52	58	0.273	0	0:00:27.507769
2660	53	600	0.0974	0	0:00:27.514568
2680	53	-1	0.0	0	0:00:27.513299
2700	54	57	0.8	0	0:00:27.405090
2720	54	57	0.8	0	0:00:27.207954
2740	54	54	0.715	1	0:00:27.547288
2760	55	506	0.39	0	0:00:27.418694
2780	55	-1	0.0	0	0:00:27.574000
2800	56	56	0.392	1	0:00:27.524703
2820	56	-1	0.0	0	0:00:27.541758
2840	56	-1	0.0	0	0:00:27.614108
2860	57	57	0.8	1	0:00:27.369064
2880	57	57	0.47	1	0:00:27.559468
2900	58	-1	0.0	0	0:00:27.659151
2920	58	61	0.184	0	0:00:27.542683
2940	58	65	0.0926	0	0:00:27.442973
2960	59	59	0.8	1	0:00:27.449438
2980	59	59	0.8	1	0:00:27.431346
3000	60	-1	0.0	0	0:00:27.524065
3020	60	66	0.178	0	0:00:27.631900
3040	60	59	0.302	0	0:00:27.515541
3060	61	61	0.15	1	0:00:27.530431
3080	61	61	0.596	1	0:00:27.388955
3100	62	62	0.441	1	0:00:27.430720
3120	62	621	0.0241	0	0:00:27.453540
3140	62	-1	0.0	0	0:00:27.489081
3160	63	63	0.8	1	0:00:27.383451
3180	63	63	0.662	1	0:00:27.334803
3200	64	55	0.0406	0	0:00:27.473868
3220	64	55	0.295	0	0:00:27.439447
3240	64	-1	0.0	0	0:00:27.457945
3260	65	65	0.146	1	0:00:27.567066
3280	65	973	0.337	0	0:00:27.461221
3300	66	61	0.0529	0	0:00:27.639213
3320	66	-1	0.0	0	0:00:27.499298
3340	66	-1	0.0	0	0:00:27.566647
3360	67	-1	0.0	0	0:00:27.425904
3380	67	67	0.0571	1	0:00:27.537252
3400	68	61	0.235	0	0:00:27.420593
3420	68	68	0.476	1	0:00:27.625744
3440	68	66	0.339	0	0:00:27.448286
3460	69	69	0.588	1	0:00:27.665821
3480	69	69	0.778	1	0:00:27.581633
3500	70	70	0.8	1	0:00:27.362532
3520	70	70	0.107	1	0:00:27.390351
3540	70	70	0.8	1	0:00:27.525699
3560	71	-1	0.0	0	0:00:27.620903
3580	71	71	0.507	1	0:00:27.509374
3600	72	72	0.562	1	0:00:27.394965
3620	72	74	0.135	0	0:00:27.361181
3640	72	72	0.778	1	0:00:27.455817
3660	73	-1	0.0	0	0:00:27.469717
3680	73	501	0.0489	0	0:00:27.404571
3700	74	310	0.0987	0	0:00:27.548489
3720	74	73	0.486	0	0:00:27.360091
3740	74	73	0.687	0	0:00:27.356273
3760	75	75	0.778	1	0:00:27.481678
3780	75	75	0.8	1	0:00:27.578857
3800	76	938	0.0756	0	0:00:27.476686
3820	76	76	0.743	1	0:00:27.411464
3840	76	76	0.721	1	0:00:27.544630
3860	77	73	0.257	0	0:00:27.384297
3880	77	77	0.304	1	0:00:27.380402
3900	78	78	0.294	1	0:00:27.424718
3920	78	70	0.112	0	0:00:27.425400
3940	78	78	0.8	1	0:00:27.545864
3960	79	-1	0.0	0	0:00:27.739556
3980	79	126	0.696	0	0:00:27.624919
4000	80	80	0.8	1	0:00:27.411118
4020	80	80	0.667	1	0:00:27.498808
4040	80	80	0.8	1	0:00:27.487864
4060	81	81	0.016	1	0:00:27.412887
4080	81	81	0.8	1	0:00:27.444318
4100	82	82	0.526	1	0:00:27.453503
4120	82	82	0.743	1	0:00:27.396517
4140	82	82	0.8	1	0:00:27.632694
4160	83	-1	0.0	0	0:00:27.553046
4180	83	83	0.8	1	0:00:27.595559
4200	84	-1	0.0	0	0:00:27.413225
4220	84	84	0.8	1	0:00:27.559863
4240	84	84	0.8	1	0:00:27.653704
4260	85	86	0.21	0	0:00:27.493676
4280	85	85	0.743	1	0:00:27.640561
4300	86	86	0.191	1	0:00:27.425361
4320	86	86	0.8	1	0:00:27.438290
4340	86	86	0.395	1	0:00:27.310761
4360	87	87	0.8	1	0:00:27.605594
4380	87	7	0.186	0	0:00:27.491905
4400	88	88	0.591	1	0:00:27.510071
4420	88	21	0.167	0	0:00:27.559123
4440	88	88	0.616	1	0:00:27.369685
4460	89	89	0.8	1	0:00:27.496202
4480	89	-1	0.0	0	0:00:27.562196
4500	90	90	0.415	1	0:00:27.540115
4520	90	90	0.8	1	0:00:27.424568
4540	90	90	0.7	1	0:00:27.470586
4560	91	91	0.8	1	0:00:27.588747
4580	91	91	0.8	1	0:00:27.395567
4600	92	92	0.144	1	0:00:27.509682
4620	92	92	0.728	1	0:00:27.509861
4640	92	92	0.559	1	0:00:27.438929
4660	93	93	0.8	1	0:00:27.567589
4680	93	93	0.496	1	0:00:27.428481
4700	94	94	0.8	1	0:00:27.686412
4720	94	94	0.318	1	0:00:27.406777
4740	94	94	0.705	1	0:00:27.380018
4760	95	95	0.8	1	0:00:27.643121
4780	95	95	0.753	1	0:00:27.381991
4800	96	96	0.8	1	0:00:27.574913
4820	96	96	0.8	1	0:00:27.540665
4840	96	96	0.8	1	0:00:27.468766
4860	97	97	0.125	1	0:00:27.505083
4880	97	98	0.321	0	0:00:27.717947
4900	98	98	0.0738	1	0:00:27.456785
4920	98	98	0.778	1	0:00:27.385164
4940	98	350	0.0375	0	0:00:27.533392
4960	99	61	0.0255	0	0:00:27.366105
4980	99	-1	0.0	0	0:00:27.510885
5000	100	100	0.613	1	0:00:27.532227
5020	100	100	0.322	1	0:00:27.378762
5040	100	-1	0.0	0	0:00:27.522094
5060	101	101	0.495	1	0:00:27.723345
5080	101	-1	0.0	0	0:00:27.568454
5100	102	102	0.764	1	0:00:27.503358
5120	102	102	0.8	1	0:00:27.453158
5140	102	102	0.743	1	0:00:27.666899
5160	103	103	0.664	1	0:00:27.733379
5180	103	103	0.181	1	0:00:27.624015
5200	104	104	0.126	1	0:00:27.398723
5220	104	-1	0.0	0	0:00:27.565621
5240	104	292	0.241	0	0:00:27.515762
5260	105	-1	0.0	0	0:00:27.447155
5280	105	-1	0.0	0	0:00:27.561687
5300	106	337	0.000501	0	0:00:27.518183
5320	106	-1	0.0	0	0:00:27.484955
5340	106	-1	0.0	0	0:00:27.696685
5360	107	-1	0.0	0	0:00:27.558329
5380	107	107	0.0864	1	0:00:27.682852
5400	108	-1	0.0	0	0:00:27.529866
5420	108	108	0.691	1	0:00:27.476254
5440	108	108	0.26	1	0:00:27.703483
5460	109	973	0.649	0	0:00:27.674204
5480	109	109	0.8	1	0:00:27.512320
5500	110	110	0.585	1	0:00:27.627687
5520	110	110	0.8	1	0:00:27.547273
5540	110	-1	0.0	0	0:00:27.525819
5560	111	108	0.299	0	0:00:27.560219
5580	111	111	0.191	1	0:00:27.731803
5600	112	112	0.136	1	0:00:27.820533
5620	112	847	0.227	0	0:00:28.008745
5640	112	-1	0.0	0	0:00:27.794929
5660	113	-1	0.0	0	0:00:28.007370
5680	113	51	0.0944	0	0:00:27.979849
5700	114	-1	0.0	0	0:00:28.140817
5720	114	114	0.0698	1	0:00:27.671524
5740	114	114	0.452	1	0:00:27.829184
5760	115	111	0.256	0	0:00:27.505931
5780	115	-1	0.0	0	0:00:27.422580
5800	116	116	0.8	1	0:00:27.405424
5820	116	116	0.492	1	0:00:27.394531
5840	116	-1	0.0	0	0:00:27.663963
5860	117	-1	0.0	0	0:00:27.573105
5880	117	117	0.139	1	0:00:27.554954
5900	118	118	0.8	1	0:00:27.775455
5920	118	118	0.123	1	0:00:27.723091
5940	118	118	0.195	1	0:00:27.814326
5960	119	-1	0.0	0	0:00:28.027532
5980	119	125	0.253	0	0:00:27.996251
6000	120	118	0.37	0	0:00:27.796934
6020	120	-1	0.0	0	0:00:27.616378
6040	120	120	0.7	1	0:00:27.579175
6060	121	-1	0.0	0	0:00:27.468798
6080	121	121	0.354	1	0:00:27.668379
6100	122	-1	0.0	0	0:00:27.495313
6120	122	118	0.0754	0	0:00:27.541235
6140	122	124	0.582	0	0:00:27.547621
6160	123	124	0.348	0	0:00:27.601135
6180	123	-1	0.0	0	0:00:27.515803
6200	124	-1	0.0	0	0:00:27.541139
6220	124	124	0.457	1	0:00:27.600803
6240	124	416	0.249	0	0:00:27.465493
6260	125	125	0.203	1	0:00:27.490138
6280	125	125	0.778	1	0:00:27.465489
6300	126	126	0.574	1	0:00:27.530049
6320	126	304	0.0178	0	0:00:27.595340
6340	126	107	0.398	0	0:00:27.444351
6360	127	127	0.8	1	0:00:27.569719
6380	127	128	0.406	0	0:00:27.580757
6400	128	128	0.8	1	0:00:27.784108
6420	128	128	0.389	1	0:00:27.670255
6440	128	128	0.778	1	0:00:27.790332
6460	129	129	0.659	1	0:00:27.636619
6480	129	129	0.8	1	0:00:27.601084
6500	130	130	0.493	1	0:00:27.677485
6520	130	130	0.728	1	0:00:27.633218
6540	130	601	0.241	0	0:00:27.507500
6560	131	-1	0.0	0	0:00:27.571249
6580	131	132	0.8	0	0:00:27.523359
6600	132	132	0.8	1	0:00:27.376056
6620	132	132	0.71	1	0:00:27.727235
6640	132	132	0.395	1	0:00:27.468154
6660	133	133	0.0241	1	0:00:27.441130
6680	133	133	0.0258	1	0:00:27.675017
6700	134	-1	0.0	0	0:00:27.585695
6720	134	134	0.348	1	0:00:27.573864
6740	134	138	0.0293	0	0:00:27.599821
6760	135	135	0.8	1	0:00:27.613812
6780	135	135	0.8	1	0:00:27.545199
6800	136	136	0.8	1	0:00:27.460901
6820	136	136	0.8	1	0:00:27.532300
6840	136	136	0.259	1	0:00:27.503048
6860	137	137	0.7	1	0:00:27.824364
6880	137	137	0.279	1	0:00:27.555197
6900	138	138	0.728	1	0:00:27.702117
6920	138	138	0.413	1	0:00:27.892663
6940	138	138	0.245	1	0:00:27.622159
6960	139	139	0.8	1	0:00:27.701455
6980	139	139	0.215	1	0:00:27.728709
7000	140	140	0.778	1	0:00:27.750681
7020	140	-1	0.0	0	0:00:27.594082
7040	140	140	0.121	1	0:00:27.610545
7060	141	138	0.183	0	0:00:27.597959
7080	141	141	0.00866	1	0:00:27.466307
7100	142	142	0.229	1	0:00:27.593761
7120	142	142	0.778	1	0:00:27.523549
7140	142	142	0.59	1	0:00:27.631495
7160	143	-1	0.0	0	0:00:27.472960
7180	143	143	0.347	1	0:00:27.457811
7200	144	128	0.0887	0	0:00:27.610950
7220	144	-1	0.0	0	0:00:27.477230
7240	144	-1	0.0	0	0:00:27.539621
7260	145	145	0.8	1	0:00:27.640331
7280	145	145	0.308	1	0:00:27.481328
7300	146	-1	0.0	0	0:00:27.604454
7320	146	-1	0.0	0	0:00:27.449751
7340	146	146	0.8	1	0:00:27.534725
7360	147	147	0.336	1	0:00:27.503401
7380	147	147	0.279	1	0:00:27.622287
7400	148	148	0.8	1	0:00:27.599607
7420	148	148	0.388	1	0:00:27.528351
7440	148	148	0.753	1	0:00:27.479946
7460	149	149	0.764	1	0:00:27.392197
7480	149	149	0.8	1	0:00:27.461142
7500	150	360	0.235	0	0:00:27.565720
7520	150	-1	0.0	0	0:00:27.526973
7540	150	-1	0.0	0	0:00:27.530879
7560	151	151	0.322	1	0:00:27.527704
7580	151	242	0.12	0	0:00:27.546372
7600	152	152	0.316	1	0:00:27.462725
7620	152	152	0.149	1	0:00:27.670843
7640	152	155	0.248	0	0:00:27.434001
7660	153	-1	0.0	0	0:00:27.519408
7680	153	190	0.387	0	0:00:27.299187
7700	154	-1	0.0	0	0:00:27.581163
7720	154	154	0.626	1	0:00:27.538188
7740	154	154	0.511	1	0:00:27.631517
7760	155	-1	0.0	0	0:00:27.739918
7780	155	155	0.469	1	0:00:27.658350
7800	156	156	0.8	1	0:00:27.596118
7820	156	156	0.56	1	0:00:27.629813
7840	156	156	0.0567	1	0:00:27.987984
7860	157	157	0.0139	1	0:00:27.561310
7880	157	-1	0.0	0	0:00:27.692147
7900	158	158	0.0828	1	0:00:27.553682
7920	158	195	0.649	0	0:00:27.517336
7940	158	237	0.654	0	0:00:27.525123
7960	159	159	0.0681	1	0:00:27.719810
7980	159	159	0.696	1	0:00:27.725197
8000	160	160	0.778	1	0:00:27.726962
8020	160	160	0.411	1	0:00:27.985401
8040	160	-1	0.0	0	0:00:27.864887
8060	161	161	0.367	1	0:00:27.647084
8080	161	195	0.0444	0	0:00:27.579876
8100	162	162	0.656	1	0:00:28.036080
8120	162	162	0.68	1	0:00:28.076561
8140	162	162	0.8	1	0:00:27.633823
8160	163	208	0.121	0	0:00:27.492803
8180	163	281	0.281	0	0:00:27.525338
8200	164	-1	0.0	0	0:00:27.574266
8220	164	-1	0.0	0	0:00:27.504123
8240	164	164	0.609	1	0:00:27.498297
8260	165	-1	0.0	0	0:00:27.427987
8280	165	164	0.0224	0	0:00:27.636843
8300	166	162	0.591	0	0:00:27.540827
8320	166	162	0.644	0	0:00:27.476559
8340	166	166	0.161	1	0:00:27.821936
8360	167	-1	0.0	0	0:00:27.686559
8380	167	167	0.306	1	0:00:27.675735
8400	168	-1	0.0	0	0:00:28.141626
8420	168	-1	0.0	0	0:00:27.816324
8440	168	-1	0.0	0	0:00:27.650513
8460	169	-1	0.0	0	0:00:27.733526
8480	169	169	0.534	1	0:00:27.564359
8500	170	173	0.00539	0	0:00:27.558290
8520	170	202	0.299	0	0:00:27.593192
8540	170	192	0.0483	0	0:00:27.569611
8560	171	173	0.341	0	0:00:27.553658
8580	171	298	0.067	0	0:00:27.380732
8600	172	171	0.0998	0	0:00:27.508021
8620	172	172	0.266	1	0:00:27.492826
8640	172	253	0.764	0	0:00:27.633396
8660	173	173	0.8	1	0:00:27.729015
8680	173	173	0.459	1	0:00:27.571440
8700	174	-1	0.0	0	0:00:27.723479
8720	174	174	0.0103	1	0:00:27.832514
8740	174	174	0.403	1	0:00:28.157588
8760	175	208	0.301	0	0:00:27.608614
8780	175	-1	0.0	0	0:00:27.732630
8800	176	176	0.728	1	0:00:27.855360
8820	176	-1	0.0	0	0:00:27.760425
8840	176	176	0.288	1	0:00:27.743771
8860	177	177	0.513	1	0:00:27.598187
8880	177	177	0.553	1	0:00:27.528677
8900	178	178	0.647	1	0:00:27.394531
8920	178	178	0.0532	1	0:00:27.542254
8940	178	178	0.615	1	0:00:27.777453
8960	179	-1	0.0	0	0:00:27.582475
8980	179	179	0.184	1	0:00:27.475956
9000	180	180	0.211	1	0:00:27.676360
9020	180	-1	0.0	0	0:00:27.498820
9040	180	163	0.0296	0	0:00:27.556504
9060	181	-1	0.0	0	0:00:28.048304
9080	181	-1	0.0	0	0:00:27.853062
9100	182	480	0.0761	0	0:00:28.069985
9120	182	-1	0.0	0	0:00:27.709953
9140	182	182	0.0627	1	0:00:27.897989
9160	183	-1	0.0	0	0:00:27.918431
9180	183	197	0.246	0	0:00:27.892977
9200	184	188	0.156	0	0:00:28.106417
9220	184	-1	0.0	0	0:00:28.054535
9240	184	184	0.358	1	0:00:27.562326
9260	185	185	0.764	1	0:00:27.431178
9280	185	185	0.654	1	0:00:27.513266
9300	186	186	0.142	1	0:00:27.669086
9320	186	186	0.25	1	0:00:27.626450
9340	186	-1	0.0	0	0:00:27.547761
9360	187	-1	0.0	0	0:00:27.806899
9380	187	-1	0.0	0	0:00:27.841475
9400	188	188	0.184	1	0:00:27.716266
9420	188	-1	0.0	0	0:00:27.606404
9440	188	-1	0.0	0	0:00:27.683738
9460	189	191	0.227	0	0:00:27.766152
9480	189	189	0.656	1	0:00:27.735957
9500	190	190	0.8	1	0:00:27.598008
9520	190	190	0.374	1	0:00:27.547848
9540	190	190	0.403	1	0:00:27.507563
9560	191	191	0.223	1	0:00:27.516263
9580	191	191	0.8	1	0:00:27.536701
9600	192	199	0.39	0	0:00:27.405507
9620	192	192	0.249	1	0:00:27.457661
9640	192	192	0.242	1	0:00:27.392846
9660	193	-1	0.0	0	0:00:27.589894
9680	193	-1	0.0	0	0:00:27.460474
9700	194	-1	0.0	0	0:00:27.616660
9720	194	-1	0.0	0	0:00:27.557856
9740	194	194	0.67	1	0:00:27.603400
9760	195	195	0.8	1	0:00:27.591929
9780	195	195	0.8	1	0:00:27.861585
9800	196	199	0.574	0	0:00:27.686595
9820	196	187	0.268	0	0:00:27.735806
9840	196	198	0.71	0	0:00:27.911602
9860	197	199	0.185	0	0:00:27.900427
9880	197	232	0.144	0	0:00:27.742985
9900	198	194	0.245	0	0:00:27.577608
9920	198	198	0.268	1	0:00:27.720998
9940	198	198	0.238	1	0:00:27.696618
9960	199	203	0.715	0	0:00:27.630019
9980	199	199	0.753	1	0:00:27.571148
10000	200	200	0.133	1	0:00:27.425989
10020	200	-1	0.0	0	0:00:27.793009
10040	200	155	0.112	0	0:00:27.627031
10060	201	-1	0.0	0	0:00:27.637075
10080	201	-1	0.0	0	0:00:27.726825
10100	202	202	0.0663	1	0:00:27.511893
10120	202	184	0.0573	0	0:00:27.490720
10140	202	-1	0.0	0	0:00:27.531727
10160	203	-1	0.0	0	0:00:27.660746
10180	203	203	0.8	1	0:00:27.553275
10200	204	204	0.111	1	0:00:27.451841
10220	204	153	0.322	0	0:00:27.339228
10240	204	155	0.616	0	0:00:27.565416
10260	205	205	0.517	1	0:00:27.503259
10280	205	205	0.221	1	0:00:27.553664
10300	206	206	0.437	1	0:00:27.554979
10320	206	-1	0.0	0	0:00:27.564728
10340	206	206	0.224	1	0:00:27.476463
10360	207	-1	0.0	0	0:00:27.383837
10380	207	-1	0.0	0	0:00:27.436047
10400	208	208	0.68	1	0:00:27.611702
10420	208	208	0.507	1	0:00:27.450080
10440	208	208	0.015	1	0:00:27.516249
10460	209	209	0.358	1	0:00:28.321497
10480	209	-1	0.0	0	0:00:27.596850
10500	210	-1	0.0	0	0:00:27.546154
10520	210	210	0.373	1	0:00:27.649946
10540	210	210	0.8	1	0:00:28.026079
10560	211	237	0.00891	0	0:00:27.780182
10580	211	168	0.226	0	0:00:27.788892
10600	212	194	0.307	0	0:00:28.262174
10620	212	-1	0.0	0	0:00:28.087805
10640	212	212	0.558	1	0:00:28.006604
10660	213	213	0.386	1	0:00:27.720709
10680	213	345	0.17	0	0:00:27.546782
10700	214	214	0.114	1	0:00:27.573232
10720	214	-1	0.0	0	0:00:27.518478
10740	214	214	0.0498	1	0:00:27.825997
10760	215	208	0.242	0	0:00:27.873592
10780	215	-1	0.0	0	0:00:27.691598
10800	216	216	0.4	1	0:00:28.001202
10820	216	216	0.778	1	0:00:27.807899
10840	216	257	0.0872	0	0:00:27.688040
10860	217	217	0.381	1	0:00:28.063762
10880	217	217	0.753	1	0:00:27.711439
10900	218	218	0.8	1	0:00:27.641990
10920	218	218	0.478	1	0:00:27.818656
10940	218	218	0.513	1	0:00:27.698285
10960	219	-1	0.0	0	0:00:28.004236
10980	219	217	0.384	0	0:00:27.776246
11000	220	220	0.464	1	0:00:27.632971
11020	220	219	0.315	0	0:00:27.457843
11040	220	220	0.464	1	0:00:27.590337
11060	221	206	0.287	0	0:00:27.323508
11080	221	-1	0.0	0	0:00:27.349655
11100	222	-1	0.0	0	0:00:27.462873
11120	222	-1	0.0	0	0:00:27.495859
11140	222	222	0.257	1	0:00:27.515202
11160	223	223	0.555	1	0:00:27.335959
11180	223	223	0.00445	1	0:00:27.536820
11200	224	-1	0.0	0	0:00:27.549021
11220	224	224	0.728	1	0:00:27.566640
11240	224	224	0.0664	1	0:00:27.486751
11260	225	225	0.253	1	0:00:27.458854
11280	225	225	0.642	1	0:00:27.488107
11300	226	226	0.442	1	0:00:27.377209
11320	226	226	0.437	1	0:00:27.562942
11340	226	199	0.078	0	0:00:27.438286
11360	227	227	0.14	1	0:00:27.334101
11380	227	227	0.0214	1	0:00:27.285945
11400	228	228	0.254	1	0:00:27.390832
11420	228	228	0.764	1	0:00:27.675490
11440	228	228	0.8	1	0:00:27.341202
11460	229	229	0.446	1	0:00:27.484254
11480	229	229	0.743	1	0:00:27.484833
11500	230	230	0.488	1	0:00:27.517556
11520	230	230	0.0015	1	0:00:27.389010
11540	230	230	0.8	1	0:00:27.424608
11560	231	230	0.8	0	0:00:27.541086
11580	231	231	0.581	1	0:00:27.512551
11600	232	232	0.705	1	0:00:27.448004
11620	232	-1	0.0	0	0:00:27.320202
11640	232	-1	0.0	0	0:00:27.478931
11660	233	-1	0.0	0	0:00:27.528081
11680	233	-1	0.0	0	0:00:27.408234
11700	234	-1	0.0	0	0:00:27.592443
11720	234	234	0.778	1	0:00:27.433344
11740	234	234	0.218	1	0:00:27.487989
11760	235	235	0.315	1	0:00:27.379973
11780	235	235	0.0673	1	0:00:27.371884
11800	236	-1	0.0	0	0:00:27.490793
11820	236	236	0.0873	1	0:00:27.425781
11840	236	-1	0.0	0	0:00:27.340574
11860	237	237	0.208	1	0:00:27.380668
11880	237	165	0.0345	0	0:00:27.646999
11900	238	238	0.059	1	0:00:27.448601
11920	238	195	0.272	0	0:00:27.569012
11940	238	238	0.447	1	0:00:27.517272
11960	239	239	0.0454	1	0:00:27.648868
11980	239	-1	0.0	0	0:00:27.359787
12000	240	238	0.603	0	0:00:27.569649
12020	240	241	0.406	0	0:00:27.578664
12040	240	241	0.0473	0	0:00:27.367692
12060	241	241	0.356	1	0:00:27.481835
12080	241	241	0.753	1	0:00:27.446349
12100	242	-1	0.0	0	0:00:27.353377
12120	242	275	0.164	0	0:00:27.571223
12140	242	180	0.433	0	0:00:27.397993
12160	243	243	0.425	1	0:00:27.443675
12180	243	243	0.0438	1	0:00:27.534648
12200	244	244	0.8	1	0:00:27.449966
12220	244	244	0.202	1	0:00:27.622623
12240	244	244	0.778	1	0:00:27.523673
12260	245	245	0.687	1	0:00:27.462306
12280	245	245	0.412	1	0:00:27.554452
12300	246	-1	0.0	0	0:00:27.449712
12320	246	246	0.162	1	0:00:27.417917
12340	246	-1	0.0	0	0:00:27.389894
12360	247	247	0.554	1	0:00:27.421677
12380	247	247	0.118	1	0:00:27.344009
12400	248	250	0.0698	0	0:00:27.368016
12420	248	249	0.292	0	0:00:27.474414
12440	248	248	0.207	1	0:00:27.585656
12460	249	248	0.0135	0	0:00:27.366425
12480	249	249	0.186	1	0:00:27.417571
12500	250	-1	0.0	0	0:00:27.621726
12520	250	250	0.078	1	0:00:27.472443
12540	250	248	0.387	0	0:00:27.440798
12560	251	251	0.743	1	0:00:27.420305
12580	251	251	0.8	1	0:00:27.726938
12600	252	252	0.035	1	0:00:27.578682
12620	252	256	0.0426	0	0:00:27.592810
12640	252	252	0.0812	1	0:00:27.685102
12660	253	253	0.555	1	0:00:27.637243
12680	253	264	0.23	0	0:00:27.513323
12700	254	254	0.123	1	0:00:27.447000
12720	254	254	0.8	1	0:00:27.605375
12740	254	254	0.8	1	0:00:27.708996
12760	255	255	0.8	1	0:00:27.311632
12780	255	255	0.535	1	0:00:27.381305
12800	256	256	0.509	1	0:00:27.565939
12820	256	256	0.606	1	0:00:27.478487
12840	256	256	0.764	1	0:00:27.438574
12860	257	257	0.398	1	0:00:27.526659
12880	257	222	0.0714	0	0:00:27.459181
12900	258	258	0.227	1	0:00:27.577678
12920	258	222	0.116	0	0:00:27.390083
12940	258	169	0.214	0	0:00:27.411897
12960	259	259	0.119	1	0:00:27.456940
12980	259	259	0.56	1	0:00:27.588920
13000	260	260	0.8	1	0:00:27.519111
13020	260	260	0.8	1	0:00:27.569168
13040	260	-1	0.0	0	0:00:27.523138
13060	261	-1	0.0	0	0:00:27.413321
13080	261	261	0.443	1	0:00:27.559147
13100	262	262	0.8	1	0:00:27.382138
13120	262	262	0.0339	1	0:00:27.209886
13140	262	-1	0.0	0	0:00:27.381785
13160	263	-1	0.0	0	0:00:27.446360
13180	263	263	0.00966	1	0:00:27.538126
13200	264	264	0.481	1	0:00:27.711586
13220	264	264	0.743	1	0:00:27.798611
13240	264	264	0.778	1	0:00:27.722207
13260	265	-1	0.0	0	0:00:27.468326
13280	265	181	0.192	0	0:00:27.552697
13300	266	266	0.453	1	0:00:27.720838
13320	266	-1	0.0	0	0:00:27.556403
13340	266	266	0.501	1	0:00:27.507115
13360	267	267	0.49	1	0:00:27.309598
13380	267	-1	0.0	0	0:00:27.345341
13400	268	268	0.173	1	0:00:27.381195
13420	268	268	0.162	1	0:00:27.217864
13440	268	268	0.257	1	0:00:27.380071
13460	269	272	0.437	0	0:00:27.388996
13480	269	-1	0.0	0	0:00:27.233356
13500	270	270	0.778	1	0:00:27.452533
13520	270	270	0.23	1	0:00:27.317623
13540	270	270	0.315	1	0:00:27.491266
13560	271	271	0.0192	1	0:00:27.512014
13580	271	273	0.0879	0	0:00:27.528860
13600	272	274	0.216	0	0:00:27.875151
13620	272	272	0.628	1	0:00:27.444520
13640	272	-1	0.0	0	0:00:27.532826
13660	273	273	0.157	1	0:00:27.509993
13680	273	273	0.62	1	0:00:27.443504
13700	274	274	0.55	1	0:00:27.702957
13720	274	-1	0.0	0	0:00:27.436328
13740	274	-1	0.0	0	0:00:27.386482
13760	275	275	0.597	1	0:00:27.601888
13780	275	275	0.8	1	0:00:27.453059
13800	276	276	0.647	1	0:00:27.390632
13820	276	276	0.595	1	0:00:27.571254
13840	276	276	0.226	1	0:00:27.645352
13860	277	277	0.493	1	0:00:27.698745
13880	277	277	0.0345	1	0:00:27.397658
13900	278	-1	0.0	0	0:00:27.380082
13920	278	-1	0.0	0	0:00:27.296737
13940	278	277	0.0677	0	0:00:27.652266
13960	279	-1	0.0	0	0:00:27.727443
13980	279	279	0.0374	1	0:00:27.835214
14000	280	280	0.193	1	0:00:27.684408
14020	280	280	0.114	1	0:00:27.754248
14040	280	280	0.445	1	0:00:28.249900
14060	281	281	0.551	1	0:00:27.556714
14080	281	-1	0.0	0	0:00:27.721634
14100	282	281	0.131	0	0:00:27.856496
14120	282	292	0.244	0	0:00:27.694219
14140	282	285	0.199	0	0:00:27.668367
14160	283	283	0.312	1	0:00:27.310666
14180	283	283	0.523	1	0:00:27.355960
14200	284	284	0.8	1	0:00:27.416283
14220	284	281	0.125	0	0:00:27.418936
14240	284	284	0.8	1	0:00:27.242063
14260	285	151	0.0207	0	0:00:27.209149
14280	285	280	0.0112	0	0:00:27.344441
14300	286	286	0.8	1	0:00:27.397079
14320	286	286	0.418	1	0:00:27.388033
14340	286	-1	0.0	0	0:00:27.423909
14360	287	287	0.8	1	0:00:27.498240
14380	287	293	0.8	0	0:00:27.421455
14400	288	290	0.17	0	0:00:27.407529
14420	288	290	0.294	0	0:00:27.407442
14440	288	288	0.8	1	0:00:27.416682
14460	289	289	0.469	1	0:00:27.464500
14480	289	289	0.195	1	0:00:27.298673
14500	290	290	0.8	1	0:00:27.511366
14520	290	292	0.358	0	0:00:27.453752
14540	290	290	0.64	1	0:00:27.312700
14560	291	-1	0.0	0	0:00:27.349927
14580	291	291	0.8	1	0:00:27.255660
14600	292	290	0.667	0	0:00:27.496745
14620	292	292	0.154	1	0:00:27.416298
14640	292	292	0.8	1	0:00:27.448822
14660	293	293	0.8	1	0:00:27.325226
14680	293	293	0.8	1	0:00:27.291616
14700	294	294	0.0348	1	0:00:27.301610
14720	294	294	0.0414	1	0:00:27.314526
14740	294	294	0.239	1	0:00:27.409357
14760	295	295	0.151	1	0:00:27.326164
14780	295	295	0.8	1	0:00:27.220557
14800	296	296	0.612	1	0:00:27.118411
14820	296	296	0.326	1	0:00:27.310710
14840	296	169	0.069	0	0:00:27.459313
14860	297	-1	0.0	0	0:00:27.443889
14880	297	297	0.8	1	0:00:27.898587
14900	298	-1	0.0	0	0:00:27.499780
14920	298	-1	0.0	0	0:00:27.461094
14940	298	69	0.223	0	0:00:27.690830
14960	299	-1	0.0	0	0:00:27.526156
14980	299	-1	0.0	0	0:00:27.567346
15000	300	300	0.8	1	0:00:27.505700
15020	300	300	0.612	1	0:00:27.612667
15040	300	300	0.0544	1	0:00:27.829297
15060	301	-1	0.0	0	0:00:27.491171
15080	301	301	0.394	1	0:00:27.858167
15100	302	310	0.0611	0	0:00:27.715829
15120	302	300	0.778	0	0:00:27.987472
15140	302	310	0.211	0	0:00:27.449492
15160	303	-1	0.0	0	0:00:27.242728
15180	303	303	0.108	1	0:00:27.343160
15200	304	-1	0.0	0	0:00:27.431033
15220	304	304	0.506	1	0:00:27.320374
15240	304	303	0.104	0	0:00:27.394716
15260	305	305	0.382	1	0:00:27.478294
15280	305	305	0.0966	1	0:00:27.465887
15300	306	306	0.691	1	0:00:27.496843
15320	306	306	0.556	1	0:00:27.202817
15340	306	306	0.638	1	0:00:27.338415
15360	307	307	0.508	1	0:00:27.241204
15380	307	307	0.0731	1	0:00:27.185464
15400	308	308	0.0877	1	0:00:27.316911
15420	308	-1	0.0	0	0:00:27.342614
15440	308	-1	0.0	0	0:00:27.196326
15460	309	316	0.312	0	0:00:27.295130
15480	309	309	0.545	1	0:00:27.330040
15500	310	310	0.753	1	0:00:27.394777
15520	310	310	0.0107	1	0:00:27.349839
15540	310	310	0.499	1	0:00:27.192855
15560	311	313	0.0168	0	0:00:27.487523
15580	311	-1	0.0	0	0:00:27.335878
15600	312	-1	0.0	0	0:00:27.264042
15620	312	312	0.632	1	0:00:27.526489
15640	312	312	0.212	1	0:00:27.534447
15660	313	313	0.573	1	0:00:27.225245
15680	313	313	0.579	1	0:00:27.413432
15700	314	314	0.418	1	0:00:27.255629
15720	314	-1	0.0	0	0:00:27.393313
15740	314	314	0.314	1	0:00:27.347318
15760	315	955	0.254	0	0:00:27.306871
15780	315	318	0.0381	0	0:00:27.374554
15800	316	316	0.249	1	0:00:27.258018
15820	316	316	0.525	1	0:00:27.227471
15840	316	78	0.111	0	0:00:27.309917
15860	317	317	0.8	1	0:00:27.367206
15880	317	317	0.8	1	0:00:27.245722
15900	318	318	0.166	1	0:00:27.259745
15920	318	318	0.0894	1	0:00:27.308328
15940	318	11	0.258	0	0:00:27.360913
15960	319	77	0.132	0	0:00:27.227033
15980	319	319	0.0628	1	0:00:27.425942
16000	320	320	0.496	1	0:00:27.263786
16020	320	320	0.8	1	0:00:27.277195
16040	320	-1	0.0	0	0:00:27.232859
16060	321	321	0.664	1	0:00:27.266343
16080	321	321	0.743	1	0:00:27.260115
16100	322	309	0.00928	0	0:00:27.393850
16120	322	322	0.586	1	0:00:27.423716
16140	322	-1	0.0	0	0:00:27.354488
16160	323	323	0.8	1	0:00:27.476849
16180	323	323	0.8	1	0:00:27.402878
16200	324	324	0.743	1	0:00:27.270274
16220	324	-1	0.0	0	0:00:27.429381
16240	324	324	0.552	1	0:00:27.403617
16260	325	325	0.8	1	0:00:27.348527
16280	325	-1	0.0	0	0:00:27.444057
16300	326	326	0.595	1	0:00:27.375631
16320	326	-1	0.0	0	0:00:27.410382
16340	326	326	0.319	1	0:00:27.439348
16360	327	327	0.8	1	0:00:27.363681
16380	327	327	0.518	1	0:00:27.580460
16400	328	328	0.501	1	0:00:27.459388
16420	328	328	0.427	1	0:00:27.336605
16440	328	-1	0.0	0	0:00:27.447536
16460	329	973	0.216	0	0:00:27.337044
16480	329	390	0.0372	0	0:00:27.357307
16500	330	330	0.146	1	0:00:27.527497
16520	330	330	0.642	1	0:00:27.515642
16540	330	331	0.104	0	0:00:27.331062
16560	331	331	0.778	1	0:00:27.396917
16580	331	331	0.8	1	0:00:27.265321
16600	332	332	0.109	1	0:00:27.587292
16620	332	-1	0.0	0	0:00:27.458641
16640	332	332	0.261	1	0:00:27.410240
16660	333	333	0.8	1	0:00:27.343988
16680	333	333	0.56	1	0:00:27.388496
16700	334	334	0.358	1	0:00:27.362201
16720	334	334	0.343	1	0:00:27.346757
16740	334	-1	0.0	0	0:00:27.372233
16760	335	-1	0.0	0	0:00:27.487478
16780	335	335	0.195	1	0:00:27.448944
16800	336	336	0.44	1	0:00:27.271770
16820	336	336	0.261	1	0:00:27.384803
16840	336	336	0.394	1	0:00:27.403766
16860	337	137	0.0566	0	0:00:27.292625
16880	337	337	0.764	1	0:00:27.328631
16900	338	617	0.236	0	0:00:27.366095
16920	338	-1	0.0	0	0:00:27.382951
16940	338	338	0.136	1	0:00:27.192475
16960	339	339	0.753	1	0:00:27.339822
16980	339	339	0.139	1	0:00:27.631069
17000	340	340	0.8	1	0:00:27.433810
17020	340	340	0.8	1	0:00:27.379363
17040	340	340	0.8	1	0:00:27.558806
17060	341	341	0.139	1	0:00:27.453113
17080	341	176	0.12	0	0:00:27.467818
17100	342	269	0.0558	0	0:00:27.417886
17120	342	350	0.168	0	0:00:27.276335
17140	342	342	0.425	1	0:00:27.371758
17160	343	343	0.561	1	0:00:27.394554
17180	343	343	0.144	1	0:00:27.349370
17200	344	344	0.281	1	0:00:27.305531
17220	344	-1	0.0	0	0:00:27.211302
17240	344	344	0.121	1	0:00:27.400604
17260	345	-1	0.0	0	0:00:27.485869
17280	345	345	0.0489	1	0:00:27.529694
17300	346	-1	0.0	0	0:00:27.321236
17320	346	346	0.298	1	0:00:27.286368
17340	346	346	0.8	1	0:00:27.259983
17360	347	347	0.0704	1	0:00:27.479780
17380	347	347	0.5	1	0:00:27.487991
17400	348	348	0.0211	1	0:00:27.297267
17420	348	350	0.0737	0	0:00:27.380157
17440	348	349	0.369	0	0:00:20.902722
17460	349	349	0.0466	1	0:00:18.533634
17480	349	349	0.8	1	0:00:26.396140
17500	350	350	0.8	1	0:00:26.454385
17520	350	350	0.8	1	0:00:26.245383
17540	350	350	0.538	1	0:00:26.300262
17560	351	351	0.21	1	0:00:26.076972
17580	351	351	0.8	1	0:00:26.375546
17600	352	352	0.272	1	0:00:26.266734
17620	352	352	0.0626	1	0:00:26.357919
17640	352	352	0.293	1	0:00:22.633261
17660	353	-1	0.0	0	0:00:23.956508
17680	353	352	0.507	0	0:00:27.199455
17700	354	354	0.577	1	0:00:27.517854
17720	354	354	0.8	1	0:00:27.286268
17740	354	272	0.0378	0	0:00:27.380825
17760	355	355	0.778	1	0:00:27.420100
17780	355	355	0.778	1	0:00:27.299969
17800	356	-1	0.0	0	0:00:27.421805
17820	356	360	0.539	0	0:00:27.266908
17840	356	362	0.764	0	0:00:27.433615
17860	357	-1	0.0	0	0:00:27.345868
17880	357	-1	0.0	0	0:00:27.290486
17900	358	-1	0.0	0	0:00:27.235754
17920	358	356	0.0762	0	0:00:27.262943
17940	358	358	0.43	1	0:00:27.307733
17960	359	359	0.124	1	0:00:27.455102
17980	359	-1	0.0	0	0:00:27.466611
18000	360	360	0.181	1	0:00:27.353527
18020	360	98	0.109	0	0:00:27.516821
18040	360	356	0.545	0	0:00:27.478770
18060	361	361	0.454	1	0:00:27.367640
18080	361	-1	0.0	0	0:00:27.280163
18100	362	362	0.8	1	0:00:27.254479
18120	362	-1	0.0	0	0:00:27.230052
18140	362	362	0.8	1	0:00:27.264612
18160	363	363	0.221	1	0:00:27.269451
18180	363	-1	0.0	0	0:00:27.441135
18200	364	-1	0.0	0	0:00:27.417509
18220	364	364	0.125	1	0:00:27.517267
18240	364	364	0.509	1	0:00:27.374252
18260	365	365	0.239	1	0:00:27.367176
18280	365	365	0.375	1	0:00:27.481910
18300	366	-1	0.0	0	0:00:27.489233
18320	366	366	0.0689	1	0:00:27.453315
18340	366	366	0.29	1	0:00:27.400192
18360	367	366	0.141	0	0:00:27.551166
18380	367	358	0.0813	0	0:00:27.332513
18400	368	368	0.266	1	0:00:27.263976
18420	368	368	0.445	1	0:00:27.365150
18440	368	368	0.0663	1	0:00:27.236367
18460	369	369	0.26	1	0:00:27.331541
18480	369	369	0.509	1	0:00:27.402815
18500	370	370	0.705	1	0:00:27.174598
18520	370	377	0.303	0	0:00:27.536336
18540	370	373	0.101	0	0:00:27.374559
18560	371	372	0.37	0	0:00:27.405941
18580	371	371	0.476	1	0:00:27.187902
18600	372	372	0.0969	1	0:00:27.356526
18620	372	-1	0.0	0	0:00:27.482296
18640	372	372	0.273	1	0:00:27.386754
18660	373	373	0.313	1	0:00:27.207009
18680	373	373	0.439	1	0:00:27.229430
18700	374	-1	0.0	0	0:00:27.350632
18720	374	163	0.0139	0	0:00:27.267744
18740	374	382	0.8	0	0:00:27.327725
18760	375	375	0.778	1	0:00:27.277974
18780	375	375	0.454	1	0:00:27.253999
18800	376	376	0.462	1	0:00:27.397732
18820	376	376	0.42	1	0:00:27.429575
18840	376	376	0.8	1	0:00:27.306679
18860	377	341	0.28	0	0:00:27.265710
18880	377	61	0.0419	0	0:00:27.238213
18900	378	-1	0.0	0	0:00:27.296552
18920	378	-1	0.0	0	0:00:27.456461
18940	378	378	0.174	1	0:00:27.388916
18960	379	379	0.377	1	0:00:27.459850
18980	379	379	0.413	1	0:00:27.357167
19000	380	380	0.221	1	0:00:27.443323
19020	380	380	0.131	1	0:00:27.451896
19040	380	377	0.239	0	0:00:27.314709
19060	381	-1	0.0	0	0:00:27.187892
19080	381	-1	0.0	0	0:00:27.596628
19100	382	382	0.64	1	0:00:27.353952
19120	382	382	0.403	1	0:00:27.557763
19140	382	382	0.183	1	0:00:27.440699
19160	383	383	0.8	1	0:00:27.490790
19180	383	383	0.651	1	0:00:27.550347
19200	384	384	0.0218	1	0:00:27.369327
19220	384	384	0.461	1	0:00:27.342299
19240	384	384	0.285	1	0:00:27.367751
19260	385	-1	0.0	0	0:00:27.308542
19280	385	101	0.123	0	0:00:27.311004
19300	386	386	0.222	1	0:00:27.310816
19320	386	101	0.162	0	0:00:27.349788
19340	386	386	0.271	1	0:00:27.429943
19360	387	387	0.8	1	0:00:27.381459
19380	387	387	0.083	1	0:00:27.288087
19400	388	-1	0.0	0	0:00:27.361317
19420	388	388	0.8	1	0:00:27.269673
19440	388	388	0.212	1	0:00:27.444816
19460	389	2	0.196	0	0:00:27.539369
19480	389	389	0.192	1	0:00:27.294107
19500	390	390	0.498	1	0:00:27.475190
19520	390	390	0.219	1	0:00:27.569497
19540	390	6	0.636	0	0:00:27.352982
19560	391	-1	0.0	0	0:00:27.416264
19580	391	391	0.0651	1	0:00:27.399902
19600	392	115	0.154	0	0:00:27.557962
19620	392	392	0.8	1	0:00:27.290397
19640	392	392	0.8	1	0:00:27.349533
19660	393	-1	0.0	0	0:00:27.494986
19680	393	393	0.696	1	0:00:27.323784
19700	394	-1	0.0	0	0:00:27.298280
19720	394	103	0.615	0	0:00:27.320584
19740	394	149	0.649	0	0:00:27.317151
19760	395	395	0.361	1	0:00:27.412506
19780	395	6	0.249	0	0:00:27.513268
19800	396	396	0.8	1	0:00:27.426282
19820	396	396	0.8	1	0:00:27.345197
19840	396	396	0.735	1	0:00:27.428817
19860	397	983	0.00357	0	0:00:27.275408
19880	397	397	0.8	1	0:00:27.452628
19900	398	398	0.453	1	0:00:27.241830
19920	398	398	0.249	1	0:00:27.286192
19940	398	784	0.554	0	0:00:27.519875
19960	399	523	0.36	0	0:00:27.208272
19980	399	399	0.00558	1	0:00:27.634343
20000	400	667	0.301	0	0:00:27.368887
20020	400	400	0.109	1	0:00:27.484472
20040	400	667	0.343	0	0:00:27.404783
20060	401	401	0.0742	1	0:00:27.473701
20080	401	401	0.8	1	0:00:27.507740
20100	402	420	0.237	0	0:00:27.314844
20120	402	695	0.145	0	0:00:27.411853
20140	402	402	0.673	1	0:00:27.448882
20160	403	403	0.764	1	0:00:27.516435
20180	403	833	0.0973	0	0:00:27.235595
20200	404	404	0.8	1	0:00:27.289918
20220	404	404	0.8	1	0:00:27.269005
20240	404	-1	0.0	0	0:00:27.393351
20260	405	405	0.185	1	0:00:27.392401
20280	405	405	0.226	1	0:00:27.357521
20300	406	406	0.31	1	0:00:27.459921
20320	406	857	0.489	0	0:00:27.406668
20340	406	406	0.778	1	0:00:27.409016
20360	407	654	0.393	0	0:00:27.391307
20380	407	407	0.366	1	0:00:27.503572
20400	408	847	0.286	0	0:00:27.401869
20420	408	408	0.735	1	0:00:27.296885
20440	408	833	0.0638	0	0:00:27.477959
20460	409	409	0.102	1	0:00:27.414944
20480	409	892	0.121	0	0:00:27.342711
20500	410	-1	0.0	0	0:00:27.307647
20520	410	410	0.8	1	0:00:27.252484
20540	410	561	0.0623	0	0:00:27.358284
20560	411	411	0.203	1	0:00:27.232878
20580	411	614	0.325	0	0:00:27.411146
20600	412	621	0.242	0	0:00:27.451746
20620	412	653	0.157	0	0:00:27.254116
20640	412	412	0.0417	1	0:00:27.267388
20660	413	413	0.49	1	0:00:27.299792
20680	413	-1	0.0	0	0:00:27.399954
20700	414	414	0.533	1	0:00:27.358042
20720	414	-1	0.0	0	0:00:27.368613
20740	414	414	0.0467	1	0:00:27.508890
20760	415	857	0.344	0	0:00:27.307552
20780	415	928	0.479	0	0:00:27.392406
20800	416	416	0.8	1	0:00:27.376823
20820	416	602	0.14	0	0:00:27.446722
20840	416	-1	0.0	0	0:00:27.136335
20860	417	417	0.8	1	0:00:27.178881
20880	417	417	0.24	1	0:00:27.473725
20900	418	-1	0.0	0	0:00:27.249866
20920	418	795	0.286	0	0:00:27.248144
20940	418	542	0.54	0	0:00:27.224758
20960	419	-1	0.0	0	0:00:27.361408
20980	419	720	0.0249	0	0:00:27.431773
21000	420	558	0.027	0	0:00:27.354654
21020	420	-1	0.0	0	0:00:27.311637
21040	420	402	0.102	0	0:00:27.406283
21060	421	421	0.519	1	0:00:27.437990
21080	421	-1	0.0	0	0:00:27.276497
21100	422	543	0.105	0	0:00:27.509751
21120	422	422	0.753	1	0:00:27.327795
21140	422	422	0.31	1	0:00:27.448503
21160	423	423	0.71	1	0:00:27.335465
21180	423	586	0.021	0	0:00:27.375531
21200	424	-1	0.0	0	0:00:27.484834
21220	424	-1	0.0	0	0:00:27.197842
21240	424	-1	0.0	0	0:00:27.347265
21260	425	425	0.163	1	0:00:27.263565
21280	425	-1	0.0	0	0:00:27.287725
21300	426	426	0.68	1	0:00:27.462301
21320	426	426	0.461	1	0:00:27.297389
21340	426	426	0.557	1	0:00:27.197936
21360	427	-1	0.0	0	0:00:27.312067
21380	427	-1	0.0	0	0:00:27.382147
21400	428	428	0.778	1	0:00:27.451928
21420	428	-1	0.0	0	0:00:27.402187
21440	428	428	0.468	1	0:00:27.209229
21460	429	429	0.8	1	0:00:27.323723
21480	429	429	0.8	1	0:00:27.332461
21500	430	-1	0.0	0	0:00:27.113291
21520	430	430	0.436	1	0:00:27.184277
21540	430	-1	0.0	0	0:00:27.347149
21560	431	-1	0.0	0	0:00:27.230479
21580	431	516	0.00119	0	0:00:27.570562
21600	432	432	0.485	1	0:00:27.079175
21620	432	432	0.638	1	0:00:27.246255
21640	432	776	0.0174	0	0:00:27.307935
21660	433	433	0.316	1	0:00:27.234669
21680	433	433	0.778	1	0:00:27.239498
21700	434	-1	0.0	0	0:00:27.334546
21720	434	515	0.077	0	0:00:27.467582
21740	434	434	0.0565	1	0:00:27.316223
21760	435	-1	0.0	0	0:00:27.266048
21780	435	-1	0.0	0	0:00:27.248057
21800	436	436	0.67	1	0:00:27.317751
21820	436	436	0.8	1	0:00:27.523411
21840	436	627	0.202	0	0:00:27.434866
21860	437	980	0.195	0	0:00:27.421973
21880	437	833	0.508	0	0:00:27.365471
21900	438	739	0.254	0	0:00:27.327489
21920	438	878	0.419	0	0:00:27.363586
21940	438	957	0.195	0	0:00:27.423256
21960	439	439	0.8	1	0:00:27.363053
21980	439	541	0.273	0	0:00:27.372238
22000	440	-1	0.0	0	0:00:27.530874
22020	440	-1	0.0	0	0:00:27.370769
22040	440	440	0.71	1	0:00:27.209916
22060	441	441	0.8	1	0:00:27.335103
22080	441	441	0.8	1	0:00:27.369795
22100	442	442	0.311	1	0:00:27.320091
22120	442	-1	0.0	0	0:00:27.415413
22140	442	499	0.16	0	0:00:27.383490
22160	443	721	0.764	0	0:00:27.238623
22180	443	443	0.764	1	0:00:27.349694
22200	444	-1	0.0	0	0:00:27.311820
22220	444	444	0.489	1	0:00:27.304645
22240	444	444	0.644	1	0:00:27.266027
22260	445	842	0.0772	0	0:00:27.266090
22280	445	-1	0.0	0	0:00:27.233427
22300	446	446	0.576	1	0:00:27.226937
22320	446	565	0.107	0	0:00:27.246034
22340	446	478	0.143	0	0:00:27.227652
22360	447	447	0.615	1	0:00:27.249015
22380	447	-1	0.0	0	0:00:27.233566
22400	448	448	0.00395	1	0:00:27.405673
22420	448	448	0.8	1	0:00:27.362701
22440	448	448	0.8	1	0:00:27.399577
22460	449	449	0.321	1	0:00:27.441359
22480	449	449	0.00746	1	0:00:27.407719
22500	450	-1	0.0	0	0:00:27.454749
22520	450	450	0.469	1	0:00:27.286311
22540	450	-1	0.0	0	0:00:27.230504
22560	451	-1	0.0	0	0:00:27.365572
22580	451	451	0.8	1	0:00:27.359787
22600	452	452	0.186	1	0:00:27.386366
22620	452	-1	0.0	0	0:00:27.233182
22640	452	496	0.0651	0	0:00:27.188731
22660	453	453	0.8	1	0:00:27.515242
22680	453	453	0.559	1	0:00:27.402584
22700	454	454	0.131	1	0:00:27.455363
22720	454	454	0.497	1	0:00:27.209383
22740	454	819	0.155	0	0:00:27.313729
22760	455	455	0.778	1	0:00:27.428552
22780	455	611	0.8	0	0:00:27.214163
22800	456	522	0.156	0	0:00:27.155534
22820	456	456	0.31	1	0:00:27.325374
22840	456	456	0.0796	1	0:00:27.389456
22860	457	457	0.8	1	0:00:27.301893
22880	457	457	0.432	1	0:00:27.417783
22900	458	-1	0.0	0	0:00:27.276784
22920	458	458	0.8	1	0:00:27.272678
22940	458	458	0.8	1	0:00:27.377824
22960	459	445	0.292	0	0:00:27.437963
22980	459	459	0.558	1	0:00:27.375121
23000	460	-1	0.0	0	0:00:27.411084
23020	460	833	0.404	0	0:00:27.131122
23040	460	460	0.359	1	0:00:27.287891
23060	461	-1	0.0	0	0:00:27.307262
23080	461	787	0.8	0	0:00:27.279291
23100	462	-1	0.0	0	0:00:27.438862
23120	462	462	0.0955	1	0:00:27.265399
23140	462	462	0.445	1	0:00:27.398111
23160	463	463	0.173	1	0:00:27.344960
23180	463	-1	0.0	0	0:00:27.376739
23200	464	746	0.463	0	0:00:27.329174
23220	464	-1	0.0	0	0:00:27.287900
23240	464	464	0.262	1	0:00:27.225995
23260	465	610	0.21	0	0:00:27.311885
23280	465	-1	0.0	0	0:00:27.463189
23300	466	466	0.256	1	0:00:27.150972
23320	466	565	0.457	0	0:00:27.305757
23340	466	466	0.0873	1	0:00:27.216689
23360	467	467	0.346	1	0:00:27.262312
23380	467	467	0.0855	1	0:00:27.436794
23400	468	468	0.8	1	0:00:27.214380
23420	468	468	0.8	1	0:00:27.425276
23440	468	609	0.659	0	0:00:27.285938
23460	469	469	0.8	1	0:00:27.509087
23480	469	-1	0.0	0	0:00:27.272298
23500	470	832	0.0139	0	0:00:27.327893
23520	470	483	0.169	0	0:00:27.326234
23540	470	-1	0.0	0	0:00:27.382960
23560	471	920	0.148	0	0:00:27.550481
23580	471	847	0.196	0	0:00:27.298979
23600	472	472	0.684	1	0:00:27.290499
23620	472	693	0.0999	0	0:00:27.163988
23640	472	472	0.0356	1	0:00:27.512829
23660	473	473	0.492	1	0:00:27.263181
23680	473	473	0.51	1	0:00:27.308010
23700	474	-1	0.0	0	0:00:27.297130
23720	474	474	0.625	1	0:00:27.385934
23740	474	457	0.0091	0	0:00:27.223688
23760	475	-1	0.0	0	0:00:27.339957
23780	475	475	0.8	1	0:00:27.255993
23800	476	476	0.177	1	0:00:27.490381
23820	476	476	0.8	1	0:00:27.465518
23840	476	476	0.533	1	0:00:27.401828
23860	477	-1	0.0	0	0:00:27.415306
23880	477	477	0.138	1	0:00:27.273896
23900	478	-1	0.0	0	0:00:27.201081
23920	478	-1	0.0	0	0:00:27.385274
23940	478	-1	0.0	0	0:00:27.409158
23960	479	864	0.273	0	0:00:27.247275
23980	479	-1	0.0	0	0:00:27.375730
24000	480	509	0.262	0	0:00:27.279552
24020	480	480	0.00138	1	0:00:27.462636
24040	480	-1	0.0	0	0:00:27.406271
24060	481	620	0.313	0	0:00:27.336881
24080	481	579	0.198	0	0:00:27.283767
24100	482	481	0.299	0	0:00:27.351887
24120	482	482	0.116	1	0:00:27.376695
24140	482	848	0.715	0	0:00:27.208643
24160	483	483	0.8	1	0:00:27.431963
24180	483	698	0.582	0	0:00:27.401417
24200	484	871	0.0507	0	0:00:27.382562
24220	484	871	0.233	0	0:00:27.413537
24240	484	484	0.388	1	0:00:27.405293
24260	485	-1	0.0	0	0:00:27.508676
24280	485	754	0.346	0	0:00:27.304444
24300	486	486	0.659	1	0:00:27.326037
24320	486	486	0.8	1	0:00:27.376470
24340	486	-1	0.0	0	0:00:27.298556
24360	487	605	0.156	0	0:00:27.459348
24380	487	487	0.8	1	0:00:27.219838
24400	488	649	0.0447	0	0:00:27.163035
24420	488	488	0.8	1	0:00:27.409241
24440	488	-1	0.0	0	0:00:27.372655
24460	489	489	0.8	1	0:00:27.479571
24480	489	-1	0.0	0	0:00:27.445884
24500	490	490	0.393	1	0:00:27.346681
24520	490	490	0.743	1	0:00:27.247422
24540	490	490	0.356	1	0:00:27.380593
24560	491	-1	0.0	0	0:00:27.301469
24580	491	491	0.021	1	0:00:27.231177
24600	492	642	0.0785	0	0:00:27.231013
24620	492	519	0.036	0	0:00:27.452040
24640	492	440	0.105	0	0:00:27.365087
24660	493	598	0.0393	0	0:00:27.339406
24680	493	765	0.035	0	0:00:27.425631
24700	494	398	0.8	0	0:00:27.289541
24720	494	-1	0.0	0	0:00:27.358475
24740	494	763	0.0579	0	0:00:27.332563
24760	495	495	0.8	1	0:00:27.285661
24780	495	495	0.8	1	0:00:27.445130
24800	496	496	0.313	1	0:00:27.330309
24820	496	496	0.8	1	0:00:27.394284
24840	496	496	0.8	1	0:00:27.344679
24860	497	406	0.579	0	0:00:27.523406
24880	497	497	0.0751	1	0:00:27.303260
24900	498	498	0.609	1	0:00:27.557951
24920	498	565	0.207	0	0:00:27.400119
24940	498	598	0.214	0	0:00:27.358445
24960	499	-1	0.0	0	0:00:27.373484
24980	499	-1	0.0	0	0:00:27.379719
25000	500	500	0.581	1	0:00:27.430112
25020	500	858	0.0205	0	0:00:27.567582
25040	500	500	0.618	1	0:00:27.255631
25060	501	-1	0.0	0	0:00:27.387583
25080	501	-1	0.0	0	0:00:27.332154
25100	502	502	0.735	1	0:00:27.360061
25120	502	502	0.0825	1	0:00:27.407557
25140	502	-1	0.0	0	0:00:27.411868
25160	503	503	0.324	1	0:00:27.294909
25180	503	950	0.531	0	0:00:27.440881
25200	504	505	0.00778	0	0:00:27.309844
25220	504	788	0.318	0	0:00:27.359565
25240	504	925	0.326	0	0:00:27.498378
25260	505	505	0.399	1	0:00:27.263715
25280	505	-1	0.0	0	0:00:27.315701
25300	506	506	0.00157	1	0:00:27.504517
25320	506	580	0.195	0	0:00:27.410472
25340	506	-1	0.0	0	0:00:27.508466
25360	507	489	0.203	0	0:00:27.446627
25380	507	695	0.199	0	0:00:27.499026
25400	508	508	0.8	1	0:00:27.433267
25420	508	508	0.8	1	0:00:27.239423
25440	508	-1	0.0	0	0:00:27.353482
25460	509	509	0.453	1	0:00:27.380726
25480	509	-1	0.0	0	0:00:27.278770
25500	510	510	0.197	1	0:00:27.465282
25520	510	510	0.543	1	0:00:27.350919
25540	510	510	0.319	1	0:00:27.237558
25560	511	511	0.599	1	0:00:27.309570
25580	511	511	0.743	1	0:00:27.412316
25600	512	-1	0.0	0	0:00:27.258387
25620	512	512	0.8	1	0:00:27.288465
25640	512	473	0.369	0	0:00:27.169083
25660	513	513	0.155	1	0:00:27.400234
25680	513	875	0.105	0	0:00:27.306479
25700	514	514	0.8	1	0:00:27.155911
25720	514	788	0.441	0	0:00:27.336805
25740	514	514	0.432	1	0:00:27.423162
25760	515	808	0.143	0	0:00:27.209226
25780	515	-1	0.0	0	0:00:27.368115
25800	516	-1	0.0	0	0:00:27.308820
25820	516	516	0.561	1	0:00:27.243109
25840	516	431	0.276	0	0:00:27.429853
25860	517	540	0.523	0	0:00:27.251209
25880	517	517	0.307	1	0:00:27.412106
25900	518	518	0.778	1	0:00:27.265853
25920	518	518	0.341	1	0:00:27.473156
25940	518	518	0.327	1	0:00:27.335166
25960	519	561	0.308	0	0:00:27.343549
25980	519	-1	0.0	0	0:00:27.277535
26000	520	516	0.44	0	0:00:27.482020
26020	520	516	0.416	0	0:00:27.275508
26040	520	-1	0.0	0	0:00:27.469179
26060	521	521	0.213	1	0:00:27.329130
26080	521	521	0.8	1	0:00:27.236801
26100	522	-1	0.0	0	0:00:27.274832
26120	522	-1	0.0	0	0:00:27.348275
26140	522	522	0.8	1	0:00:27.306735
26160	523	667	0.13	0	0:00:27.433213
26180	523	762	0.275	0	0:00:27.476209
26200	524	461	0.139	0	0:00:27.314102
26220	524	461	0.735	0	0:00:27.515363
26240	524	-1	0.0	0	0:00:27.321343
26260	525	-1	0.0	0	0:00:27.251956
26280	525	472	0.117	0	0:00:27.261015
26300	526	-1	0.0	0	0:00:27.329813
26320	526	526	0.279	1	0:00:27.225285
26340	526	527	0.393	0	0:00:27.319748
26360	527	613	0.728	0	0:00:27.279360
26380	527	732	0.256	0	0:00:27.396033
26400	528	739	0.000376	0	0:00:27.381458
26420	528	528	0.8	1	0:00:27.413663
26440	528	528	0.336	1	0:00:27.433982
26460	529	747	0.12	0	0:00:27.496270
26480	529	529	0.239	1	0:00:27.382812
26500	530	783	0.0649	0	0:00:27.318027
26520	530	745	0.0137	0	0:00:27.375547
26540	530	530	0.71	1	0:00:27.481907
26560	531	826	0.121	0	0:00:27.459987
26580	531	531	0.509	1	0:00:27.452704
26600	532	846	0.29	0	0:00:27.560718
26620	532	565	0.0715	0	0:00:27.325539
26640	532	532	0.545	1	0:00:27.401054
26660	533	533	0.0151	1	0:00:27.345265
26680	533	533	0.8	1	0:00:27.193826
26700	534	-1	0.0	0	0:00:27.398401
26720	534	-1	0.0	0	0:00:27.256025
26740	534	-1	0.0	0	0:00:27.319866
26760	535	535	0.8	1	0:00:27.355191
26780	535	490	0.401	0	0:00:27.329070
26800	536	-1	0.0	0	0:00:27.346940
26820	536	536	0.364	1	0:00:27.572339
26840	536	-1	0.0	0	0:00:27.361874
26860	537	537	0.8	1	0:00:27.305745
26880	537	537	0.8	1	0:00:27.346590
26900	538	538	0.8	1	0:00:27.374316
26920	538	-1	0.0	0	0:00:27.378591
26940	538	668	0.124	0	0:00:27.313498
26960	539	-1	0.0	0	0:00:27.279261
26980	539	-1	0.0	0	0:00:27.430842
27000	540	540	0.8	1	0:00:27.341918
27020	540	540	0.778	1	0:00:27.309959
27040	540	540	0.363	1	0:00:27.206722
27060	541	513	0.122	0	0:00:27.591069
27080	541	541	0.8	1	0:00:27.313538
27100	542	542	0.0321	1	0:00:27.309897
27120	542	579	0.00508	0	0:00:27.306810
27140	542	-1	0.0	0	0:00:27.228177
27160	543	-1	0.0	0	0:00:27.346810
27180	543	983	0.0366	0	0:00:27.286310
27200	544	926	0.217	0	0:00:27.290684
27220	544	544	0.00702	1	0:00:27.432457
27240	544	909	0.0357	0	0:00:27.310797
27260	545	545	0.339	1	0:00:27.370000
27280	545	107	0.0473	0	0:00:27.347100
27300	546	546	0.63	1	0:00:27.412141
27320	546	546	0.8	1	0:00:27.514142
27340	546	-1	0.0	0	0:00:27.291846
27360	547	-1	0.0	0	0:00:27.352513
27380	547	821	0.111	0	0:00:27.228578
27400	548	548	0.215	1	0:00:27.381556
27420	548	548	0.8	1	0:00:27.271651
27440	548	548	0.644	1	0:00:27.537474
27460	549	-1	0.0	0	0:00:27.518526
27480	549	-1	0.0	0	0:00:27.315900
27500	550	505	0.539	0	0:00:27.270006
27520	550	-1	0.0	0	0:00:27.387287
27540	550	844	0.433	0	0:00:27.325044
27560	551	-1	0.0	0	0:00:27.335630
27580	551	861	0.132	0	0:00:27.263757
27600	552	552	0.8	1	0:00:27.349309
27620	552	-1	0.0	0	0:00:27.177304
27640	552	793	0.151	0	0:00:27.478766
27660	553	553	0.467	1	0:00:27.256262
27680	553	713	0.0673	0	0:00:27.391886
27700	554	554	0.113	1	0:00:27.400250
27720	554	554	0.169	1	0:00:27.517292
27740	554	89	0.338	0	0:00:27.327071
27760	555	829	0.218	0	0:00:27.249577
27780	555	-1	0.0	0	0:00:27.298227
27800	556	703	0.555	0	0:00:27.350468
27820	556	827	0.0237	0	0:00:27.395236
27840	556	556	0.243	1	0:00:27.477637
27860	557	557	0.8	1	0:00:27.459407
27880	557	557	0.211	1	0:00:27.549147
27900	558	-1	0.0	0	0:00:27.223814
27920	558	400	0.192	0	0:00:27.615571
27940	558	642	0.382	0	0:00:27.338039
27960	559	-1	0.0	0	0:00:27.511296
27980	559	559	0.664	1	0:00:27.276363
28000	560	560	0.667	1	0:00:27.351329
28020	560	560	0.8	1	0:00:27.354820
28040	560	560	0.642	1	0:00:27.327219
28060	561	561	0.0827	1	0:00:27.320521
28080	561	561	0.296	1	0:00:27.389527
28100	562	562	0.659	1	0:00:27.232698
28120	562	340	0.384	0	0:00:27.377662
28140	562	-1	0.0	0	0:00:27.398196
28160	563	-1	0.0	0	0:00:27.206765
28180	563	563	0.8	1	0:00:27.550174
28200	564	-1	0.0	0	0:00:27.360126
28220	564	564	0.379	1	0:00:27.377156
28240	564	564	0.8	1	0:00:27.230815
28260	565	565	0.753	1	0:00:27.268277
28280	565	565	0.8	1	0:00:27.354217
28300	566	566	0.102	1	0:00:27.403911
28320	566	-1	0.0	0	0:00:27.395159
28340	566	513	0.0841	0	0:00:27.352177
28360	567	567	0.219	1	0:00:27.408017
28380	567	909	0.0122	0	0:00:27.437547
28400	568	399	0.607	0	0:00:27.393432
28420	568	-1	0.0	0	0:00:27.168972
28440	568	-1	0.0	0	0:00:27.505071
28460	569	569	0.486	1	0:00:27.281897
28480	569	569	0.377	1	0:00:27.280584
28500	570	859	0.0713	0	0:00:27.548096
28520	570	570	0.377	1	0:00:27.384280
28540	570	570	0.626	1	0:00:27.327405
28560	571	561	0.124	0	0:00:27.492169
28580	571	571	0.149	1	0:00:27.366100
28600	572	784	0.134	0	0:00:27.406883
28620	572	-1	0.0	0	0:00:27.366234
28640	572	572	0.8	1	0:00:27.345435
28660	573	751	0.0887	0	0:00:27.509736
28680	573	-1	0.0	0	0:00:27.546898
28700	574	574	0.8	1	0:00:27.223127
28720	574	574	0.131	1	0:00:27.561203
28740	574	-1	0.0	0	0:00:27.429073
28760	575	575	0.8	1	0:00:27.401775
28780	575	575	0.8	1	0:00:27.379429
28800	576	-1	0.0	0	0:00:27.227735
28820	576	576	0.8	1	0:00:27.512739
28840	576	576	0.8	1	0:00:27.398870
28860	577	800	0.197	0	0:00:27.411564
28880	577	577	0.8	1	0:00:27.425175
28900	578	501	0.0871	0	0:00:27.351658
28920	578	601	0.096	0	0:00:27.384037
28940	578	639	0.0573	0	0:00:27.560560
28960	579	579	0.525	1	0:00:27.375703
28980	579	423	0.231	0	0:00:27.170920
29000	580	738	0.764	0	0:00:27.473647
29020	580	-1	0.0	0	0:00:27.327850
29040	580	-1	0.0	0	0:00:27.381729
29060	581	581	0.728	1	0:00:27.275102
29080	581	581	0.8	1	0:00:27.295341
29100	582	778	0.145	0	0:00:27.584282
29120	582	582	0.0949	1	0:00:27.379441
29140	582	582	0.492	1	0:00:27.368079
29160	583	583	0.6	1	0:00:27.361527
29180	583	448	0.109	0	0:00:27.472676
29200	584	-1	0.0	0	0:00:27.489306
29220	584	679	0.0666	0	0:00:27.419800
29240	584	691	0.149	0	0:00:27.310737
29260	585	-1	0.0	0	0:00:27.274405
29280	585	-1	0.0	0	0:00:27.301735
29300	586	586	0.778	1	0:00:27.348689
29320	586	621	0.0667	0	0:00:27.591193
29340	586	847	0.219	0	0:00:27.377594
29360	587	587	0.8	1	0:00:27.368484
29380	587	740	0.0979	0	0:00:27.521510
29400	588	-1	0.0	0	0:00:27.281348
29420	588	863	0.0263	0	0:00:27.544595
29440	588	-1	0.0	0	0:00:27.522971
29460	589	570	0.319	0	0:00:27.284199
29480	589	589	0.523	1	0:00:27.325561
29500	590	605	0.189	0	0:00:27.281005
29520	590	590	0.8	1	0:00:27.312634
29540	590	-1	0.0	0	0:00:27.497079
29560	591	591	0.764	1	0:00:27.494010
29580	591	591	0.572	1	0:00:27.333332
29600	592	592	0.8	1	0:00:27.403887
29620	592	592	0.556	1	0:00:27.241122
29640	592	-1	0.0	0	0:00:27.361170
29660	593	593	0.448	1	0:00:27.154562
29680	593	-1	0.0	0	0:00:27.446431
29700	594	-1	0.0	0	0:00:27.295525
29720	594	594	0.715	1	0:00:27.365445
29740	594	594	0.313	1	0:00:27.204317
29760	595	609	0.105	0	0:00:27.353833
29780	595	866	0.8	0	0:00:27.224796
29800	596	-1	0.0	0	0:00:27.411099
29820	596	-1	0.0	0	0:00:27.498605
29840	596	587	0.283	0	0:00:27.422509
29860	597	-1	0.0	0	0:00:27.191528
29880	597	763	0.383	0	0:00:27.452982
29900	598	782	0.31	0	0:00:27.221126
29920	598	-1	0.0	0	0:00:27.496863
29940	598	598	0.236	1	0:00:27.365664
29960	599	599	0.8	1	0:00:27.256459
29980	599	-1	0.0	0	0:00:27.374349
30000	600	600	0.0231	1	0:00:27.375896
30020	600	882	0.203	0	0:00:27.340271
30040	600	932	0.0264	0	0:00:27.592254
30060	601	-1	0.0	0	0:00:27.674628
30080	601	562	0.152	0	0:00:27.388401
30100	602	602	0.778	1	0:00:27.492014
30120	602	602	0.325	1	0:00:27.485468
30140	602	-1	0.0	0	0:00:27.435843
30160	603	612	0.13	0	0:00:27.236941
30180	603	603	0.108	1	0:00:27.431247
30200	604	401	0.176	0	0:00:27.352067
30220	604	604	0.285	1	0:00:27.303922
30240	604	-1	0.0	0	0:00:27.354188
30260	605	482	0.0915	0	0:00:27.199534
30280	605	605	0.253	1	0:00:27.252062
30300	606	606	0.8	1	0:00:27.370815
30320	606	-1	0.0	0	0:00:27.394472
30340	606	606	0.634	1	0:00:27.226781
30360	607	607	0.8	1	0:00:27.366006
30380	607	607	0.8	1	0:00:27.328613
30400	608	-1	0.0	0	0:00:27.334329
30420	608	608	0.222	1	0:00:27.313923
30440	608	515	0.17	0	0:00:27.302933
30460	609	575	0.101	0	0:00:27.488203
30480	609	609	0.721	1	0:00:27.265779
30500	610	610	0.516	1	0:00:27.364408
30520	610	610	0.517	1	0:00:27.228140
30540	610	-1	0.0	0	0:00:27.356074
30560	611	658	0.118	0	0:00:27.349875
30580	611	611	0.483	1	0:00:27.553782
30600	612	612	0.778	1	0:00:27.242249
30620	612	612	0.8	1	0:00:27.457405
30640	612	612	0.8	1	0:00:27.430108
30660	613	613	0.496	1	0:00:27.205875
30680	613	550	0.097	0	0:00:27.426265
30700	614	-1	0.0	0	0:00:27.486529
30720	614	-1	0.0	0	0:00:27.382540
30740	614	-1	0.0	0	0:00:27.435210
30760	615	615	0.591	1	0:00:27.389074
30780	615	615	0.0869	1	0:00:27.495860
30800	616	-1	0.0	0	0:00:27.332109
30820	616	491	0.0712	0	0:00:27.448376
30840	616	616	0.059	1	0:00:27.351368
30860	617	457	0.31	0	0:00:27.304181
30880	617	617	0.485	1	0:00:27.249122
30900	618	-1	0.0	0	0:00:27.445634
30920	618	-1	0.0	0	0:00:27.410878
30940	618	577	0.0464	0	0:00:27.441808
30960	619	905	0.753	0	0:00:27.172958
30980	619	607	0.494	0	0:00:27.352452
31000	620	762	0.0389	0	0:00:27.385627
31020	620	527	0.121	0	0:00:27.418922
31040	620	498	0.177	0	0:00:27.608413
31060	621	621	0.764	1	0:00:27.278007
31080	621	621	0.506	1	0:00:27.556874
31100	622	746	0.133	0	0:00:27.316379
31120	622	907	0.205	0	0:00:27.325277
31140	622	-1	0.0	0	0:00:27.274593
31160	623	772	0.553	0	0:00:27.332336
31180	623	-1	0.0	0	0:00:27.314157
31200	624	646	0.0226	0	0:00:27.284646
31220	624	-1	0.0	0	0:00:27.295871
31240	624	624	0.269	1	0:00:27.291831
31260	625	625	0.8	1	0:00:27.269873
31280	625	625	0.8	1	0:00:27.363994
31300	626	692	0.182	0	0:00:27.396501
31320	626	470	0.152	0	0:00:27.358334
31340	626	626	0.108	1	0:00:27.349134
31360	627	627	0.8	1	0:00:27.499127
31380	627	-1	0.0	0	0:00:27.257834
31400	628	737	0.7	0	0:00:27.555417
31420	628	628	0.229	1	0:00:27.367212
31440	628	-1	0.0	0	0:00:27.491817
31460	629	-1	0.0	0	0:00:27.427284
31480	629	629	0.8	1	0:00:27.448066
31500	630	-1	0.0	0	0:00:27.419943
31520	630	630	0.0698	1	0:00:27.356072
31540	630	630	0.229	1	0:00:27.324135
31560	631	631	0.542	1	0:00:27.461494
31580	631	585	0.597	0	0:00:27.241623
31600	632	754	0.279	0	0:00:27.598663
31620	632	632	0.0163	1	0:00:27.548306
31640	632	-1	0.0	0	0:00:27.220237
31660	633	633	0.129	1	0:00:27.602411
31680	633	633	0.119	1	0:00:27.484595
31700	634	489	0.8	0	0:00:27.258795
31720	634	565	0.778	0	0:00:27.370057
31740	634	913	0.295	0	0:00:27.341829
31760	635	635	0.205	1	0:00:27.550977
31780	635	635	0.292	1	0:00:27.555572
31800	636	636	0.413	1	0:00:27.189519
31820	636	636	0.394	1	0:00:27.344963
31840	636	721	0.0145	0	0:00:27.511519
31860	637	463	0.252	0	0:00:27.301647
31880	637	448	0.0137	0	0:00:27.429301
31900	638	639	0.13	0	0:00:27.264305
31920	638	639	0.8	0	0:00:27.410850
31940	638	639	0.445	0	0:00:27.516435
31960	639	639	0.476	1	0:00:27.431311
31980	639	-1	0.0	0	0:00:27.253357
32000	640	640	0.8	1	0:00:27.502423
32020	640	640	0.7	1	0:00:27.412316
32040	640	640	0.0565	1	0:00:27.576363
32060	641	793	0.114	0	0:00:27.402261
32080	641	641	0.63	1	0:00:27.190789
32100	642	642	0.397	1	0:00:27.283634
32120	642	642	0.0403	1	0:00:27.551018
32140	642	642	0.8	1	0:00:27.395925
32160	643	837	0.735	0	0:00:27.600982
32180	643	-1	0.0	0	0:00:27.247986
32200	644	644	0.572	1	0:00:27.376253
32220	644	-1	0.0	0	0:00:27.502914
32240	644	644	0.0255	1	0:00:27.366122
32260	645	645	0.8	1	0:00:27.411115
32280	645	645	0.8	1	0:00:27.452628
32300	646	646	0.474	1	0:00:27.142488
32320	646	646	0.8	1	0:00:27.310508
32340	646	646	0.778	1	0:00:27.203811
32360	647	473	0.2	0	0:00:27.370267
32380	647	-1	0.0	0	0:00:27.410317
32400	648	827	0.546	0	0:00:27.430582
32420	648	-1	0.0	0	0:00:27.440495
32440	648	648	0.372	1	0:00:27.416512
32460	649	649	0.8	1	0:00:27.447448
32480	649	649	0.8	1	0:00:27.506791
32500	650	546	0.136	0	0:00:27.266329
32520	650	650	0.8	1	0:00:27.156412
32540	650	513	0.26	0	0:00:27.388496
32560	651	837	0.0457	0	0:00:27.300646
32580	651	-1	0.0	0	0:00:27.266087
32600	652	715	0.404	0	0:00:27.380489
32620	652	-1	0.0	0	0:00:27.462735
32640	652	652	0.136	1	0:00:27.287486
32660	653	-1	0.0	0	0:00:27.293192
32680	653	653	0.8	1	0:00:27.533613
32700	654	436	0.0681	0	0:00:27.315783
32720	654	609	0.263	0	0:00:27.436255
32740	654	627	0.376	0	0:00:27.279682
32760	655	842	0.0774	0	0:00:27.521092
32780	655	655	0.272	1	0:00:27.314773
32800	656	511	0.484	0	0:00:27.350994
32820	656	654	0.45	0	0:00:27.407822
32840	656	675	0.227	0	0:00:27.354056
32860	657	795	0.276	0	0:00:27.527333
32880	657	657	0.384	1	0:00:27.337935
32900	658	658	0.677	1	0:00:27.254373
32920	658	-1	0.0	0	0:00:27.394874
32940	658	658	0.735	1	0:00:27.411161
32960	659	659	0.8	1	0:00:27.424075
32980	659	-1	0.0	0	0:00:27.328205
33000	660	660	0.329	1	0:00:27.301751
33020	660	660	0.00276	1	0:00:27.545433
33040	660	660	0.2	1	0:00:27.442024
33060	661	661	0.743	1	0:00:27.262357
33080	661	661	0.684	1	0:00:25.028020
33100	662	606	0.0346	0	0:00:26.407963
33120	662	662	0.628	1	0:00:26.335702
33140	662	662	0.107	1	0:00:26.140301
33160	663	663	0.644	1	0:00:25.986075
33180	663	663	0.8	1	0:00:26.099073
33200	664	851	0.743	0	0:00:25.959664
33220	664	782	0.778	0	0:00:26.116564
33240	664	851	0.691	0	0:00:26.425106
33260	665	671	0.575	0	0:00:25.927862
33280	665	665	0.287	1	0:00:27.505089
33300	666	659	0.216	0	0:00:27.413578
33320	666	666	0.644	1	0:00:27.284902
33340	666	987	0.394	0	0:00:27.379524
33360	667	667	0.302	1	0:00:27.457455
33380	667	667	0.8	1	0:00:27.362861
33400	668	-1	0.0	0	0:00:27.443306
33420	668	668	0.436	1	0:00:27.606473
33440	668	682	0.0689	0	0:00:27.544368
33460	669	669	0.233	1	0:00:27.442894
33480	669	669	0.0699	1	0:00:27.499808
33500	670	670	0.735	1	0:00:27.332011
33520	670	670	0.8	1	0:00:27.660261
33540	670	670	0.684	1	0:00:27.528506
33560	671	880	0.0353	0	0:00:27.676171
33580	671	671	0.0136	1	0:00:27.431031
33600	672	980	0.114	0	0:00:27.471052
33620	672	672	0.728	1	0:00:27.487298
33640	672	672	0.39	1	0:00:27.502428
33660	673	673	0.373	1	0:00:27.438840
33680	673	-1	0.0	0	0:00:27.493646
33700	674	739	0.117	0	0:00:27.432466
33720	674	674	0.0565	1	0:00:27.283521
33740	674	847	0.00313	0	0:00:27.442559
33760	675	675	0.696	1	0:00:27.451777
33780	675	569	0.531	0	0:00:27.484099
33800	676	-1	0.0	0	0:00:27.348960
33820	676	676	0.8	1	0:00:27.478969
33840	676	-1	0.0	0	0:00:27.404740
33860	677	-1	0.0	0	0:00:27.405993
33880	677	-1	0.0	0	0:00:27.464183
33900	678	678	0.8	1	0:00:27.278410
33920	678	-1	0.0	0	0:00:27.424167
33940	678	678	0.778	1	0:00:27.463502
33960	679	679	0.486	1	0:00:27.541233
33980	679	506	0.518	0	0:00:27.491112
34000	680	-1	0.0	0	0:00:27.400489
34020	680	-1	0.0	0	0:00:27.454135
34040	680	868	0.201	0	0:00:27.365708
34060	681	620	0.0371	0	0:00:27.423957
34080	681	482	0.0507	0	0:00:27.414564
34100	682	-1	0.0	0	0:00:27.392978
34120	682	663	0.115	0	0:00:27.447158
34140	682	682	0.8	1	0:00:27.549580
34160	683	558	0.16	0	0:00:27.463351
34180	683	-1	0.0	0	0:00:27.395956
34200	684	684	0.12	1	0:00:27.424224
34220	684	-1	0.0	0	0:00:27.419421
34240	684	684	0.8	1	0:00:27.396251
34260	685	685	0.8	1	0:00:27.223936
34280	685	685	0.8	1	0:00:27.400935
34300	686	-1	0.0	0	0:00:27.556428
34320	686	569	0.171	0	0:00:27.551354
34340	686	-1	0.0	0	0:00:27.460357
34360	687	687	0.8	1	0:00:27.497013
34380	687	687	0.7	1	0:00:27.505169
34400	688	688	0.525	1	0:00:27.341988
34420	688	707	0.252	0	0:00:27.478063
34440	688	688	0.715	1	0:00:27.394216
34460	689	-1	0.0	0	0:00:27.459199
34480	689	-1	0.0	0	0:00:27.492549
34500	690	690	0.465	1	0:00:27.374351
34520	690	611	0.473	0	0:00:27.532583
34540	690	866	0.206	0	0:00:27.565901
34560	691	691	0.366	1	0:00:27.622833
34580	691	691	0.411	1	0:00:27.496712
34600	692	692	0.145	1	0:00:27.413480
34620	692	865	0.461	0	0:00:27.392546
34640	692	-1	0.0	0	0:00:27.620515
34660	693	472	0.143	0	0:00:27.514876
34680	693	801	0.199	0	0:00:27.410019
34700	694	694	0.8	1	0:00:27.338698
34720	694	694	0.8	1	0:00:27.420573
34740	694	694	0.51	1	0:00:27.367055
34760	695	999	0.516	0	0:00:27.407399
34780	695	471	0.266	0	0:00:27.306876
34800	696	-1	0.0	0	0:00:27.391668
34820	696	-1	0.0	0	0:00:27.512257
34840	696	-1	0.0	0	0:00:27.483869
34860	697	697	0.281	1	0:00:27.461418
34880	697	697	0.286	1	0:00:27.552254
34900	698	698	0.0963	1	0:00:27.315337
34920	698	483	0.271	0	0:00:27.544057
34940	698	698	0.8	1	0:00:27.455321
34960	699	-1	0.0	0	0:00:27.410202
34980	699	-1	0.0	0	0:00:27.560922
35000	700	700	0.721	1	0:00:27.423803
35020	700	-1	0.0	0	0:00:27.489975
35040	700	881	0.195	0	0:00:27.496688
35060	701	-1	0.0	0	0:00:27.427520
35080	701	701	0.544	1	0:00:27.416127
35100	702	422	0.266	0	0:00:27.515397
35120	702	702	0.8	1	0:00:27.359636
35140	702	-1	0.0	0	0:00:27.413937
35160	703	-1	0.0	0	0:00:27.478725
35180	703	-1	0.0	0	0:00:27.429915
35200	704	-1	0.0	0	0:00:27.538674
35220	704	704	0.297	1	0:00:27.455821
35240	704	704	0.0032	1	0:00:27.591315
35260	705	705	0.232	1	0:00:27.460837
35280	705	874	0.778	0	0:00:27.394145
35300	706	-1	0.0	0	0:00:27.468418
35320	706	762	0.8	0	0:00:27.420177
35340	706	598	0.129	0	0:00:27.470293
35360	707	707	0.129	1	0:00:27.506060
35380	707	707	0.8	1	0:00:27.420948
35400	708	682	0.753	0	0:00:27.509974
35420	708	708	0.136	1	0:00:27.496512
35440	708	708	0.174	1	0:00:27.526237
35460	709	709	0.326	1	0:00:27.463189
35480	709	-1	0.0	0	0:00:27.526943
35500	710	804	0.0741	0	0:00:27.578287
35520	710	710	0.0101	1	0:00:27.413519
35540	710	-1	0.0	0	0:00:27.543421
35560	711	-1	0.0	0	0:00:27.280166
35580	711	-1	0.0	0	0:00:27.372499
35600	712	-1	0.0	0	0:00:27.382645
35620	712	111	0.00094	0	0:00:27.620182
35640	712	712	0.8	1	0:00:27.408837
35660	713	713	0.8	1	0:00:27.397552
35680	713	713	0.735	1	0:00:27.363005
35700	714	714	0.417	1	0:00:27.476655
35720	714	679	0.0345	0	0:00:27.646106
35740	714	714	0.0849	1	0:00:27.291330
35760	715	715	0.8	1	0:00:27.530943
35780	715	715	0.233	1	0:00:27.305488
35800	716	-1	0.0	0	0:00:27.428781
35820	716	716	0.8	1	0:00:27.462815
35840	716	716	0.8	1	0:00:27.502333
35860	717	717	0.169	1	0:00:27.497576
35880	717	581	0.144	0	0:00:27.337482
35900	718	425	0.514	0	0:00:27.496238
35920	718	-1	0.0	0	0:00:27.446283
35940	718	833	0.428	0	0:00:27.384838
35960	719	254	0.0766	0	0:00:27.413125
35980	719	-1	0.0	0	0:00:27.376830
36000	720	-1	0.0	0	0:00:27.556433
36020	720	902	0.00244	0	0:00:27.501693
36040	720	987	0.735	0	0:00:27.296479
36060	721	750	0.0285	0	0:00:27.444178
36080	721	611	0.059	0	0:00:27.516023
36100	722	722	0.8	1	0:00:27.387703
36120	722	722	0.8	1	0:00:27.279681
36140	722	722	0.8	1	0:00:27.343519
36160	723	723	0.291	1	0:00:27.408379
36180	723	723	0.408	1	0:00:27.371658
36200	724	780	0.8	0	0:00:27.561560
36220	724	-1	0.0	0	0:00:27.470586
36240	724	724	0.149	1	0:00:27.363697
36260	725	849	0.378	0	0:00:27.360707
36280	725	-1	0.0	0	0:00:27.492736
36300	726	726	0.764	1	0:00:27.451084
36320	726	726	0.8	1	0:00:27.437422
36340	726	726	0.146	1	0:00:27.563020
36360	727	727	0.8	1	0:00:27.430476
36380	727	727	0.649	1	0:00:27.408046
36400	728	529	0.0928	0	0:00:27.592895
36420	728	732	0.0847	0	0:00:27.422366
36440	728	134	0.0317	0	0:00:27.467991
36460	729	-1	0.0	0	0:00:27.376995
36480	729	659	0.122	0	0:00:27.436698
36500	730	856	0.186	0	0:00:27.235043
36520	730	603	0.171	0	0:00:27.403841
36540	730	730	0.8	1	0:00:27.394273
36560	731	-1	0.0	0	0:00:27.660464
36580	731	787	0.0676	0	0:00:27.458096
36600	732	732	0.8	1	0:00:27.419425
36620	732	732	0.502	1	0:00:27.578180
36640	732	732	0.743	1	0:00:27.465406
36660	733	663	0.075	0	0:00:27.529099
36680	733	887	0.243	0	0:00:27.357480
36700	734	734	0.185	1	0:00:27.464150
36720	734	734	0.8	1	0:00:27.217836
36740	734	468	0.256	0	0:00:27.308550
36760	735	735	0.8	1	0:00:27.458942
36780	735	501	0.478	0	0:00:27.483418
36800	736	736	0.591	1	0:00:27.548648
36820	736	514	0.502	0	0:00:27.559324
36840	736	736	0.538	1	0:00:27.462773
36860	737	737	0.59	1	0:00:27.373389
36880	737	760	0.0779	0	0:00:27.497773
36900	738	-1	0.0	0	0:00:27.431288
36920	738	738	0.8	1	0:00:27.464608
36940	738	738	0.24	1	0:00:27.343869
36960	739	-1	0.0	0	0:00:27.475073
36980	739	739	0.339	1	0:00:27.454919
37000	740	796	0.443	0	0:00:27.348296
37020	740	751	0.487	0	0:00:27.378070
37040	740	823	0.283	0	0:00:27.498384
37060	741	406	0.0804	0	0:00:27.440654
37080	741	505	0.0137	0	0:00:27.357136
37100	742	-1	0.0	0	0:00:27.566091
37120	742	-1	0.0	0	0:00:27.436451
37140	742	-1	0.0	0	0:00:27.365166
37160	743	753	0.328	0	0:00:27.535054
37180	743	884	0.218	0	0:00:27.570935
37200	744	812	0.599	0	0:00:27.431031
37220	744	744	0.501	1	0:00:27.492405
37240	744	657	0.8	0	0:00:27.287108
37260	745	-1	0.0	0	0:00:27.420752
37280	745	745	0.359	1	0:00:27.341286
37300	746	746	0.8	1	0:00:27.348241
37320	746	746	0.0242	1	0:00:27.615022
37340	746	746	0.8	1	0:00:27.350213
37360	747	707	0.168	0	0:00:27.379091
37380	747	907	0.0634	0	0:00:27.502121
37400	748	748	0.341	1	0:00:27.407286
37420	748	633	0.0279	0	0:00:27.457959
37440	748	748	0.8	1	0:00:27.462802
37460	749	-1	0.0	0	0:00:27.399855
37480	749	-1	0.0	0	0:00:27.535318
37500	750	273	0.151	0	0:00:27.381899
37520	750	750	0.438	1	0:00:27.351154
37540	750	885	0.158	0	0:00:27.427618
37560	751	751	0.644	1	0:00:27.345325
37580	751	468	0.0949	0	0:00:27.362107
37600	752	-1	0.0	0	0:00:27.415324
37620	752	752	0.247	1	0:00:27.466873
37640	752	752	0.161	1	0:00:27.484686
37660	753	586	0.075	0	0:00:27.395477
37680	753	461	0.323	0	0:00:27.478247
37700	754	598	0.112	0	0:00:27.386386
37720	754	754	0.0434	1	0:00:27.492905
37740	754	844	0.753	0	0:00:27.282962
37760	755	755	0.8	1	0:00:27.578420
37780	755	755	0.8	1	0:00:27.430823
37800	756	-1	0.0	0	0:00:27.488090
37820	756	-1	0.0	0	0:00:27.367427
37840	756	-1	0.0	0	0:00:27.537703
37860	757	867	0.112	0	0:00:27.419365
37880	757	757	0.0251	1	0:00:27.502210
37900	758	726	0.454	0	0:00:27.530191
37920	758	-1	0.0	0	0:00:27.465788
37940	758	543	0.193	0	0:00:27.466339
37960	759	732	0.139	0	0:00:27.385906
37980	759	-1	0.0	0	0:00:27.220822
38000	760	-1	0.0	0	0:00:27.435871
38020	760	760	0.27	1	0:00:27.411349
38040	760	553	0.0374	0	0:00:27.298177
38060	761	761	0.325	1	0:00:27.495450
38080	761	-1	0.0	0	0:00:27.513108
38100	762	762	0.778	1	0:00:27.427479
38120	762	762	0.406	1	0:00:27.392298
38140	762	910	0.0734	0	0:00:27.447587
38160	763	528	0.358	0	0:00:27.456267
38180	763	763	0.8	1	0:00:27.278184
38200	764	-1	0.0	0	0:00:27.308283
38220	764	764	0.524	1	0:00:27.370903
38240	764	878	0.00307	0	0:00:27.431323
38260	765	765	0.8	1	0:00:27.379244
38280	765	765	0.743	1	0:00:27.559141
38300	766	766	0.743	1	0:00:27.447601
38320	766	-1	0.0	0	0:00:27.271872
38340	766	771	0.172	0	0:00:27.621131
38360	767	-1	0.0	0	0:00:27.546091
38380	767	-1	0.0	0	0:00:27.547846
38400	768	890	0.203	0	0:00:27.588793
38420	768	880	0.0355	0	0:00:27.638383
38440	768	768	0.551	1	0:00:27.414768
38460	769	769	0.0531	1	0:00:27.505324
38480	769	324	0.166	0	0:00:27.388579
38500	770	560	0.153	0	0:00:27.595543
38520	770	916	0.473	0	0:00:27.308012
38540	770	770	0.353	1	0:00:27.454916
38560	771	771	0.281	1	0:00:27.435547
38580	771	771	0.8	1	0:00:27.398717
38600	772	772	0.664	1	0:00:27.373918
38620	772	893	0.286	0	0:00:27.371493
38640	772	-1	0.0	0	0:00:27.593369
38660	773	-1	0.0	0	0:00:27.601485
38680	773	773	0.64	1	0:00:27.602128
38700	774	774	0.0789	1	0:00:27.453115
38720	774	774	0.436	1	0:00:27.478734
38740	774	-1	0.0	0	0:00:27.310006
38760	775	775	0.0912	1	0:00:27.428071
38780	775	-1	0.0	0	0:00:27.474198
38800	776	-1	0.0	0	0:00:27.374852
38820	776	776	0.8	1	0:00:27.533250
38840	776	916	0.61	0	0:00:27.534309
38860	777	777	0.317	1	0:00:27.471181
38880	777	777	0.715	1	0:00:27.459064
38900	778	-1	0.0	0	0:00:27.560817
38920	778	778	0.034	1	0:00:27.411654
38940	778	778	0.184	1	0:00:27.647721
38960	779	779	0.193	1	0:00:27.381799
38980	779	779	0.8	1	0:00:27.420839
39000	780	914	0.628	0	0:00:27.222797
39020	780	780	0.274	1	0:00:27.530370
39040	780	780	0.195	1	0:00:27.428682
39060	781	-1	0.0	0	0:00:27.430895
39080	781	-1	0.0	0	0:00:27.521559
39100	782	598	0.0436	0	0:00:27.325358
39120	782	598	0.37	0	0:00:27.468225
39140	782	-1	0.0	0	0:00:27.483124
39160	783	-1	0.0	0	0:00:27.592252
39180	783	558	0.0262	0	0:00:27.498801
39200	784	550	0.514	0	0:00:27.410182
39220	784	845	0.00125	0	0:00:27.535357
39240	784	784	0.347	1	0:00:27.280168
39260	785	-1	0.0	0	0:00:27.444304
39280	785	617	0.016	0	0:00:27.347665
39300	786	-1	0.0	0	0:00:27.486063
39320	786	606	0.284	0	0:00:27.564898
39340	786	461	0.165	0	0:00:27.359361
39360	787	428	0.115	0	0:00:27.563624
39380	787	856	0.000251	0	0:00:27.468465
39400	788	-1	0.0	0	0:00:27.345859
39420	788	788	0.677	1	0:00:27.629688
39440	788	788	0.526	1	0:00:27.482957
39460	789	789	0.715	1	0:00:27.388516
39480	789	789	0.8	1	0:00:27.350492
39500	790	791	0.8	0	0:00:27.423845
39520	790	-1	0.0	0	0:00:27.625717
39540	790	790	0.8	1	0:00:27.318210
39560	791	-1	0.0	0	0:00:27.327168
39580	791	791	0.535	1	0:00:27.290835
39600	792	792	0.000815	1	0:00:27.433257
39620	792	792	0.317	1	0:00:27.417005
39640	792	792	0.0754	1	0:00:27.445123
39660	793	-1	0.0	0	0:00:27.389001
39680	793	-1	0.0	0	0:00:27.379187
39700	794	794	0.17	1	0:00:27.356314
39720	794	-1	0.0	0	0:00:27.454412
39740	794	854	0.0782	0	0:00:27.583505
39760	795	970	0.0374	0	0:00:27.437527
39780	795	764	0.164	0	0:00:27.509870
39800	796	796	0.541	1	0:00:27.381428
39820	796	-1	0.0	0	0:00:27.459342
39840	796	796	0.192	1	0:00:27.459011
39860	797	-1	0.0	0	0:00:27.389515
39880	797	797	0.411	1	0:00:27.475726
39900	798	798	0.19	1	0:00:27.417397
39920	798	565	0.146	0	0:00:27.422853
39940	798	-1	0.0	0	0:00:27.576848
39960	799	799	0.215	1	0:00:27.333825
39980	799	565	0.202	0	0:00:27.462391
40000	800	800	0.8	1	0:00:27.350520
40020	800	800	0.764	1	0:00:27.341627
40040	800	800	0.8	1	0:00:27.551732
40060	801	973	0.573	0	0:00:27.563061
40080	801	801	0.39	1	0:00:27.363738
40100	802	537	0.039	0	0:00:27.282576
40120	802	802	0.8	1	0:00:27.533722
40140	802	802	0.778	1	0:00:27.338304
40160	803	803	0.58	1	0:00:27.331661
40180	803	803	0.8	1	0:00:27.455396
40200	804	804	0.231	1	0:00:27.411858
40220	804	804	0.288	1	0:00:27.436490
40240	804	-1	0.0	0	0:00:27.484328
40260	805	805	0.662	1	0:00:27.309649
40280	805	890	0.056	0	0:00:27.596119
40300	806	806	0.536	1	0:00:27.489031
40320	806	806	0.8	1	0:00:27.435333
40340	806	-1	0.0	0	0:00:27.421633
40360	807	517	0.075	0	0:00:27.628850
40380	807	807	0.21	1	0:00:27.525153
40400	808	808	0.164	1	0:00:27.451913
40420	808	392	0.0886	0	0:00:27.389881
40440	808	-1	0.0	0	0:00:27.424550
40460	809	927	0.368	0	0:00:27.529828
40480	809	926	0.368	0	0:00:27.438018
40500	810	878	0.8	0	0:00:27.416341
40520	810	878	0.8	0	0:00:27.372979
40540	810	878	0.8	0	0:00:27.453042
40560	811	550	0.165	0	0:00:27.534085
40580	811	553	0.142	0	0:00:27.646504
40600	812	812	0.8	1	0:00:27.524082
40620	812	812	0.8	1	0:00:27.508461
40640	812	812	0.554	1	0:00:27.312846
40660	813	929	0.00784	0	0:00:27.364746
40680	813	-1	0.0	0	0:00:27.402346
40700	814	814	0.463	1	0:00:27.327058
40720	814	814	0.659	1	0:00:27.457784
40740	814	-1	0.0	0	0:00:27.533697
40760	815	815	0.8	1	0:00:27.395741
40780	815	-1	0.0	0	0:00:27.535487
40800	816	-1	0.0	0	0:00:27.323116
40820	816	816	0.136	1	0:00:27.272928
40840	816	816	0.332	1	0:00:27.420011
40860	817	817	0.195	1	0:00:27.383281
40880	817	817	0.388	1	0:00:27.359100
40900	818	745	0.141	0	0:00:27.269111
40920	818	556	0.0261	0	0:00:27.241898
40940	818	-1	0.0	0	0:00:27.292670
40960	819	819	0.574	1	0:00:27.560264
40980	819	579	0.221	0	0:00:27.406963
41000	820	820	0.0169	1	0:00:27.382005
41020	820	820	0.217	1	0:00:27.396966
41040	820	408	0.0331	0	0:00:27.267892
41060	821	821	0.8	1	0:00:27.295005
41080	821	821	0.753	1	0:00:27.519052
41100	822	822	0.8	1	0:00:27.402813
41120	822	822	0.8	1	0:00:27.568834
41140	822	822	0.8	1	0:00:27.408079
41160	823	-1	0.0	0	0:00:27.369886
41180	823	-1	0.0	0	0:00:27.460512
41200	824	824	0.409	1	0:00:27.272981
41220	824	514	0.141	0	0:00:27.600054
41240	824	-1	0.0	0	0:00:27.499627
41260	825	-1	0.0	0	0:00:27.445425
41280	825	825	0.612	1	0:00:27.433614
41300	826	826	0.38	1	0:00:27.443555
41320	826	605	0.8	0	0:00:27.615813
41340	826	-1	0.0	0	0:00:27.298270
41360	827	827	0.8	1	0:00:27.340075
41380	827	891	0.000376	0	0:00:27.555807
41400	828	633	0.0217	0	0:00:27.318746
41420	828	567	0.329	0	0:00:27.283468
41440	828	556	0.0105	0	0:00:27.442129
41460	829	829	0.8	1	0:00:27.354814
41480	829	778	0.172	0	0:00:27.539925
41500	830	830	0.516	1	0:00:27.419381
41520	830	-1	0.0	0	0:00:27.699414
41540	830	830	0.0222	1	0:00:27.388537
41560	831	831	0.8	1	0:00:27.496145
41580	831	-1	0.0	0	0:00:27.357994
41600	832	832	0.6	1	0:00:27.450786
41620	832	832	0.691	1	0:00:27.358563
41640	832	112	0.136	0	0:00:27.566849
41660	833	833	0.216	1	0:00:27.611542
41680	833	833	0.8	1	0:00:27.452703
41700	834	834	0.514	1	0:00:27.422586
41720	834	834	0.489	1	0:00:27.570485
41740	834	869	0.0121	0	0:00:27.319337
41760	835	805	0.0145	0	0:00:27.442472
41780	835	835	0.0672	1	0:00:27.485882
41800	836	-1	0.0	0	0:00:27.458662
41820	836	836	0.266	1	0:00:27.473703
41840	836	655	0.0186	0	0:00:27.474975
41860	837	746	0.0492	0	0:00:27.465645
41880	837	837	0.0331	1	0:00:27.599529
41900	838	-1	0.0	0	0:00:27.441374
41920	838	-1	0.0	0	0:00:27.399800
41940	838	898	0.409	0	0:00:27.395928
41960	839	833	0.778	0	0:00:27.567470
41980	839	-1	0.0	0	0:00:27.285254
42000	840	-1	0.0	0	0:00:27.470940
42020	840	840	0.199	1	0:00:27.447645
42040	840	840	0.582	1	0:00:27.659631
42060	841	887	0.00941	0	0:00:27.583424
42080	841	-1	0.0	0	0:00:27.441062
42100	842	562	0.0704	0	0:00:27.473555
42120	842	842	0.735	1	0:00:27.355371
42140	842	-1	0.0	0	0:00:27.473200
42160	843	488	0.13	0	0:00:27.420583
42180	843	575	0.132	0	0:00:27.525613
42200	844	844	0.616	1	0:00:27.412628
42220	844	844	0.478	1	0:00:27.531562
42240	844	844	0.464	1	0:00:27.418461
42260	845	845	0.186	1	0:00:27.494662
42280	845	-1	0.0	0	0:00:27.405044
42300	846	583	0.352	0	0:00:27.445318
42320	846	619	0.63	0	0:00:27.597059
42340	846	896	0.0218	0	0:00:27.460536
42360	847	-1	0.0	0	0:00:27.421108
42380	847	565	0.107	0	0:00:27.403259
42400	848	-1	0.0	0	0:00:27.436072
42420	848	742	0.0168	0	0:00:27.394278
42440	848	848	0.0489	1	0:00:27.631588
42460	849	849	0.261	1	0:00:27.498176
42480	849	849	0.728	1	0:00:27.406892
42500	850	850	0.31	1	0:00:27.373406
42520	850	865	0.254	0	0:00:27.618848
42540	850	850	0.632	1	0:00:27.472341
42560	851	800	0.338	0	0:00:27.481927
42580	851	800	0.0882	0	0:00:27.622327
42600	852	852	0.778	1	0:00:27.359063
42620	852	558	0.0636	0	0:00:27.355839
42640	852	852	0.63	1	0:00:27.534200
42660	853	853	0.251	1	0:00:27.431759
42680	853	853	0.8	1	0:00:27.524896
42700	854	-1	0.0	0	0:00:27.514460
42720	854	857	0.131	0	0:00:27.294802
42740	854	-1	0.0	0	0:00:27.439375
42760	855	832	0.186	0	0:00:27.590807
42780	855	855	0.296	1	0:00:27.473405
42800	856	586	0.0448	0	0:00:27.499674
42820	856	856	0.8	1	0:00:27.327521
42840	856	569	0.238	0	0:00:27.352228
42860	857	857	0.511	1	0:00:27.411180
42880	857	857	0.466	1	0:00:27.518444
42900	858	915	0.0941	0	0:00:27.588348
42920	858	-1	0.0	0	0:00:27.475038
42940	858	698	0.262	0	0:00:27.538613
42960	859	859	0.242	1	0:00:27.573201
42980	859	475	0.249	0	0:00:27.469056
43000	860	455	0.248	0	0:00:27.366353
43020	860	800	0.349	0	0:00:27.475254
43040	860	762	0.0619	0	0:00:27.508859
43060	861	861	0.415	1	0:00:27.706839
43080	861	804	0.305	0	0:00:27.471147
43100	862	-1	0.0	0	0:00:27.444837
43120	862	862	0.538	1	0:00:27.483679
43140	862	862	0.764	1	0:00:27.754019
43160	863	863	0.8	1	0:00:27.459804
43180	863	863	0.8	1	0:00:27.488496
43200	864	-1	0.0	0	0:00:27.411874
43220	864	803	0.0112	0	0:00:27.286560
43240	864	555	0.0132	0	0:00:27.619021
43260	865	865	0.441	1	0:00:27.468439
43280	865	865	0.115	1	0:00:27.407300
43300	866	866	0.0225	1	0:00:27.439434
43320	866	866	0.8	1	0:00:27.430953
43340	866	621	0.286	0	0:00:27.414482
43360	867	867	0.743	1	0:00:27.461591
43380	867	675	0.0166	0	0:00:27.406035
43400	868	566	0.206	0	0:00:27.350593
43420	868	923	0.191	0	0:00:27.468974
43440	868	-1	0.0	0	0:00:27.457173
43460	869	-1	0.0	0	0:00:27.459396
43480	869	869	0.363	1	0:00:27.475804
43500	870	793	0.143	0	0:00:27.501012
43520	870	-1	0.0	0	0:00:27.379568
43540	870	870	0.14	1	0:00:27.477480
43560	871	871	0.715	1	0:00:27.643702
43580	871	871	0.0889	1	0:00:27.549695
43600	872	840	0.8	0	0:00:27.387395
43620	872	872	0.8	1	0:00:27.436995
43640	872	-1	0.0	0	0:00:27.426530
43660	873	873	0.6	1	0:00:27.550074
43680	873	873	0.8	1	0:00:27.714359
43700	874	874	0.0251	1	0:00:27.475881
43720	874	757	0.0557	0	0:00:27.373997
43740	874	-1	0.0	0	0:00:27.458968
43760	875	875	0.691	1	0:00:27.391939
43780	875	875	0.349	1	0:00:27.471322
43800	876	-1	0.0	0	0:00:27.557886
43820	876	876	0.0197	1	0:00:27.548922
43840	876	-1	0.0	0	0:00:27.451850
43860	877	877	0.8	1	0:00:27.589714
43880	877	730	0.13	0	0:00:27.225659
43900	878	878	0.764	1	0:00:27.304105
43920	878	878	0.8	1	0:00:27.350326
43940	878	398	0.0341	0	0:00:27.338461
43960	879	-1	0.0	0	0:00:27.545531
43980	879	879	0.382	1	0:00:27.457057
44000	880	-1	0.0	0	0:00:27.609769
44020	880	880	0.283	1	0:00:27.511277
44040	880	-1	0.0	0	0:00:27.499855
44060	881	401	0.156	0	0:00:27.272704
44080	881	881	0.00658	1	0:00:27.386635
44100	882	-1	0.0	0	0:00:27.485833
44120	882	598	0.187	0	0:00:27.445675
44140	882	162	0.0037	0	0:00:27.379581
44160	883	532	0.218	0	0:00:27.524200
44180	883	738	0.387	0	0:00:27.403780
44200	884	884	0.512	1	0:00:27.278340
44220	884	884	0.8	1	0:00:27.351799
44240	884	884	0.0628	1	0:00:27.359944
44260	885	-1	0.0	0	0:00:27.376593
44280	885	-1	0.0	0	0:00:27.288388
44300	886	886	0.8	1	0:00:27.436649
44320	886	886	0.743	1	0:00:27.363023
44340	886	886	0.623	1	0:00:27.347884
44360	887	762	0.336	0	0:00:27.416895
44380	887	-1	0.0	0	0:00:27.494916
44400	888	718	0.275	0	0:00:27.397885
44420	888	888	0.0336	1	0:00:27.581241
44440	888	602	0.322	0	0:00:27.495290
44460	889	889	0.735	1	0:00:27.436052
44480	889	889	0.0213	1	0:00:27.395945
44500	890	645	0.344	0	0:00:27.392557
44520	890	890	0.8	1	0:00:27.370750
44540	890	890	0.547	1	0:00:27.485350
44560	891	772	0.2	0	0:00:27.454804
44580	891	-1	0.0	0	0:00:27.462008
44600	892	442	0.465	0	0:00:27.428649
44620	892	577	0.0344	0	0:00:27.461064
44640	892	892	0.226	1	0:00:27.542775
44660	893	893	0.237	1	0:00:27.520978
44680	893	893	0.446	1	0:00:27.393781
44700	894	894	0.133	1	0:00:27.545425
44720	894	760	0.139	0	0:00:27.410748
44740	894	495	0.33	0	0:00:27.533581
44760	895	895	0.71	1	0:00:27.600097
44780	895	404	0.075	0	0:00:27.634121
44800	896	896	0.8	1	0:00:27.527100
44820	896	896	0.8	1	0:00:27.511673
44840	896	700	0.158	0	0:00:27.260652
44860	897	743	0.0232	0	0:00:27.479928
44880	897	-1	0.0	0	0:00:27.319444
44900	898	741	0.124	0	0:00:27.347723
44920	898	737	0.609	0	0:00:27.300405
44940	898	503	0.168	0	0:00:27.518009
44960	899	-1	0.0	0	0:00:27.500320
44980	899	-1	0.0	0	0:00:27.474164
45000	900	900	0.8	1	0:00:27.401093
45020	900	900	0.132	1	0:00:27.269154
45040	900	900	0.8	1	0:00:27.290823
45060	901	653	0.7	0	0:00:27.345577
45080	901	901	0.193	1	0:00:27.533556
45100	902	902	0.705	1	0:00:27.369684
45120	902	902	0.185	1	0:00:27.556208
45140	902	902	0.8	1	0:00:27.326802
45160	903	903	0.437	1	0:00:27.413921
45180	903	903	0.397	1	0:00:27.340366
45200	904	-1	0.0	0	0:00:27.395316
45220	904	904	0.8	1	0:00:27.662379
45240	904	811	0.0623	0	0:00:27.483583
45260	905	854	0.0343	0	0:00:27.436846
45280	905	-1	0.0	0	0:00:27.321244
45300	906	906	0.579	1	0:00:27.445481
45320	906	616	0.057	0	0:00:27.376400
45340	906	834	0.609	0	0:00:27.332074
45360	907	907	0.764	1	0:00:27.569654
45380	907	907	0.342	1	0:00:27.348497
45400	908	895	0.23	0	0:00:27.463138
45420	908	908	0.424	1	0:00:27.372984
45440	908	404	0.8	0	0:00:27.561031
45460	909	909	0.243	1	0:00:27.400546
45480	909	-1	0.0	0	0:00:27.465276
45500	910	-1	0.0	0	0:00:27.243278
45520	910	-1	0.0	0	0:00:27.336843
45540	910	910	0.321	1	0:00:27.499884
45560	911	-1	0.0	0	0:00:27.289008
45580	911	911	0.337	1	0:00:27.284917
45600	912	677	0.245	0	0:00:27.421279
45620	912	912	0.735	1	0:00:27.566774
45640	912	912	0.14	1	0:00:27.452314
45660	913	-1	0.0	0	0:00:27.397067
45680	913	913	0.8	1	0:00:27.313687
45700	914	914	0.753	1	0:00:27.498354
45720	914	914	0.696	1	0:00:27.451347
45740	914	914	0.472	1	0:00:27.504111
45760	915	915	0.209	1	0:00:27.352278
45780	915	915	0.549	1	0:00:27.257169
45800	916	760	0.394	0	0:00:27.536021
45820	916	760	0.574	0	0:00:27.502941
45840	916	916	0.687	1	0:00:27.434815
45860	917	917	0.8	1	0:00:27.431849
45880	917	921	0.696	0	0:00:27.420269
45900	918	918	0.372	1	0:00:27.443866
45920	918	500	0.684	0	0:00:27.381340
45940	918	918	0.8	1	0:00:27.380081
45960	919	-1	0.0	0	0:00:27.283552
45980	919	919	0.483	1	0:00:27.387301
46000	920	665	0.184	0	0:00:27.485230
46020	920	920	0.382	1	0:00:27.473790
46040	920	920	0.696	1	0:00:27.304353
46060	921	788	0.031	0	0:00:27.422716
46080	921	-1	0.0	0	0:00:27.449379
46100	922	-1	0.0	0	0:00:27.466562
46120	922	741	0.0226	0	0:00:27.476361
46140	922	-1	0.0	0	0:00:27.364188
46160	923	923	0.317	1	0:00:27.304194
46180	923	926	0.527	0	0:00:27.338096
46200	924	-1	0.0	0	0:00:27.361001
46220	924	-1	0.0	0	0:00:27.321859
46240	924	-1	0.0	0	0:00:27.293977
46260	925	925	0.8	1	0:00:27.320134
46280	925	925	0.428	1	0:00:27.439216
46300	926	926	0.8	1	0:00:27.406983
46320	926	544	0.337	0	0:00:27.369561
46340	926	926	0.358	1	0:00:27.541127
46360	927	927	0.8	1	0:00:27.449496
46380	927	927	0.8	1	0:00:27.603965
46400	928	927	0.171	0	0:00:27.369152
46420	928	935	0.457	0	0:00:27.381770
46440	928	928	0.515	1	0:00:27.485455
46460	929	646	0.305	0	0:00:27.399558
46480	929	929	0.152	1	0:00:27.617552
46500	930	567	0.0903	0	0:00:27.506643
46520	930	930	0.411	1	0:00:27.458260
46540	930	766	0.0358	0	0:00:27.563707
46560	931	931	0.0674	1	0:00:27.495510
46580	931	931	0.0943	1	0:00:27.232612
46600	932	932	0.715	1	0:00:27.494960
46620	932	967	0.525	0	0:00:27.291463
46640	932	932	0.735	1	0:00:27.419227
46660	933	933	0.56	1	0:00:27.251090
46680	933	118	0.094	0	0:00:27.368390
46700	934	934	0.156	1	0:00:27.469933
46720	934	-1	0.0	0	0:00:27.362695
46740	934	934	0.8	1	0:00:27.475343
46760	935	-1	0.0	0	0:00:27.449558
46780	935	-1	0.0	0	0:00:27.436749
46800	936	936	0.431	1	0:00:27.526981
46820	936	936	0.764	1	0:00:27.401077
46840	936	936	0.293	1	0:00:27.285383
46860	937	937	0.654	1	0:00:27.262372
46880	937	937	0.405	1	0:00:27.444111
46900	938	-1	0.0	0	0:00:27.515252
46920	938	938	0.778	1	0:00:27.289182
46940	938	924	0.14	0	0:00:27.454551
46960	939	950	0.291	0	0:00:27.561002
46980	939	939	0.469	1	0:00:27.598430
47000	940	-1	0.0	0	0:00:27.464699
47020	940	940	0.64	1	0:00:27.488054
47040	940	941	0.0963	0	0:00:27.543795
47060	941	-1	0.0	0	0:00:27.441935
47080	941	941	0.8	1	0:00:27.307378
47100	942	942	0.8	1	0:00:27.335407
47120	942	541	0.045	0	0:00:27.519775
47140	942	942	0.8	1	0:00:27.261432
47160	943	943	0.367	1	0:00:27.480902
47180	943	943	0.389	1	0:00:27.359254
47200	944	946	0.436	0	0:00:27.459035
47220	944	944	0.8	1	0:00:27.410679
47240	944	944	0.8	1	0:00:27.472348
47260	945	945	0.112	1	0:00:27.434067
47280	945	988	0.115	0	0:00:27.332242
47300	946	946	0.778	1	0:00:27.336375
47320	946	946	0.542	1	0:00:27.499049
47340	946	946	0.223	1	0:00:27.502140
47360	947	947	0.394	1	0:00:27.399524
47380	947	947	0.743	1	0:00:27.563673
47400	948	948	0.735	1	0:00:27.363384
47420	948	948	0.0303	1	0:00:27.413196
47440	948	948	0.8	1	0:00:27.381526
47460	949	949	0.00633	1	0:00:27.254721
47480	949	949	0.8	1	0:00:27.493928
47500	950	932	0.0137	0	0:00:27.640924
47520	950	951	0.358	0	0:00:27.384813
47540	950	953	0.201	0	0:00:27.361508
47560	951	950	0.8	0	0:00:27.405269
47580	951	951	0.154	1	0:00:27.422970
47600	952	90	0.8	0	0:00:27.439101
47620	952	952	0.778	1	0:00:27.341668
47640	952	852	0.458	0	0:00:27.404493
47660	953	953	0.216	1	0:00:27.352275
47680	953	953	0.505	1	0:00:27.333079
47700	954	953	0.27	0	0:00:27.437675
47720	954	950	0.131	0	0:00:27.427492
47740	954	-1	0.0	0	0:00:27.373327
47760	955	955	0.169	1	0:00:27.454116
47780	955	955	0.8	1	0:00:27.354437
47800	956	956	0.68	1	0:00:27.428839
47820	956	956	0.14	1	0:00:27.356010
47840	956	-1	0.0	0	0:00:27.457592
47860	957	925	0.0645	0	0:00:27.340187
47880	957	-1	0.0	0	0:00:27.540616
47900	958	483	0.231	0	0:00:27.472370
47920	958	958	0.399	1	0:00:27.394434
47940	958	-1	0.0	0	0:00:27.522980
47960	959	-1	0.0	0	0:00:27.562772
47980	959	959	0.8	1	0:00:27.523055
48000	960	-1	0.0	0	0:00:27.437309
48020	960	923	0.464	0	0:00:27.423722
48040	960	-1	0.0	0	0:00:27.434573
48060	961	963	0.8	0	0:00:27.436018
48080	961	930	0.226	0	0:00:27.338469
48100	962	962	0.499	1	0:00:27.447034
48120	962	962	0.165	1	0:00:27.450204
48140	962	865	0.0243	0	0:00:27.280910
48160	963	963	0.753	1	0:00:27.366583
48180	963	376	0.455	0	0:00:27.439448
48200	964	964	0.252	1	0:00:27.443937
48220	964	868	0.00696	0	0:00:27.367242
48240	964	-1	0.0	0	0:00:27.511397
48260	965	-1	0.0	0	0:00:27.477086
48280	965	925	0.0851	0	0:00:27.470149
48300	966	-1	0.0	0	0:00:27.360914
48320	966	966	0.8	1	0:00:27.332385
48340	966	966	0.8	1	0:00:27.462738
48360	967	-1	0.0	0	0:00:27.408764
48380	967	-1	0.0	0	0:00:27.430983
48400	968	463	0.0817	0	0:00:27.335450
48420	968	504	0.0731	0	0:00:27.275697
48440	968	-1	0.0	0	0:00:27.474384
48460	969	504	0.238	0	0:00:27.401299
48480	969	731	0.112	0	0:00:27.336433
48500	970	795	0.687	0	0:00:27.492495
48520	970	980	0.304	0	0:00:27.542260
48540	970	979	0.337	0	0:00:27.306659
48560	971	971	0.8	1	0:00:27.495004
48580	971	645	0.193	0	0:00:26.128111
48600	972	-1	0.0	0	0:00:26.077929
48620	972	118	0.119	0	0:00:26.084008
48640	972	500	0.178	0	0:00:26.072255
48660	973	973	0.728	1	0:00:26.123663
48680	973	983	0.0351	0	0:00:26.049061
48700	974	974	0.24	1	0:00:26.326011
48720	974	974	0.39	1	0:00:26.290907
48740	974	974	0.286	1	0:00:26.335288
48760	975	975	0.368	1	0:00:25.442663
48780	975	979	0.094	0	0:00:27.334393
48800	976	976	0.0497	1	0:00:27.382435
48820	976	976	0.705	1	0:00:27.570985
48840	976	976	0.715	1	0:00:27.674571
48860	977	-1	0.0	0	0:00:27.389830
48880	977	976	0.743	0	0:00:27.479234
48900	978	-1	0.0	0	0:00:27.384596
48920	978	976	0.298	0	0:00:27.447965
48940	978	657	0.174	0	0:00:27.353241
48960	979	979	0.567	1	0:00:27.223605
48980	979	970	0.235	0	0:00:27.475034
49000	980	980	0.8	1	0:00:27.347836
49020	980	1	0.114	0	0:00:27.430276
49040	980	980	0.48	1	0:00:27.377896
49060	981	981	0.67	1	0:00:27.276698
49080	981	981	0.158	1	0:00:27.455623
49100	982	-1	0.0	0	0:00:27.393804
49120	982	982	0.433	1	0:00:27.491735
49140	982	593	0.067	0	0:00:27.690310
49160	983	-1	0.0	0	0:00:27.505747
49180	983	983	0.8	1	0:00:27.415714
49200	984	984	0.8	1	0:00:27.448699
49220	984	984	0.735	1	0:00:27.471950
49240	984	984	0.8	1	0:00:27.364342
49260	985	985	0.8	1	0:00:27.417731
49280	985	985	0.8	1	0:00:27.294652
49300	986	986	0.471	1	0:00:27.603781
49320	986	986	0.68	1	0:00:27.411616
49340	986	986	0.778	1	0:00:27.443253
49360	987	998	0.583	0	0:00:27.299417
49380	987	987	0.8	1	0:00:27.553543
49400	988	988	0.388	1	0:00:27.343583
49420	988	988	0.348	1	0:00:27.534060
49440	988	988	0.582	1	0:00:27.558603
49460	989	989	0.0847	1	0:00:27.432884
49480	989	989	0.326	1	0:00:27.364297
49500	990	379	0.0297	0	0:00:27.435173
49520	990	113	0.011	0	0:00:27.362252
49540	990	990	0.36	1	0:00:27.311196
49560	991	991	0.199	1	0:00:27.386516
49580	991	991	0.8	1	0:00:27.327570
49600	992	992	0.338	1	0:00:27.540156
49620	992	348	0.152	0	0:00:27.452673
49640	992	947	0.764	0	0:00:27.386171
49660	993	993	0.667	1	0:00:27.466029
49680	993	993	0.589	1	0:00:27.442212
49700	994	994	0.778	1	0:00:27.525137
49720	994	994	0.673	1	0:00:27.483740
49740	994	-1	0.0	0	0:00:27.392451
49760	995	995	0.438	1	0:00:27.454104
49780	995	995	0.778	1	0:00:27.336298
49800	996	996	0.68	1	0:00:27.604296
49820	996	-1	0.0	0	0:00:27.494272
49840	996	996	0.8	1	0:00:27.448257
49860	997	947	0.6	0	0:00:27.296058
49880	997	997	0.374	1	0:00:27.436635
49900	998	987	0.525	0	0:00:27.373763
49920	998	998	0.638	1	0:00:27.430483
49940	998	998	0.246	1	0:00:27.333607
49960	999	-1	0.0	0	0:00:27.358613
49980	999	-1	0.0	0	0:00:27.571921
