idx	label	predict	radius	correct	time
0	0	-1	0.0	0	0:00:37.690986
200	4	-1	0.0	0	0:00:13.821427
400	8	8	0.8	1	0:00:13.835638
600	12	448	0.213	0	0:00:13.832391
800	16	16	0.32	1	0:00:13.871141
1000	20	20	0.63	1	0:00:13.871264
1200	24	24	0.433	1	0:00:13.878922
1400	28	-1	0.0	0	0:00:13.882905
1600	32	-1	0.0	0	0:00:13.864634
1800	36	36	0.177	1	0:00:13.879326
2000	40	-1	0.0	0	0:00:13.861296
2200	44	-1	0.0	0	0:00:13.887025
2400	48	-1	0.0	0	0:00:13.882892
2600	52	111	0.0926	0	0:00:13.855761
2800	56	56	0.8	1	0:00:13.880035
3000	60	61	0.342	0	0:00:13.865743
3200	64	64	0.52	1	0:00:14.039023
3400	68	111	0.369	0	0:00:13.867387
3600	72	72	0.684	1	0:00:13.858765
3800	76	76	0.00853	1	0:00:13.868274
4000	80	80	0.8	1	0:00:13.875692
4200	84	84	0.0903	1	0:00:13.853983
4400	88	-1	0.0	0	0:00:13.845211
4600	92	92	0.13	1	0:00:13.866681
4800	96	96	0.8	1	0:00:14.034224
5000	100	100	0.8	1	0:00:13.853822
5200	104	277	0.0507	0	0:00:13.863187
5400	108	-1	0.0	0	0:00:13.844884
5600	112	112	0.276	1	0:00:13.867254
5800	116	116	0.8	1	0:00:13.866226
6000	120	308	0.504	0	0:00:14.048279
6200	124	121	0.277	0	0:00:13.853010
6400	128	128	0.8	1	0:00:13.869435
6600	132	132	0.344	1	0:00:13.852037
6800	136	136	0.8	1	0:00:14.038286
7000	140	140	0.8	1	0:00:13.856340
7200	144	331	0.00144	0	0:00:13.863275
7400	148	148	0.778	1	0:00:13.839290
7600	152	152	0.49	1	0:00:13.858254
7800	156	156	0.8	1	0:00:13.869397
8000	160	160	0.696	1	0:00:13.853488
8200	164	217	0.0905	0	0:00:13.856863
8400	168	-1	0.0	0	0:00:13.867707
8600	172	172	0.487	1	0:00:13.853517
8800	176	176	0.485	1	0:00:13.859519
9000	180	-1	0.0	0	0:00:13.859065
9200	184	229	0.039	0	0:00:13.867649
9400	188	188	0.289	1	0:00:13.856586
9600	192	199	0.34	0	0:00:13.853254
9800	196	199	0.331	0	0:00:13.854716
10000	200	-1	0.0	0	0:00:14.035183
10200	204	204	0.142	1	0:00:13.860142
10400	208	208	0.334	1	0:00:13.866117
10600	212	194	0.421	0	0:00:13.864083
10800	216	216	0.17	1	0:00:13.873087
11000	220	220	0.626	1	0:00:13.866473
11200	224	197	0.0681	0	0:00:13.859008
11400	228	228	0.241	1	0:00:13.859282
11600	232	232	0.677	1	0:00:13.856913
11800	236	522	0.0357	0	0:00:14.042767
12000	240	238	0.571	0	0:00:13.849272
12200	244	244	0.8	1	0:00:13.857687
12400	248	250	0.421	0	0:00:13.860898
12600	252	252	0.381	1	0:00:13.861705
12800	256	256	0.764	1	0:00:14.043375
13000	260	260	0.557	1	0:00:13.843726
13200	264	264	0.71	1	0:00:13.866759
13400	268	268	0.218	1	0:00:13.840364
13600	272	274	0.253	0	0:00:13.871293
13800	276	276	0.778	1	0:00:14.039158
14000	280	280	0.616	1	0:00:13.865333
14200	284	284	0.8	1	0:00:13.865277
14400	288	288	0.325	1	0:00:13.850685
14600	292	290	0.202	0	0:00:13.855269
14800	296	296	0.205	1	0:00:13.836217
15000	300	300	0.8	1	0:00:13.864921
15200	304	301	0.099	0	0:00:13.860373
15400	308	308	0.151	1	0:00:13.836437
15600	312	-1	0.0	0	0:00:13.856964
15800	316	316	0.612	1	0:00:13.841165
16000	320	320	0.778	1	0:00:13.848541
16200	324	324	0.8	1	0:00:13.850650
16400	328	328	0.71	1	0:00:13.856582
16600	332	333	0.169	0	0:00:13.850819
16800	336	336	0.527	1	0:00:13.855088
17000	340	340	0.8	1	0:00:14.040386
17200	344	344	0.291	1	0:00:13.848270
17400	348	348	0.496	1	0:00:13.845102
17600	352	352	0.124	1	0:00:13.860716
17800	356	-1	0.0	0	0:00:13.847867
18000	360	360	0.267	1	0:00:13.865319
18200	364	364	0.41	1	0:00:13.856879
18400	368	376	0.00941	0	0:00:13.848861
18600	372	262	0.001	0	0:00:14.026499
18800	376	376	0.137	1	0:00:13.846315
19000	380	-1	0.0	0	0:00:13.848553
19200	384	384	0.0478	1	0:00:13.845548
19400	388	388	0.377	1	0:00:13.835728
19600	392	397	0.552	0	0:00:13.841011
19800	396	396	0.8	1	0:00:14.022324
20000	400	667	0.00157	0	0:00:13.854267
20200	404	404	0.8	1	0:00:13.854501
20400	408	847	0.388	0	0:00:13.849936
20600	412	412	0.0689	1	0:00:14.020361
20800	416	416	0.8	1	0:00:13.831151
21000	420	-1	0.0	0	0:00:13.827075
21200	424	860	0.174	0	0:00:13.857131
21400	428	428	0.778	1	0:00:13.850931
21600	432	432	0.8	1	0:00:13.837771
21800	436	436	0.691	1	0:00:13.831951
22000	440	440	0.0229	1	0:00:13.834235
22200	444	879	0.294	0	0:00:13.826569
22400	448	448	0.8	1	0:00:13.838191
22600	452	452	0.242	1	0:00:13.848244
22800	456	522	0.412	0	0:00:13.839508
23000	460	978	0.047	0	0:00:13.840740
23200	464	686	0.373	0	0:00:13.845172
23400	468	468	0.8	1	0:00:13.857429
23600	472	472	0.431	1	0:00:13.837471
23800	476	476	0.5	1	0:00:14.020833
24000	480	860	0.0589	0	0:00:13.847081
24200	484	871	0.523	0	0:00:13.839652
24400	488	739	0.35	0	0:00:13.851104
24600	492	565	0.37	0	0:00:13.835521
24800	496	496	0.0856	1	0:00:13.834024
25000	500	500	0.8	1	0:00:13.858335
25200	504	504	0.144	1	0:00:13.853945
25400	508	508	0.8	1	0:00:14.019458
25600	512	684	0.221	0	0:00:13.847987
25800	516	516	0.00646	1	0:00:13.855696
26000	520	520	0.109	1	0:00:13.842878
26200	524	-1	0.0	0	0:00:13.826455
26400	528	-1	0.0	0	0:00:13.845740
26600	532	619	0.108	0	0:00:14.008981
26800	536	403	0.408	0	0:00:13.834455
27000	540	540	0.8	1	0:00:13.807986
27200	544	-1	0.0	0	0:00:13.842881
27400	548	548	0.8	1	0:00:14.026698
27600	552	552	0.8	1	0:00:13.813969
27800	556	703	0.072	0	0:00:13.852075
28000	560	560	0.8	1	0:00:13.840880
28200	564	669	0.0672	0	0:00:13.845643
28400	568	399	0.398	0	0:00:13.812936
28600	572	784	0.0975	0	0:00:13.847504
28800	576	515	0.0807	0	0:00:13.826668
29000	580	580	0.0279	1	0:00:13.856256
29200	584	481	0.0866	0	0:00:13.814394
29400	588	626	0.0653	0	0:00:13.834085
29600	592	592	0.8	1	0:00:13.844343
29800	596	-1	0.0	0	0:00:13.848487
30000	600	600	0.241	1	0:00:13.844876
30200	604	-1	0.0	0	0:00:13.844384
30400	608	-1	0.0	0	0:00:13.835782
30600	612	612	0.8	1	0:00:14.020390
30800	616	-1	0.0	0	0:00:13.847123
31000	620	620	0.295	1	0:00:13.843211
31200	624	-1	0.0	0	0:00:13.827871
31400	628	628	0.238	1	0:00:13.845637
31600	632	632	0.8	1	0:00:13.838089
31800	636	636	0.8	1	0:00:13.841124
32000	640	640	0.8	1	0:00:13.835099
32200	644	644	0.383	1	0:00:13.836073
32400	648	651	0.141	0	0:00:14.007366
32600	652	652	0.0141	1	0:00:13.842129
32800	656	656	0.615	1	0:00:13.841110
33000	660	-1	0.0	0	0:00:13.846943
33200	664	851	0.44	0	0:00:13.853414
33400	668	-1	0.0	0	0:00:14.022799
33600	672	-1	0.0	0	0:00:13.828891
33800	676	-1	0.0	0	0:00:13.848155
34000	680	885	0.0531	0	0:00:13.826012
34200	684	684	0.476	1	0:00:13.858362
34400	688	688	0.8	1	0:00:14.019891
34600	692	692	0.237	1	0:00:13.840144
34800	696	-1	0.0	0	0:00:13.848888
35000	700	700	0.0429	1	0:00:13.845603
35200	704	704	0.355	1	0:00:13.857528
35400	708	682	0.8	0	0:00:13.812042
35600	712	712	0.48	1	0:00:13.831783
35800	716	716	0.764	1	0:00:13.829798
36000	720	720	0.365	1	0:00:13.841884
36200	724	780	0.8	0	0:00:13.818107
36400	728	728	0.516	1	0:00:13.837938
36600	732	732	0.8	1	0:00:13.838709
36800	736	736	0.242	1	0:00:13.847123
37000	740	-1	0.0	0	0:00:13.832034
37200	744	657	0.403	0	0:00:13.843763
37400	748	-1	0.0	0	0:00:13.824703
37600	752	-1	0.0	0	0:00:14.025247
37800	756	882	0.0427	0	0:00:13.819905
38000	760	651	0.0237	0	0:00:13.843279
38200	764	650	0.0307	0	0:00:13.824269
38400	768	-1	0.0	0	0:00:13.834999
38600	772	772	0.38	1	0:00:13.862117
38800	776	-1	0.0	0	0:00:13.829259
39000	780	-1	0.0	0	0:00:13.824369
39200	784	-1	0.0	0	0:00:14.027327
39400	788	611	0.0955	0	0:00:13.856830
39600	792	792	0.684	1	0:00:13.841580
39800	796	796	0.8	1	0:00:13.831904
40000	800	800	0.8	1	0:00:13.846421
40200	804	804	0.325	1	0:00:13.830262
40400	808	808	0.192	1	0:00:14.016858
40600	812	812	0.8	1	0:00:13.843511
40800	816	816	0.8	1	0:00:13.838989
41000	820	565	0.232	0	0:00:13.828947
41200	824	-1	0.0	0	0:00:14.028008
41400	828	545	0.123	0	0:00:13.829906
41600	832	832	0.381	1	0:00:13.833699
41800	836	830	0.201	0	0:00:13.862492
42000	840	470	0.229	0	0:00:13.840594
42200	844	844	0.735	1	0:00:13.856068
42400	848	481	0.131	0	0:00:13.834945
42600	852	852	0.8	1	0:00:13.817419
42800	856	-1	0.0	0	0:00:13.860581
43000	860	925	0.224	0	0:00:13.843939
43200	864	864	0.0326	1	0:00:13.860728
43400	868	923	0.0483	0	0:00:13.851818
43600	872	840	0.14	0	0:00:13.858407
43800	876	-1	0.0	0	0:00:13.860115
44000	880	880	0.196	1	0:00:13.838645
44200	884	884	0.691	1	0:00:13.849735
44400	888	821	0.327	0	0:00:14.007761
44600	892	442	0.395	0	0:00:13.868159
44800	896	896	0.7	1	0:00:13.856735
45000	900	900	0.8	1	0:00:13.828185
45200	904	904	0.492	1	0:00:13.840341
45400	908	895	0.194	0	0:00:13.851084
45600	912	677	0.0468	0	0:00:13.851483
45800	916	916	0.275	1	0:00:13.823769
46000	920	-1	0.0	0	0:00:14.011257
46200	924	924	0.0236	1	0:00:13.855082
46400	928	927	0.634	0	0:00:13.842283
46600	932	932	0.8	1	0:00:13.840711
46800	936	936	0.464	1	0:00:13.850467
47000	940	-1	0.0	0	0:00:13.834949
47200	944	946	0.71	0	0:00:13.999734
47400	948	948	0.8	1	0:00:13.836111
47600	952	90	0.8	0	0:00:13.831407
47800	956	956	0.696	1	0:00:13.845552
48000	960	-1	0.0	0	0:00:14.019112
48200	964	964	0.0434	1	0:00:13.840225
48400	968	968	0.354	1	0:00:13.831590
48600	972	979	0.249	0	0:00:13.836653
48800	976	972	0.157	0	0:00:13.846578
49000	980	980	0.8	1	0:00:13.853324
49200	984	984	0.8	1	0:00:13.836711
49400	988	-1	0.0	0	0:00:13.863545
49600	992	992	0.715	1	0:00:13.863245
49800	996	996	0.557	1	0:00:13.852433
