idx	label	predict	radius	correct	time
0	3	3	0.108	1	0:00:02.352090
20	7	7	0.291	1	0:00:02.203717
40	4	0	0.415	0	0:00:02.201222
60	7	7	0.586	1	0:00:02.199351
80	8	8	0.612	1	0:00:02.201879
100	4	-1	0.0	0	0:00:02.202306
120	8	8	0.343	1	0:00:02.203693
140	6	6	0.0529	1	0:00:02.203776
160	2	2	0.778	1	0:00:02.203518
180	0	0	0.457	1	0:00:02.204979
200	5	-1	0.0	0	0:00:02.202532
220	7	7	0.488	1	0:00:02.202817
240	1	1	0.8	1	0:00:02.203298
260	8	8	0.0336	1	0:00:02.205120
280	9	9	0.318	1	0:00:02.207144
300	6	6	0.461	1	0:00:02.206975
320	3	3	0.267	1	0:00:02.205606
340	2	-1	0.0	0	0:00:02.206539
360	9	9	0.464	1	0:00:02.206652
380	6	6	0.245	1	0:00:02.206791
400	9	9	0.507	1	0:00:02.207147
420	4	4	0.0288	1	0:00:02.206990
440	1	1	0.373	1	0:00:02.207115
460	5	5	0.0411	1	0:00:02.206558
480	8	9	0.087	0	0:00:02.206126
500	4	-1	0.0	0	0:00:02.206460
520	5	5	0.514	1	0:00:02.206970
540	1	1	0.483	1	0:00:02.209684
560	0	0	0.71	1	0:00:02.207376
580	4	4	0.0698	1	0:00:02.208285
600	8	8	0.132	1	0:00:02.208707
620	7	7	0.143	1	0:00:02.208701
640	5	3	0.158	0	0:00:02.208738
660	9	9	0.42	1	0:00:02.209369
680	9	-1	0.0	0	0:00:02.208577
700	7	7	0.696	1	0:00:02.209686
720	4	-1	0.0	0	0:00:02.208924
740	2	5	0.335	0	0:00:02.210047
760	3	3	0.253	1	0:00:02.209473
780	9	9	0.385	1	0:00:02.210201
800	7	7	0.667	1	0:00:02.209945
820	6	2	0.233	0	0:00:02.210691
840	7	7	0.8	1	0:00:02.212094
860	4	4	0.403	1	0:00:02.212046
880	8	8	0.164	1	0:00:02.211632
900	2	-1	0.0	0	0:00:02.210547
920	6	6	0.356	1	0:00:02.210125
940	9	9	0.241	1	0:00:02.211955
960	9	9	0.7	1	0:00:02.211354
980	2	6	0.264	0	0:00:02.211551
1000	5	5	0.379	1	0:00:02.211174
1020	1	1	0.7	1	0:00:02.211521
1040	7	3	0.25	0	0:00:02.210922
1060	9	9	0.8	1	0:00:02.213550
1080	6	6	0.336	1	0:00:02.211404
1100	7	-1	0.0	0	0:00:02.210785
1120	5	2	0.00226	0	0:00:02.210399
1140	6	6	0.113	1	0:00:02.211274
1160	8	8	0.502	1	0:00:02.210221
1180	3	3	0.0733	1	0:00:02.210696
1200	8	8	0.343	1	0:00:02.211185
1220	9	6	0.198	0	0:00:02.210185
1240	2	-1	0.0	0	0:00:02.209466
1260	1	9	0.1	0	0:00:02.212085
1280	3	3	0.0785	1	0:00:02.211996
1300	4	4	0.318	1	0:00:02.210973
1320	7	7	0.545	1	0:00:02.210984
1340	1	1	0.281	1	0:00:02.210549
1360	7	7	0.613	1	0:00:02.211939
1380	4	-1	0.0	0	0:00:02.211711
1400	5	3	0.152	0	0:00:02.211894
1420	4	7	0.297	0	0:00:02.211034
1440	0	0	0.154	1	0:00:02.212703
1460	6	6	0.267	1	0:00:02.211451
1480	1	1	0.247	1	0:00:02.211470
1500	1	1	0.142	1	0:00:02.212433
1520	7	-1	0.0	0	0:00:02.210485
1540	8	8	0.667	1	0:00:02.211155
1560	7	7	0.778	1	0:00:02.212492
1580	6	-1	0.0	0	0:00:02.210871
1600	8	-1	0.0	0	0:00:02.213240
1620	5	-1	0.0	0	0:00:02.210678
1640	7	7	0.147	1	0:00:02.210527
1660	3	-1	0.0	0	0:00:02.211106
1680	6	6	0.185	1	0:00:02.210367
1700	5	3	0.197	0	0:00:02.211549
1720	4	3	0.0346	0	0:00:02.212977
1740	1	1	0.284	1	0:00:02.211397
1760	0	0	0.45	1	0:00:02.212945
1780	7	7	0.337	1	0:00:02.211004
1800	4	0	0.0381	0	0:00:02.211503
1820	8	1	0.111	0	0:00:02.211311
1840	8	-1	0.0	0	0:00:02.210227
1860	8	8	0.297	1	0:00:02.211296
1880	1	1	0.8	1	0:00:02.210809
1900	8	8	0.651	1	0:00:02.210419
1920	2	2	0.338	1	0:00:02.210902
1940	5	3	0.0807	0	0:00:02.210793
1960	2	5	0.144	0	0:00:02.211111
1980	9	9	0.25	1	0:00:02.211514
2000	1	6	0.00257	0	0:00:02.211660
2020	9	9	0.7	1	0:00:02.211154
2040	0	0	0.445	1	0:00:02.211477
2060	5	-1	0.0	0	0:00:02.212507
2080	1	1	0.0889	1	0:00:02.210138
2100	2	2	0.175	1	0:00:02.210724
2120	4	-1	0.0	0	0:00:02.210035
2140	9	9	0.7	1	0:00:02.212042
2160	0	0	0.152	1	0:00:02.210459
2180	4	4	0.518	1	0:00:02.210430
2200	0	0	0.638	1	0:00:02.211295
2220	1	1	0.7	1	0:00:02.212010
2240	9	9	0.253	1	0:00:02.211520
2260	4	4	0.161	1	0:00:02.212773
2280	4	-1	0.0	0	0:00:02.212253
2300	3	4	0.0791	0	0:00:02.210230
2320	5	2	0.115	0	0:00:02.211246
2340	7	7	0.414	1	0:00:02.211861
2360	7	7	0.0411	1	0:00:02.211659
2380	8	8	0.288	1	0:00:02.212873
2400	0	0	0.8	1	0:00:02.213259
2420	8	1	0.0533	0	0:00:02.211476
2440	7	7	0.00702	1	0:00:02.211557
2460	9	9	0.174	1	0:00:02.211508
2480	8	8	0.451	1	0:00:02.211151
2500	4	6	0.112	0	0:00:02.211061
2520	1	1	0.259	1	0:00:02.212951
2540	2	6	0.103	0	0:00:02.210869
2560	7	7	0.197	1	0:00:02.211466
2580	6	5	0.0471	0	0:00:02.212359
2600	8	8	0.366	1	0:00:02.211175
2620	1	1	0.389	1	0:00:02.215328
2640	7	7	0.656	1	0:00:02.212178
2660	3	2	0.182	0	0:00:02.213654
2680	0	0	0.8	1	0:00:02.211180
2700	9	1	0.207	0	0:00:02.210965
2720	3	-1	0.0	0	0:00:02.211796
2740	1	1	0.16	1	0:00:02.211009
2760	2	2	0.232	1	0:00:02.210201
2780	7	7	0.778	1	0:00:02.211654
2800	4	-1	0.0	0	0:00:02.211684
2820	6	6	0.394	1	0:00:02.211709
2840	3	3	0.309	1	0:00:02.211515
2860	5	-1	0.0	0	0:00:02.211096
2880	4	4	0.188	1	0:00:02.211298
2900	3	3	0.105	1	0:00:02.212522
2920	2	2	0.0558	1	0:00:02.211555
2940	3	0	0.735	0	0:00:02.210768
2960	9	9	0.111	1	0:00:02.210695
2980	8	8	0.378	1	0:00:02.210327
3000	5	5	0.273	1	0:00:02.210870
3020	1	1	0.735	1	0:00:02.210435
3040	7	7	0.8	1	0:00:02.211105
3060	7	7	0.545	1	0:00:02.210503
3080	1	-1	0.0	0	0:00:02.210544
3100	0	0	0.594	1	0:00:02.210148
3120	4	-1	0.0	0	0:00:02.211964
3140	8	8	0.219	1	0:00:02.210443
3160	6	-1	0.0	0	0:00:02.212049
3180	3	3	0.123	1	0:00:02.211267
3200	5	7	0.347	0	0:00:02.210647
3220	3	9	0.0431	0	0:00:02.211944
3240	4	-1	0.0	0	0:00:02.212484
3260	7	7	0.623	1	0:00:02.212505
3280	3	3	0.226	1	0:00:02.210788
3300	4	4	0.21	1	0:00:02.211287
3320	2	7	0.274	0	0:00:02.210237
3340	6	6	0.295	1	0:00:02.210972
3360	4	4	0.145	1	0:00:02.211354
3380	8	8	0.425	1	0:00:02.212032
3400	6	4	0.246	0	0:00:02.213115
3420	5	3	0.0862	0	0:00:02.211298
3440	2	3	0.194	0	0:00:02.213514
3460	1	1	0.8	1	0:00:02.212639
3480	2	2	0.8	1	0:00:02.210540
3500	1	9	0.00382	0	0:00:02.211578
3520	1	1	0.551	1	0:00:02.212420
3540	6	6	0.595	1	0:00:02.211478
3560	1	9	0.238	0	0:00:02.211246
3580	4	4	0.138	1	0:00:02.211982
3600	4	2	0.288	0	0:00:02.211434
3620	0	-1	0.0	0	0:00:02.212609
3640	6	2	0.402	0	0:00:02.209491
3660	0	0	0.445	1	0:00:02.209877
3680	0	2	0.258	0	0:00:02.211255
3700	3	3	0.477	1	0:00:02.210712
3720	2	2	0.673	1	0:00:02.210426
3740	0	0	0.8	1	0:00:02.210710
3760	7	7	0.621	1	0:00:02.211745
3780	4	4	0.0219	1	0:00:02.210520
3800	9	9	0.297	1	0:00:02.210606
3820	0	0	0.141	1	0:00:02.210911
3840	6	6	0.0737	1	0:00:02.211563
3860	7	7	0.8	1	0:00:02.211123
3880	6	6	0.192	1	0:00:02.211018
3900	3	0	0.087	0	0:00:02.210624
3920	7	-1	0.0	0	0:00:02.212440
3940	6	6	0.021	1	0:00:02.210974
3960	2	2	0.507	1	0:00:02.210539
3980	9	-1	0.0	0	0:00:02.210544
4000	8	-1	0.0	0	0:00:02.210592
4020	8	8	0.379	1	0:00:02.210167
4040	0	0	0.528	1	0:00:02.210632
4060	6	6	0.458	1	0:00:02.212209
4080	1	1	0.667	1	0:00:02.210906
4100	7	7	0.8	1	0:00:02.210849
4120	4	4	0.488	1	0:00:02.210854
4140	5	3	0.68	0	0:00:02.210919
4160	5	5	0.162	1	0:00:02.211293
4180	0	8	0.187	0	0:00:02.210413
4200	4	4	0.284	1	0:00:02.211235
4220	4	0	0.227	0	0:00:02.210509
4240	7	7	0.117	1	0:00:02.210790
4260	8	8	0.531	1	0:00:02.211755
4280	8	0	0.0173	0	0:00:02.211246
4300	8	8	0.206	1	0:00:02.211667
4320	1	0	0.166	0	0:00:02.209781
4340	0	0	0.443	1	0:00:02.209487
4360	6	6	0.31	1	0:00:02.209860
4380	9	9	0.715	1	0:00:02.210541
4400	3	-1	0.0	0	0:00:02.210212
4420	5	-1	0.0	0	0:00:02.209743
4440	2	2	0.123	1	0:00:02.210956
4460	9	9	0.3	1	0:00:02.209629
4480	9	9	0.494	1	0:00:02.210200
4500	3	3	0.0814	1	0:00:02.210088
4520	3	-1	0.0	0	0:00:02.209816
4540	9	9	0.626	1	0:00:02.209431
4560	1	1	0.455	1	0:00:02.210124
4580	6	4	0.0203	0	0:00:02.210822
4600	4	4	0.0591	1	0:00:02.209752
4620	7	3	0.0941	0	0:00:02.210423
4640	2	2	0.352	1	0:00:02.209652
4660	7	2	0.102	0	0:00:02.209957
4680	9	9	0.557	1	0:00:02.209843
4700	6	-1	0.0	0	0:00:02.210920
4720	8	8	0.0258	1	0:00:02.210351
4740	5	3	0.0951	0	0:00:02.209709
4760	3	3	0.0678	1	0:00:02.211494
4780	0	0	0.0874	1	0:00:02.209772
4800	9	9	0.7	1	0:00:02.210392
4820	3	5	0.0522	0	0:00:02.210922
4840	0	0	0.778	1	0:00:02.211081
4860	5	5	0.398	1	0:00:02.210944
4880	0	7	0.00207	0	0:00:02.211067
4900	3	3	0.289	1	0:00:02.210249
4920	7	7	0.425	1	0:00:02.210830
4940	6	6	0.347	1	0:00:02.210035
4960	4	4	0.0323	1	0:00:02.209844
4980	1	9	0.0512	0	0:00:02.210841
5000	7	7	0.8	1	0:00:02.209977
5020	8	8	0.8	1	0:00:02.212272
5040	3	3	0.0492	1	0:00:02.212239
5060	6	6	0.379	1	0:00:02.211031
5080	7	7	0.276	1	0:00:02.210361
5100	3	3	0.148	1	0:00:02.210971
5120	9	9	0.364	1	0:00:02.210975
5140	8	8	0.191	1	0:00:02.211386
5160	0	0	0.545	1	0:00:02.211488
5180	9	-1	0.0	0	0:00:02.211623
5200	3	2	0.229	0	0:00:02.209684
5220	0	0	0.387	1	0:00:02.211145
5240	1	9	0.223	0	0:00:02.211290
5260	0	0	0.778	1	0:00:02.209953
5280	0	0	0.162	1	0:00:02.212608
5300	9	9	0.113	1	0:00:02.209773
5320	7	-1	0.0	0	0:00:02.210174
5340	3	7	0.0461	0	0:00:02.209861
5360	9	9	0.451	1	0:00:02.209893
5380	1	1	0.364	1	0:00:02.210956
5400	9	9	0.18	1	0:00:02.210895
5420	6	6	0.42	1	0:00:02.210855
5440	9	9	0.52	1	0:00:02.211574
5460	0	2	0.21	0	0:00:02.210549
5480	1	1	0.612	1	0:00:02.210124
5500	8	8	0.472	1	0:00:02.210945
5520	4	-1	0.0	0	0:00:02.210524
5540	5	-1	0.0	0	0:00:02.211183
5560	3	6	0.091	0	0:00:02.211047
5580	5	3	0.0882	0	0:00:02.209780
5600	6	6	0.277	1	0:00:02.210375
5620	3	-1	0.0	0	0:00:02.211234
5640	2	3	0.0376	0	0:00:02.211355
5660	9	9	0.188	1	0:00:02.210537
5680	2	2	0.0415	1	0:00:02.209581
5700	3	-1	0.0	0	0:00:02.210020
5720	9	9	0.677	1	0:00:02.210328
5740	6	-1	0.0	0	0:00:02.209900
5760	2	2	0.134	1	0:00:02.210328
5780	7	7	0.8	1	0:00:02.210954
5800	2	-1	0.0	0	0:00:02.209965
5820	5	-1	0.0	0	0:00:02.210319
5840	2	2	0.0323	1	0:00:02.211089
5860	0	0	0.0837	1	0:00:02.213423
5880	0	0	0.388	1	0:00:02.212092
5900	4	2	0.268	0	0:00:02.211659
5920	8	8	0.544	1	0:00:02.210745
5940	7	-1	0.0	0	0:00:02.210097
5960	2	6	0.0775	0	0:00:02.210578
5980	9	9	0.778	1	0:00:02.210372
6000	8	9	0.284	0	0:00:02.210336
6020	6	6	0.293	1	0:00:02.210391
6040	2	-1	0.0	0	0:00:02.210149
6060	3	-1	0.0	0	0:00:02.210205
6080	1	1	0.395	1	0:00:02.210441
6100	1	1	0.366	1	0:00:02.210289
6120	5	5	0.178	1	0:00:02.210690
6140	9	9	0.71	1	0:00:02.210429
6160	2	2	0.168	1	0:00:02.210271
6180	0	0	0.164	1	0:00:02.210992
6200	3	-1	0.0	0	0:00:02.210932
6220	2	-1	0.0	0	0:00:02.210003
6240	2	2	0.483	1	0:00:02.210720
6260	2	-1	0.0	0	0:00:02.211491
6280	8	-1	0.0	0	0:00:02.211229
6300	1	1	0.369	1	0:00:02.209934
6320	0	0	0.662	1	0:00:02.210870
6340	3	3	0.171	1	0:00:02.211942
6360	2	2	0.0392	1	0:00:02.210684
6380	3	-1	0.0	0	0:00:02.210284
6400	0	0	0.203	1	0:00:02.210161
6420	7	7	0.262	1	0:00:02.209861
6440	3	-1	0.0	0	0:00:02.210052
6460	3	3	0.0988	1	0:00:02.210090
6480	0	0	0.218	1	0:00:02.209893
6500	7	-1	0.0	0	0:00:02.212183
6520	6	6	0.411	1	0:00:02.210216
6540	8	8	0.49	1	0:00:02.210038
6560	6	2	0.00458	0	0:00:02.209960
6580	1	1	0.0381	1	0:00:02.210042
6600	7	7	0.705	1	0:00:02.210157
6620	7	7	0.268	1	0:00:02.210438
6640	5	3	0.155	0	0:00:02.209990
6660	0	0	0.649	1	0:00:02.208605
6680	3	3	0.119	1	0:00:02.209686
6700	6	6	0.452	1	0:00:02.209182
6720	2	2	0.251	1	0:00:02.209836
6740	2	2	0.118	1	0:00:02.209611
6760	5	5	0.778	1	0:00:02.209755
6780	7	7	0.8	1	0:00:02.209850
6800	6	2	0.188	0	0:00:02.210050
6820	1	1	0.268	1	0:00:02.211226
6840	9	9	0.366	1	0:00:02.210137
6860	0	2	0.044	0	0:00:02.209561
6880	2	2	0.0701	1	0:00:02.210079
6900	3	3	0.0617	1	0:00:02.210010
6920	5	2	0.242	0	0:00:02.209804
6940	1	1	0.764	1	0:00:02.210611
6960	9	-1	0.0	0	0:00:02.209551
6980	0	0	0.0171	1	0:00:02.209931
7000	2	-1	0.0	0	0:00:02.211331
7020	7	7	0.544	1	0:00:02.211310
7040	7	-1	0.0	0	0:00:02.212351
7060	8	8	0.764	1	0:00:02.210789
7080	5	-1	0.0	0	0:00:02.210850
7100	9	3	0.15	0	0:00:02.209862
7120	7	7	0.295	1	0:00:02.210212
7140	4	4	0.129	1	0:00:02.210238
7160	5	5	0.188	1	0:00:02.210257
7180	6	6	0.585	1	0:00:02.210193
7200	4	6	0.0124	0	0:00:02.211000
7220	9	9	0.513	1	0:00:02.209576
7240	0	0	0.273	1	0:00:02.210016
7260	1	1	0.538	1	0:00:02.210513
7280	1	9	0.371	0	0:00:02.210847
7300	3	3	0.151	1	0:00:02.211248
7320	8	0	0.161	0	0:00:02.211466
7340	2	2	0.4	1	0:00:02.209836
7360	2	-1	0.0	0	0:00:02.211827
7380	7	7	0.589	1	0:00:02.211028
7400	3	3	0.0697	1	0:00:02.211965
7420	3	2	0.0613	0	0:00:02.211117
7440	3	3	0.309	1	0:00:02.210167
7460	5	5	0.198	1	0:00:02.210195
7480	1	1	0.316	1	0:00:02.209454
7500	6	6	0.428	1	0:00:02.209817
7520	4	4	0.203	1	0:00:02.210107
7540	5	5	0.696	1	0:00:02.212161
7560	0	0	0.0117	1	0:00:02.213023
7580	8	0	0.293	0	0:00:02.210337
7600	8	-1	0.0	0	0:00:02.211171
7620	5	3	0.0638	0	0:00:02.210691
7640	9	9	0.375	1	0:00:02.209738
7660	7	7	0.423	1	0:00:02.210255
7680	3	5	0.047	0	0:00:02.209760
7700	6	6	0.597	1	0:00:02.210338
7720	5	-1	0.0	0	0:00:02.210660
7740	4	-1	0.0	0	0:00:02.210540
7760	2	9	0.106	0	0:00:02.210013
7780	3	8	0.0772	0	0:00:02.210818
7800	0	0	0.434	1	0:00:02.211648
7820	5	3	0.00276	0	0:00:02.211937
7840	1	1	0.664	1	0:00:02.210176
7860	8	8	0.276	1	0:00:02.210999
7880	0	0	0.519	1	0:00:02.211145
7900	0	0	0.00276	1	0:00:02.210692
7920	9	9	0.226	1	0:00:02.212988
7940	2	-1	0.0	0	0:00:02.212514
7960	0	0	0.285	1	0:00:02.211354
7980	3	3	0.147	1	0:00:02.210708
8000	9	9	0.297	1	0:00:02.211653
8020	6	3	0.195	0	0:00:02.210855
8040	2	2	0.753	1	0:00:02.210599
8060	6	6	0.559	1	0:00:02.210518
8080	4	4	0.143	1	0:00:02.211943
8100	6	6	0.292	1	0:00:02.211624
8120	8	9	0.292	0	0:00:02.212798
8140	5	-1	0.0	0	0:00:02.211037
8160	6	6	0.58	1	0:00:02.212355
8180	4	4	0.271	1	0:00:02.211067
8200	3	2	0.0535	0	0:00:02.210130
8220	6	-1	0.0	0	0:00:02.210530
8240	7	7	0.634	1	0:00:02.211008
8260	1	1	0.448	1	0:00:02.210085
8280	4	-1	0.0	0	0:00:02.210079
8300	5	-1	0.0	0	0:00:02.210864
8320	7	4	0.0302	0	0:00:02.210661
8340	5	3	0.162	0	0:00:02.210849
8360	7	7	0.628	1	0:00:02.210289
8380	9	9	0.667	1	0:00:02.210311
8400	0	0	0.0864	1	0:00:02.211329
8420	3	6	0.193	0	0:00:02.211487
8440	5	5	0.0554	1	0:00:02.211796
8460	8	8	0.572	1	0:00:02.211086
8480	2	-1	0.0	0	0:00:02.212266
8500	4	4	0.265	1	0:00:02.211683
8520	8	8	0.202	1	0:00:02.210820
8540	4	4	0.0515	1	0:00:02.210853
8560	7	7	0.488	1	0:00:02.209772
8580	3	2	0.147	0	0:00:02.210904
8600	3	3	0.178	1	0:00:02.211231
8620	3	2	0.363	0	0:00:02.211361
8640	1	1	0.337	1	0:00:02.211727
8660	7	5	0.129	0	0:00:02.211666
8680	3	-1	0.0	0	0:00:02.210167
8700	3	3	0.0206	1	0:00:02.209973
8720	2	0	0.728	0	0:00:02.209821
8740	2	2	0.251	1	0:00:02.210720
8760	8	8	0.475	1	0:00:02.210022
8780	4	4	0.37	1	0:00:02.210090
8800	0	0	0.8	1	0:00:02.210850
8820	2	2	0.728	1	0:00:02.210347
8840	2	7	0.243	0	0:00:02.210595
8860	2	2	0.61	1	0:00:02.210249
8880	1	1	0.667	1	0:00:02.211233
8900	2	4	0.0114	0	0:00:02.210508
8920	6	6	0.386	1	0:00:02.210379
8940	6	-1	0.0	0	0:00:02.210309
8960	0	0	0.0096	1	0:00:02.210745
8980	9	9	0.644	1	0:00:02.210229
9000	8	8	0.552	1	0:00:02.210622
9020	7	7	0.188	1	0:00:02.210119
9040	2	5	0.282	0	0:00:02.210078
9060	9	9	0.591	1	0:00:02.210268
9080	3	2	0.123	0	0:00:02.211554
9100	9	9	0.0456	1	0:00:02.210631
9120	3	3	0.282	1	0:00:02.209714
9140	7	-1	0.0	0	0:00:02.210581
9160	5	3	0.144	0	0:00:02.211320
9180	5	5	0.778	1	0:00:02.211483
9200	8	8	0.243	1	0:00:02.210895
9220	8	0	0.126	0	0:00:02.210386
9240	8	8	0.337	1	0:00:02.209939
9260	5	3	0.184	0	0:00:02.210728
9280	9	-1	0.0	0	0:00:02.210566
9300	5	2	0.0727	0	0:00:02.210655
9320	9	9	0.255	1	0:00:02.210623
9340	1	1	0.8	1	0:00:02.210076
9360	5	-1	0.0	0	0:00:02.210526
9380	5	3	0.157	0	0:00:02.210079
9400	6	6	0.673	1	0:00:02.210262
9420	5	5	0.194	1	0:00:02.210324
9440	8	8	0.214	1	0:00:02.210312
9460	3	3	0.0545	1	0:00:02.210191
9480	2	2	0.0663	1	0:00:02.210298
9500	9	9	0.239	1	0:00:02.211021
9520	1	1	0.0715	1	0:00:02.212146
9540	5	5	0.208	1	0:00:02.211685
9560	9	-1	0.0	0	0:00:02.211369
9580	1	1	0.753	1	0:00:02.214992
9600	8	8	0.403	1	0:00:02.210323
9620	4	4	0.169	1	0:00:02.211178
9640	5	2	0.146	0	0:00:02.209958
9660	6	6	0.461	1	0:00:02.210358
9680	8	8	0.179	1	0:00:02.210308
9700	0	0	0.335	1	0:00:02.210930
9720	8	8	0.0691	1	0:00:02.212081
9740	3	6	0.474	0	0:00:02.212527
9760	9	-1	0.0	0	0:00:02.211867
9780	4	-1	0.0	0	0:00:02.210577
9800	1	1	0.778	1	0:00:02.209405
9820	0	0	0.116	1	0:00:02.210902
9840	4	7	0.314	0	0:00:02.211627
9860	0	-1	0.0	0	0:00:02.212468
9880	7	7	0.0689	1	0:00:02.211497
9900	8	8	0.404	1	0:00:02.211396
9920	6	6	0.612	1	0:00:02.212039
9940	4	-1	0.0	0	0:00:02.211169
9960	2	0	0.8	0	0:00:02.211234
9980	0	0	0.721	1	0:00:02.211644
