idx	label	predict	radius	correct	time
0	0	-1	0.0	0	0:00:30.460511
20	0	0	0.8	1	0:00:07.021349
40	0	0	0.8	1	0:00:07.183542
60	1	1	0.541	1	0:00:07.173669
80	1	-1	0.0	0	0:00:07.032071
100	2	2	0.544	1	0:00:07.014090
120	2	2	0.632	1	0:00:07.047419
140	2	2	0.298	1	0:00:07.030026
160	3	3	0.156	1	0:00:07.033954
180	3	3	0.8	1	0:00:07.037708
200	4	395	0.163	0	0:00:07.036562
220	4	-1	0.0	0	0:00:07.145907
240	4	-1	0.0	0	0:00:07.052690
260	5	6	0.11	0	0:00:07.130724
280	5	5	0.8	1	0:00:07.200080
300	6	6	0.488	1	0:00:07.219271
320	6	6	0.352	1	0:00:07.235943
340	6	6	0.367	1	0:00:07.257914
360	7	7	0.47	1	0:00:10.556642
380	7	7	0.8	1	0:00:13.932154
400	8	8	0.764	1	0:00:14.552135
420	8	-1	0.0	0	0:00:13.881843
440	8	8	0.71	1	0:00:14.275246
460	9	9	0.8	1	0:00:14.884243
480	9	9	0.158	1	0:00:14.216337
500	10	10	0.628	1	0:00:14.809016
520	10	-1	0.0	0	0:00:14.931205
540	10	10	0.132	1	0:00:14.234225
560	11	11	0.375	1	0:00:14.240417
580	11	11	0.603	1	0:00:14.242653
600	12	12	0.517	1	0:00:14.758671
620	12	12	0.8	1	0:00:14.330260
640	12	12	0.457	1	0:00:14.732000
660	13	13	0.8	1	0:00:14.425445
680	13	13	0.238	1	0:00:14.342722
700	14	14	0.8	1	0:00:14.289610
720	14	14	0.8	1	0:00:14.483437
740	14	14	0.753	1	0:00:14.405408
760	15	15	0.8	1	0:00:14.518788
780	15	-1	0.0	0	0:00:14.809818
800	16	16	0.8	1	0:00:14.604665
820	16	16	0.677	1	0:00:14.336530
840	16	16	0.8	1	0:00:14.408016
860	17	17	0.8	1	0:00:14.591611
880	17	17	0.283	1	0:00:14.359290
900	18	18	0.0988	1	0:00:14.535613
920	18	18	0.764	1	0:00:14.681728
940	18	18	0.8	1	0:00:14.372911
960	19	19	0.376	1	0:00:14.352405
980	19	19	0.53	1	0:00:14.732071
1000	20	20	0.728	1	0:00:14.231603
1020	20	20	0.8	1	0:00:14.725045
1040	20	20	0.8	1	0:00:14.379031
1060	21	22	0.204	0	0:00:14.371534
1080	21	21	0.0342	1	0:00:14.569395
1100	22	21	0.393	0	0:00:14.692037
1120	22	22	0.8	1	0:00:14.237051
1140	22	22	0.8	1	0:00:14.895093
1160	23	23	0.8	1	0:00:14.629288
1180	23	23	0.8	1	0:00:14.403557
1200	24	24	0.8	1	0:00:14.338563
1220	24	83	0.144	0	0:00:14.314614
1240	24	24	0.8	1	0:00:14.498630
1260	25	26	0.0168	0	0:00:14.317230
1280	25	25	0.23	1	0:00:14.414039
1300	26	26	0.306	1	0:00:14.802277
1320	26	26	0.0291	1	0:00:14.714517
1340	26	26	0.8	1	0:00:14.356563
1360	27	27	0.8	1	0:00:14.389376
1380	27	27	0.7	1	0:00:14.451760
1400	28	28	0.0124	1	0:00:14.598275
1420	28	28	0.8	1	0:00:14.838788
1440	28	28	0.753	1	0:00:14.413345
1460	29	29	0.8	1	0:00:14.713169
1480	29	96	0.0512	0	0:00:14.305675
1500	30	30	0.34	1	0:00:14.565676
1520	30	-1	0.0	0	0:00:14.502727
1540	30	32	0.604	0	0:00:14.446640
1560	31	31	0.647	1	0:00:14.746255
1580	31	31	0.8	1	0:00:14.438903
1600	32	-1	0.0	0	0:00:14.772848
1620	32	32	0.238	1	0:00:14.331095
1640	32	-1	0.0	0	0:00:14.752369
1660	33	33	0.64	1	0:00:14.488968
1680	33	33	0.68	1	0:00:14.429111
1700	34	34	0.176	1	0:00:14.319025
1720	34	34	0.106	1	0:00:14.519728
1740	34	34	0.51	1	0:00:14.415148
1760	35	35	0.778	1	0:00:14.441757
1780	35	35	0.349	1	0:00:14.531606
1800	36	37	0.169	0	0:00:14.483347
1820	36	-1	0.0	0	0:00:14.742749
1840	36	35	0.71	0	0:00:14.717347
1860	37	37	0.269	1	0:00:14.277737
1880	37	37	0.357	1	0:00:14.534548
1900	38	38	0.628	1	0:00:14.363022
1920	38	38	0.317	1	0:00:14.338494
1940	38	38	0.8	1	0:00:14.608152
1960	39	46	0.8	0	0:00:14.531635
1980	39	39	0.55	1	0:00:14.549979
2000	40	-1	0.0	0	0:00:14.679367
2020	40	40	0.487	1	0:00:14.755985
2040	40	46	0.42	0	0:00:14.719694
2060	41	41	0.8	1	0:00:14.401182
2080	41	-1	0.0	0	0:00:14.563185
2100	42	-1	0.0	0	0:00:14.672420
2120	42	42	0.49	1	0:00:14.496403
2140	42	-1	0.0	0	0:00:14.397968
2160	43	43	0.664	1	0:00:14.760451
2180	43	43	0.204	1	0:00:14.351120
2200	44	44	0.705	1	0:00:14.489313
2220	44	44	0.715	1	0:00:14.499945
2240	44	44	0.8	1	0:00:14.657660
2260	45	45	0.8	1	0:00:14.417464
2280	45	45	0.728	1	0:00:14.350180
2300	46	46	0.275	1	0:00:14.256173
2320	46	-1	0.0	0	0:00:14.715675
2340	46	46	0.119	1	0:00:14.349792
2360	47	44	0.0106	0	0:00:14.786313
2380	47	47	0.214	1	0:00:14.452723
2400	48	48	0.271	1	0:00:14.480626
2420	48	48	0.296	1	0:00:14.438280
2440	48	-1	0.0	0	0:00:14.534447
2460	49	50	0.662	0	0:00:14.592716
2480	49	-1	0.0	0	0:00:14.733317
2500	50	50	0.177	1	0:00:14.447538
2520	50	50	0.423	1	0:00:15.046300
2540	50	-1	0.0	0	0:00:14.583206
2560	51	51	0.8	1	0:00:14.589491
2580	51	51	0.8	1	0:00:14.581990
2600	52	-1	0.0	0	0:00:14.539162
2620	52	52	0.449	1	0:00:14.707393
2640	52	53	0.0715	0	0:00:14.297649
2660	53	53	0.363	1	0:00:14.444193
2680	53	53	0.0187	1	0:00:14.383884
2700	54	57	0.8	0	0:00:14.732307
2720	54	57	0.8	0	0:00:14.698105
2740	54	54	0.778	1	0:00:14.167262
2760	55	59	0.0735	0	0:00:14.512882
2780	55	55	0.123	1	0:00:14.218385
2800	56	56	0.8	1	0:00:14.269490
2820	56	56	0.8	1	0:00:14.750905
2840	56	56	0.743	1	0:00:14.478667
2860	57	57	0.8	1	0:00:14.817218
2880	57	57	0.0163	1	0:00:14.536847
2900	58	114	0.125	0	0:00:14.598722
2920	58	-1	0.0	0	0:00:14.307078
2940	58	-1	0.0	0	0:00:14.647653
2960	59	59	0.8	1	0:00:14.357979
2980	59	59	0.8	1	0:00:14.506521
3000	60	61	0.8	0	0:00:14.819521
3020	60	66	0.764	0	0:00:14.441468
3040	60	53	0.38	0	0:00:14.524249
3060	61	66	0.137	0	0:00:14.465191
3080	61	61	0.8	1	0:00:14.478520
3100	62	61	0.638	0	0:00:14.802066
3120	62	621	0.209	0	0:00:14.493726
3140	62	-1	0.0	0	0:00:14.401994
3160	63	63	0.8	1	0:00:14.638451
3180	63	63	0.8	1	0:00:14.143128
3200	64	64	0.778	1	0:00:14.643067
3220	64	55	0.0229	0	0:00:14.308265
3240	64	-1	0.0	0	0:00:14.701097
3260	65	65	0.458	1	0:00:14.757220
3280	65	65	0.173	1	0:00:14.736948
3300	66	61	0.13	0	0:00:14.385449
3320	66	66	0.204	1	0:00:14.362365
3340	66	-1	0.0	0	0:00:14.555484
3360	67	-1	0.0	0	0:00:14.518996
3380	67	67	0.764	1	0:00:14.172948
3400	68	111	0.171	0	0:00:14.417468
3420	68	68	0.354	1	0:00:14.562696
3440	68	66	0.71	0	0:00:14.497937
3460	69	69	0.251	1	0:00:14.504403
3480	69	69	0.8	1	0:00:14.421067
3500	70	70	0.8	1	0:00:14.494134
3520	70	70	0.589	1	0:00:14.467962
3540	70	70	0.8	1	0:00:14.772466
3560	71	71	0.262	1	0:00:14.505082
3580	71	71	0.8	1	0:00:14.370996
3600	72	72	0.8	1	0:00:14.543215
3620	72	72	0.8	1	0:00:14.268783
3640	72	72	0.8	1	0:00:14.354707
3660	73	78	0.0326	0	0:00:14.591275
3680	73	815	0.202	0	0:00:14.586163
3700	74	-1	0.0	0	0:00:14.368064
3720	74	-1	0.0	0	0:00:14.548483
3740	74	74	0.516	1	0:00:14.441885
3760	75	75	0.778	1	0:00:14.478431
3780	75	75	0.778	1	0:00:14.483440
3800	76	76	0.764	1	0:00:14.449094
3820	76	76	0.8	1	0:00:14.305758
3840	76	76	0.8	1	0:00:14.345868
3860	77	77	0.8	1	0:00:14.288305
3880	77	77	0.16	1	0:00:14.394920
3900	78	78	0.71	1	0:00:14.306292
3920	78	70	0.728	0	0:00:14.427405
3940	78	78	0.8	1	0:00:14.292218
3960	79	79	0.503	1	0:00:14.458432
3980	79	69	0.264	0	0:00:14.343431
4000	80	80	0.8	1	0:00:14.298314
4020	80	80	0.735	1	0:00:14.493636
4040	80	80	0.8	1	0:00:14.399770
4060	81	81	0.254	1	0:00:14.226820
4080	81	81	0.8	1	0:00:14.516128
4100	82	82	0.764	1	0:00:14.815038
4120	82	82	0.8	1	0:00:14.459297
4140	82	82	0.8	1	0:00:14.583014
4160	83	-1	0.0	0	0:00:14.425284
4180	83	83	0.8	1	0:00:14.912353
4200	84	84	0.37	1	0:00:14.312404
4220	84	84	0.8	1	0:00:14.454731
4240	84	84	0.8	1	0:00:14.130989
4260	85	86	0.289	0	0:00:14.540202
4280	85	85	0.8	1	0:00:14.681896
4300	86	86	0.8	1	0:00:14.759331
4320	86	86	0.8	1	0:00:14.578198
4340	86	86	0.8	1	0:00:14.275853
4360	87	87	0.8	1	0:00:14.797978
4380	87	87	0.559	1	0:00:14.408101
4400	88	88	0.544	1	0:00:14.740509
4420	88	21	0.398	0	0:00:14.468032
4440	88	88	0.8	1	0:00:14.556634
4460	89	89	0.8	1	0:00:14.257625
4480	89	89	0.414	1	0:00:14.516676
4500	90	90	0.8	1	0:00:14.227337
4520	90	90	0.8	1	0:00:14.417014
4540	90	90	0.8	1	0:00:14.446199
4560	91	91	0.8	1	0:00:14.611451
4580	91	91	0.8	1	0:00:14.540661
4600	92	-1	0.0	0	0:00:14.431314
4620	92	92	0.8	1	0:00:14.341438
4640	92	92	0.778	1	0:00:14.483394
4660	93	93	0.8	1	0:00:14.549767
4680	93	93	0.8	1	0:00:14.477372
4700	94	94	0.8	1	0:00:14.687139
4720	94	94	0.461	1	0:00:14.576662
4740	94	94	0.8	1	0:00:14.210914
4760	95	95	0.8	1	0:00:14.541842
4780	95	95	0.8	1	0:00:14.681844
4800	96	96	0.8	1	0:00:14.526372
4820	96	96	0.8	1	0:00:14.458914
4840	96	96	0.8	1	0:00:14.930192
4860	97	97	0.8	1	0:00:14.556613
4880	97	97	0.764	1	0:00:14.288009
4900	98	98	0.483	1	0:00:14.833983
4920	98	98	0.8	1	0:00:14.372072
4940	98	98	0.286	1	0:00:14.413479
4960	99	99	0.124	1	0:00:14.900365
4980	99	99	0.0842	1	0:00:14.559000
5000	100	100	0.8	1	0:00:14.728007
5020	100	100	0.8	1	0:00:14.725868
5040	100	100	0.125	1	0:00:14.634613
5060	101	101	0.649	1	0:00:14.647107
5080	101	-1	0.0	0	0:00:14.732580
5100	102	102	0.8	1	0:00:14.366720
5120	102	102	0.8	1	0:00:14.552232
5140	102	102	0.8	1	0:00:14.529717
5160	103	103	0.8	1	0:00:14.627032
5180	103	103	0.618	1	0:00:14.549183
5200	104	104	0.311	1	0:00:14.786814
5220	104	-1	0.0	0	0:00:14.772647
5240	104	-1	0.0	0	0:00:14.622174
5260	105	105	0.8	1	0:00:14.423423
5280	105	105	0.764	1	0:00:14.432889
5300	106	106	0.294	1	0:00:14.581397
5320	106	106	0.106	1	0:00:14.604748
5340	106	106	0.525	1	0:00:14.587735
5360	107	34	0.0571	0	0:00:14.493312
5380	107	-1	0.0	0	0:00:14.442907
5400	108	-1	0.0	0	0:00:14.519229
5420	108	108	0.778	1	0:00:14.747101
5440	108	108	0.8	1	0:00:14.410952
5460	109	109	0.251	1	0:00:14.460832
5480	109	109	0.584	1	0:00:14.290433
5500	110	110	0.764	1	0:00:14.458724
5520	110	110	0.8	1	0:00:14.488808
5540	110	110	0.8	1	0:00:14.362179
5560	111	111	0.453	1	0:00:14.787614
5580	111	111	0.8	1	0:00:14.521065
5600	112	112	0.165	1	0:00:14.660079
5620	112	-1	0.0	0	0:00:14.564287
5640	112	113	0.145	0	0:00:14.562269
5660	113	-1	0.0	0	0:00:14.524921
5680	113	113	0.0795	1	0:00:14.419189
5700	114	113	0.221	0	0:00:14.522616
5720	114	114	0.499	1	0:00:14.507895
5740	114	114	0.743	1	0:00:14.527171
5760	115	-1	0.0	0	0:00:14.437548
5780	115	115	0.518	1	0:00:14.530611
5800	116	116	0.8	1	0:00:14.792304
5820	116	-1	0.0	0	0:00:14.396117
5840	116	-1	0.0	0	0:00:14.451641
5860	117	117	0.664	1	0:00:14.590076
5880	117	117	0.778	1	0:00:14.792673
5900	118	118	0.778	1	0:00:14.632601
5920	118	118	0.63	1	0:00:14.364436
5940	118	-1	0.0	0	0:00:14.421973
5960	119	118	0.0343	0	0:00:14.446590
5980	119	-1	0.0	0	0:00:14.435177
6000	120	-1	0.0	0	0:00:14.494951
6020	120	120	0.101	1	0:00:14.535029
6040	120	120	0.721	1	0:00:14.491732
6060	121	121	0.8	1	0:00:14.343331
6080	121	121	0.753	1	0:00:14.455287
6100	122	122	0.361	1	0:00:14.887052
6120	122	122	0.124	1	0:00:14.386312
6140	122	122	0.764	1	0:00:14.644425
6160	123	-1	0.0	0	0:00:14.197934
6180	123	123	0.778	1	0:00:14.266232
6200	124	124	0.201	1	0:00:14.414885
6220	124	-1	0.0	0	0:00:14.413764
6240	124	-1	0.0	0	0:00:14.677065
6260	125	125	0.673	1	0:00:14.566422
6280	125	125	0.764	1	0:00:14.544420
6300	126	126	0.8	1	0:00:14.648263
6320	126	125	0.165	0	0:00:14.522868
6340	126	126	0.12	1	0:00:14.435187
6360	127	127	0.8	1	0:00:14.200775
6380	127	127	0.374	1	0:00:14.776681
6400	128	128	0.8	1	0:00:14.611461
6420	128	128	0.705	1	0:00:14.602512
6440	128	128	0.8	1	0:00:14.436060
6460	129	129	0.8	1	0:00:14.364901
6480	129	129	0.8	1	0:00:14.729518
6500	130	130	0.691	1	0:00:14.461306
6520	130	130	0.8	1	0:00:14.620550
6540	130	601	0.331	0	0:00:14.564860
6560	131	131	0.387	1	0:00:14.629724
6580	131	132	0.8	0	0:00:14.801305
6600	132	132	0.664	1	0:00:14.328538
6620	132	132	0.8	1	0:00:14.630766
6640	132	132	0.245	1	0:00:14.710762
6660	133	337	0.369	0	0:00:14.519056
6680	133	133	0.368	1	0:00:14.724512
6700	134	132	0.654	0	0:00:14.741851
6720	134	134	0.584	1	0:00:14.387658
6740	134	138	0.0027	0	0:00:14.597834
6760	135	135	0.8	1	0:00:14.285293
6780	135	135	0.8	1	0:00:14.295579
6800	136	136	0.8	1	0:00:14.551166
6820	136	136	0.778	1	0:00:14.377351
6840	136	136	0.778	1	0:00:14.525537
6860	137	137	0.8	1	0:00:14.632653
6880	137	148	0.41	0	0:00:14.648677
6900	138	138	0.8	1	0:00:14.368253
6920	138	138	0.8	1	0:00:14.536135
6940	138	138	0.667	1	0:00:14.670981
6960	139	139	0.8	1	0:00:14.525430
6980	139	139	0.8	1	0:00:14.671919
7000	140	140	0.8	1	0:00:14.642707
7020	140	141	0.0249	0	0:00:14.552168
7040	140	140	0.434	1	0:00:14.451804
7060	141	-1	0.0	0	0:00:14.550027
7080	141	141	0.515	1	0:00:14.665828
7100	142	142	0.8	1	0:00:14.608687
7120	142	142	0.8	1	0:00:14.475796
7140	142	142	0.8	1	0:00:14.469593
7160	143	143	0.241	1	0:00:14.234293
7180	143	143	0.8	1	0:00:14.605689
7200	144	144	0.0827	1	0:00:14.193767
7220	144	144	0.8	1	0:00:14.400032
7240	144	144	0.651	1	0:00:14.400733
7260	145	145	0.8	1	0:00:14.487078
7280	145	145	0.8	1	0:00:14.265347
7300	146	146	0.0367	1	0:00:14.772125
7320	146	146	0.526	1	0:00:14.587011
7340	146	146	0.8	1	0:00:14.205310
7360	147	147	0.312	1	0:00:14.343564
7380	147	147	0.677	1	0:00:14.563306
7400	148	148	0.8	1	0:00:14.497055
7420	148	148	0.8	1	0:00:14.268965
7440	148	148	0.8	1	0:00:14.608755
7460	149	149	0.8	1	0:00:14.397359
7480	149	149	0.8	1	0:00:14.558667
7500	150	360	0.419	0	0:00:14.648263
7520	150	150	0.34	1	0:00:14.806831
7540	150	-1	0.0	0	0:00:14.518044
7560	151	151	0.435	1	0:00:14.391512
7580	151	245	0.112	0	0:00:14.290763
7600	152	152	0.499	1	0:00:14.551565
7620	152	152	0.36	1	0:00:14.660735
7640	152	152	0.0937	1	0:00:14.587596
7660	153	153	0.451	1	0:00:14.521369
7680	153	-1	0.0	0	0:00:14.500586
7700	154	259	0.0422	0	0:00:14.548195
7720	154	154	0.628	1	0:00:14.666038
7740	154	154	0.491	1	0:00:14.312662
7760	155	-1	0.0	0	0:00:14.636640
7780	155	155	0.248	1	0:00:14.674367
7800	156	156	0.8	1	0:00:14.663627
7820	156	156	0.8	1	0:00:14.529477
7840	156	156	0.687	1	0:00:14.421834
7860	157	157	0.0278	1	0:00:14.330003
7880	157	157	0.715	1	0:00:14.582069
7900	158	158	0.644	1	0:00:14.468019
7920	158	195	0.705	0	0:00:14.689186
7940	158	158	0.0249	1	0:00:14.387625
7960	159	159	0.465	1	0:00:14.734293
7980	159	159	0.577	1	0:00:14.466682
8000	160	160	0.778	1	0:00:14.576284
8020	160	160	0.292	1	0:00:14.669154
8040	160	-1	0.0	0	0:00:14.799482
8060	161	161	0.544	1	0:00:14.484640
8080	161	166	0.176	0	0:00:14.619561
8100	162	162	0.8	1	0:00:14.463317
8120	162	162	0.71	1	0:00:14.639083
8140	162	162	0.8	1	0:00:14.492841
8160	163	244	0.0101	0	0:00:14.450141
8180	163	281	0.194	0	0:00:14.629844
8200	164	164	0.216	1	0:00:14.579811
8220	164	-1	0.0	0	0:00:14.470161
8240	164	164	0.8	1	0:00:14.993017
8260	165	236	0.137	0	0:00:14.590958
8280	165	-1	0.0	0	0:00:14.617222
8300	166	162	0.515	0	0:00:14.640022
8320	166	162	0.393	0	0:00:14.229201
8340	166	162	0.259	0	0:00:14.670806
8360	167	162	0.0198	0	0:00:14.718663
8380	167	166	0.125	0	0:00:14.523072
8400	168	168	0.0393	1	0:00:14.633043
8420	168	168	0.177	1	0:00:14.520185
8440	168	168	0.405	1	0:00:14.346036
8460	169	-1	0.0	0	0:00:14.572685
8480	169	169	0.764	1	0:00:14.608674
8500	170	172	0.177	0	0:00:14.569631
8520	170	202	0.408	0	0:00:14.526901
8540	170	192	0.0876	0	0:00:14.877270
8560	171	173	0.048	0	0:00:14.603639
8580	171	171	0.148	1	0:00:14.307313
8600	172	-1	0.0	0	0:00:14.614260
8620	172	172	0.654	1	0:00:14.671567
8640	172	253	0.0769	0	0:00:14.612739
8660	173	173	0.8	1	0:00:14.460799
8680	173	173	0.261	1	0:00:14.446498
8700	174	174	0.585	1	0:00:14.740892
8720	174	174	0.386	1	0:00:14.407665
8740	174	174	0.687	1	0:00:14.622695
8760	175	175	0.261	1	0:00:14.421905
8780	175	-1	0.0	0	0:00:14.619640
8800	176	176	0.599	1	0:00:14.597240
8820	176	171	0.0586	0	0:00:14.639283
8840	176	176	0.753	1	0:00:14.565504
8860	177	177	0.64	1	0:00:14.276326
8880	177	177	0.529	1	0:00:14.450533
8900	178	178	0.8	1	0:00:14.639615
8920	178	-1	0.0	0	0:00:14.513088
8940	178	178	0.753	1	0:00:14.391331
8960	179	-1	0.0	0	0:00:14.573920
8980	179	179	0.446	1	0:00:14.558754
9000	180	180	0.113	1	0:00:14.545026
9020	180	151	0.00809	0	0:00:14.520223
9040	180	-1	0.0	0	0:00:14.398041
9060	181	-1	0.0	0	0:00:14.795647
9080	181	181	0.243	1	0:00:14.630764
9100	182	-1	0.0	0	0:00:14.431353
9120	182	-1	0.0	0	0:00:14.633358
9140	182	182	0.132	1	0:00:14.379519
9160	183	-1	0.0	0	0:00:14.425322
9180	183	197	0.504	0	0:00:14.560604
9200	184	-1	0.0	0	0:00:14.548635
9220	184	827	0.152	0	0:00:14.274662
9240	184	184	0.531	1	0:00:14.419843
9260	185	185	0.476	1	0:00:14.534064
9280	185	185	0.691	1	0:00:14.549600
9300	186	192	0.502	0	0:00:14.592266
9320	186	186	0.148	1	0:00:14.705553
9340	186	-1	0.0	0	0:00:14.645951
9360	187	-1	0.0	0	0:00:14.317806
9380	187	200	0.251	0	0:00:14.345989
9400	188	188	0.664	1	0:00:14.840391
9420	188	-1	0.0	0	0:00:14.427076
9440	188	-1	0.0	0	0:00:14.513490
9460	189	189	0.112	1	0:00:14.827986
9480	189	189	0.8	1	0:00:14.405533
9500	190	190	0.8	1	0:00:14.411346
9520	190	190	0.0864	1	0:00:14.470252
9540	190	190	0.8	1	0:00:14.211922
9560	191	191	0.516	1	0:00:14.471458
9580	191	191	0.8	1	0:00:14.537748
9600	192	199	0.472	0	0:00:14.451054
9620	192	192	0.0744	1	0:00:14.739835
9640	192	192	0.237	1	0:00:14.423543
9660	193	-1	0.0	0	0:00:14.532861
9680	193	-1	0.0	0	0:00:14.754996
9700	194	-1	0.0	0	0:00:14.805040
9720	194	200	0.0473	0	0:00:14.344033
9740	194	194	0.577	1	0:00:14.384131
9760	195	195	0.8	1	0:00:14.314843
9780	195	195	0.8	1	0:00:14.306132
9800	196	199	0.778	0	0:00:14.362419
9820	196	196	0.8	1	0:00:14.382431
9840	196	198	0.8	0	0:00:14.193749
9860	197	197	0.461	1	0:00:14.756346
9880	197	-1	0.0	0	0:00:14.551988
9900	198	196	0.0447	0	0:00:14.481265
9920	198	198	0.8	1	0:00:14.335475
9940	198	-1	0.0	0	0:00:14.536992
9960	199	203	0.8	0	0:00:14.419187
9980	199	199	0.8	1	0:00:14.727302
10000	200	160	0.136	0	0:00:14.477349
10020	200	202	0.0527	0	0:00:14.646726
10040	200	200	0.118	1	0:00:14.278467
10060	201	201	0.257	1	0:00:14.584737
10080	201	201	0.125	1	0:00:14.403759
10100	202	202	0.753	1	0:00:14.478864
10120	202	184	0.103	0	0:00:14.358905
10140	202	202	0.298	1	0:00:14.303101
10160	203	-1	0.0	0	0:00:14.348166
10180	203	203	0.8	1	0:00:14.754794
10200	204	204	0.143	1	0:00:14.375342
10220	204	153	0.511	0	0:00:14.264436
10240	204	155	0.621	0	0:00:14.691494
10260	205	205	0.497	1	0:00:14.455398
10280	205	205	0.366	1	0:00:14.791942
10300	206	206	0.8	1	0:00:14.424638
10320	206	206	0.0846	1	0:00:14.516288
10340	206	206	0.447	1	0:00:14.293647
10360	207	207	0.576	1	0:00:14.712491
10380	207	213	0.0553	0	0:00:14.467863
10400	208	208	0.595	1	0:00:14.777095
10420	208	208	0.461	1	0:00:14.250869
10440	208	208	0.0568	1	0:00:14.354176
10460	209	209	0.322	1	0:00:14.367210
10480	209	208	0.394	0	0:00:14.507891
10500	210	208	0.0217	0	0:00:14.584906
10520	210	210	0.63	1	0:00:14.545171
10540	210	210	0.8	1	0:00:14.760061
10560	211	237	0.0117	0	0:00:14.307328
10580	211	-1	0.0	0	0:00:14.524404
10600	212	212	0.327	1	0:00:14.471944
10620	212	212	0.391	1	0:00:14.663471
10640	212	212	0.8	1	0:00:14.743352
10660	213	213	0.8	1	0:00:14.702565
10680	213	-1	0.0	0	0:00:14.431192
10700	214	214	0.547	1	0:00:14.406960
10720	214	214	0.477	1	0:00:14.664088
10740	214	214	0.778	1	0:00:14.691298
10760	215	215	0.15	1	0:00:14.256572
10780	215	-1	0.0	0	0:00:14.856147
10800	216	212	0.0207	0	0:00:14.509126
10820	216	216	0.8	1	0:00:14.479285
10840	216	216	0.118	1	0:00:14.324924
10860	217	217	0.582	1	0:00:14.464619
10880	217	217	0.8	1	0:00:14.363480
10900	218	218	0.8	1	0:00:14.422765
10920	218	218	0.705	1	0:00:14.488813
10940	218	218	0.8	1	0:00:14.362328
10960	219	219	0.556	1	0:00:14.634947
10980	219	217	0.26	0	0:00:14.632476
11000	220	220	0.691	1	0:00:14.406326
11020	220	219	0.495	0	0:00:14.609415
11040	220	220	0.662	1	0:00:14.626549
11060	221	221	0.0573	1	0:00:14.589430
11080	221	256	0.146	0	0:00:14.566015
11100	222	270	0.121	0	0:00:14.337553
11120	222	-1	0.0	0	0:00:14.376589
11140	222	222	0.121	1	0:00:14.531289
11160	223	223	0.443	1	0:00:14.470618
11180	223	224	0.027	0	0:00:14.391656
11200	224	-1	0.0	0	0:00:14.771775
11220	224	224	0.728	1	0:00:14.573799
11240	224	224	0.764	1	0:00:14.284603
11260	225	225	0.16	1	0:00:14.318371
11280	225	225	0.8	1	0:00:14.463717
11300	226	226	0.313	1	0:00:14.695299
11320	226	226	0.387	1	0:00:14.267947
11340	226	-1	0.0	0	0:00:14.859247
11360	227	227	0.623	1	0:00:14.414022
11380	227	227	0.29	1	0:00:14.375129
11400	228	228	0.691	1	0:00:14.538899
11420	228	228	0.8	1	0:00:14.421205
11440	228	228	0.8	1	0:00:14.384845
11460	229	229	0.728	1	0:00:14.569660
11480	229	229	0.8	1	0:00:14.615491
11500	230	230	0.28	1	0:00:14.182348
11520	230	230	0.464	1	0:00:14.764510
11540	230	230	0.615	1	0:00:14.433505
11560	231	230	0.8	0	0:00:14.593743
11580	231	231	0.119	1	0:00:14.529461
11600	232	232	0.7	1	0:00:14.327149
11620	232	152	0.14	0	0:00:14.408357
11640	232	232	0.409	1	0:00:14.676176
11660	233	197	0.214	0	0:00:14.757615
11680	233	183	0.0716	0	0:00:14.359682
11700	234	214	0.218	0	0:00:14.458506
11720	234	234	0.715	1	0:00:14.775168
11740	234	234	0.8	1	0:00:14.315442
11760	235	235	0.5	1	0:00:14.520325
11780	235	235	0.0102	1	0:00:14.349619
11800	236	234	0.102	0	0:00:14.234864
11820	236	236	0.778	1	0:00:14.562659
11840	236	234	0.125	0	0:00:14.522627
11860	237	237	0.8	1	0:00:14.463660
11880	237	234	0.136	0	0:00:14.437400
11900	238	241	0.255	0	0:00:14.564993
11920	238	238	0.575	1	0:00:14.403427
11940	238	238	0.0758	1	0:00:14.649278
11960	239	239	0.208	1	0:00:14.578289
11980	239	239	0.383	1	0:00:14.441788
12000	240	238	0.705	0	0:00:14.749864
12020	240	241	0.0817	0	0:00:14.732185
12040	240	-1	0.0	0	0:00:14.399809
12060	241	241	0.8	1	0:00:14.676528
12080	241	241	0.778	1	0:00:14.696935
12100	242	242	0.26	1	0:00:14.290381
12120	242	176	0.153	0	0:00:14.515286
12140	242	180	0.0134	0	0:00:14.380437
12160	243	243	0.651	1	0:00:14.767453
12180	243	243	0.437	1	0:00:14.564574
12200	244	244	0.8	1	0:00:14.465705
12220	244	244	0.8	1	0:00:14.298485
12240	244	244	0.8	1	0:00:14.282370
12260	245	245	0.8	1	0:00:14.657013
12280	245	245	0.743	1	0:00:14.601598
12300	246	-1	0.0	0	0:00:14.572185
12320	246	246	0.516	1	0:00:14.277502
12340	246	-1	0.0	0	0:00:14.443452
12360	247	247	0.107	1	0:00:14.543507
12380	247	-1	0.0	0	0:00:14.594710
12400	248	248	0.513	1	0:00:14.307273
12420	248	249	0.492	0	0:00:14.537018
12440	248	248	0.226	1	0:00:14.742021
12460	249	-1	0.0	0	0:00:14.832595
12480	249	249	0.721	1	0:00:14.464234
12500	250	-1	0.0	0	0:00:14.321080
12520	250	250	0.55	1	0:00:14.510973
12540	250	248	0.103	0	0:00:14.508549
12560	251	251	0.664	1	0:00:14.881349
12580	251	251	0.8	1	0:00:14.280954
12600	252	252	0.317	1	0:00:14.500888
12620	252	-1	0.0	0	0:00:14.375328
12640	252	252	0.249	1	0:00:14.500740
12660	253	253	0.632	1	0:00:14.535942
12680	253	253	0.778	1	0:00:14.310740
12700	254	-1	0.0	0	0:00:14.436578
12720	254	254	0.501	1	0:00:14.449193
12740	254	254	0.8	1	0:00:14.316242
12760	255	255	0.8	1	0:00:14.297522
12780	255	255	0.8	1	0:00:14.340173
12800	256	256	0.778	1	0:00:14.436060
12820	256	256	0.567	1	0:00:14.833183
12840	256	256	0.778	1	0:00:14.352840
12860	257	257	0.19	1	0:00:14.465846
12880	257	222	0.247	0	0:00:14.630660
12900	258	258	0.696	1	0:00:14.594043
12920	258	-1	0.0	0	0:00:14.573688
12940	258	-1	0.0	0	0:00:14.617271
12960	259	259	0.8	1	0:00:14.498187
12980	259	259	0.705	1	0:00:14.828993
13000	260	260	0.8	1	0:00:14.611306
13020	260	260	0.8	1	0:00:14.618868
13040	260	260	0.0567	1	0:00:14.417479
13060	261	261	0.252	1	0:00:14.902256
13080	261	261	0.233	1	0:00:14.491142
13100	262	262	0.8	1	0:00:14.484123
13120	262	262	0.778	1	0:00:14.455434
13140	262	262	0.0325	1	0:00:14.765659
13160	263	-1	0.0	0	0:00:14.521364
13180	263	263	0.115	1	0:00:14.110523
13200	264	264	0.404	1	0:00:14.647458
13220	264	264	0.509	1	0:00:14.497573
13240	264	264	0.484	1	0:00:14.416902
13260	265	266	0.551	0	0:00:14.557823
13280	265	-1	0.0	0	0:00:14.433045
13300	266	266	0.216	1	0:00:14.771481
13320	266	-1	0.0	0	0:00:14.460637
13340	266	266	0.564	1	0:00:14.524350
13360	267	266	0.0845	0	0:00:14.744104
13380	267	267	0.408	1	0:00:14.300138
13400	268	268	0.6	1	0:00:14.406615
13420	268	-1	0.0	0	0:00:14.440351
13440	268	268	0.216	1	0:00:14.168683
13460	269	272	0.45	0	0:00:14.423478
13480	269	249	0.11	0	0:00:14.549464
13500	270	270	0.575	1	0:00:14.227132
13520	270	270	0.687	1	0:00:14.723497
13540	270	270	0.303	1	0:00:14.477568
13560	271	271	0.8	1	0:00:14.604983
13580	271	272	0.281	0	0:00:14.359209
13600	272	274	0.0756	0	0:00:14.148888
13620	272	272	0.8	1	0:00:14.612732
13640	272	-1	0.0	0	0:00:14.417800
13660	273	273	0.388	1	0:00:14.616794
13680	273	273	0.778	1	0:00:14.662142
13700	274	274	0.764	1	0:00:14.604511
13720	274	-1	0.0	0	0:00:14.468978
13740	274	274	0.172	1	0:00:14.286135
13760	275	275	0.778	1	0:00:14.455813
13780	275	275	0.8	1	0:00:14.704353
13800	276	276	0.8	1	0:00:14.500322
13820	276	276	0.8	1	0:00:14.414447
13840	276	276	0.495	1	0:00:14.552989
13860	277	277	0.343	1	0:00:14.489513
13880	277	277	0.764	1	0:00:14.377491
13900	278	278	0.156	1	0:00:14.456028
13920	278	-1	0.0	0	0:00:14.284157
13940	278	278	0.192	1	0:00:14.577766
13960	279	279	0.743	1	0:00:14.776595
13980	279	-1	0.0	0	0:00:14.646533
14000	280	280	0.8	1	0:00:14.621171
14020	280	280	0.8	1	0:00:14.360472
14040	280	280	0.8	1	0:00:14.420560
14060	281	281	0.8	1	0:00:14.580987
14080	281	281	0.662	1	0:00:14.584654
14100	282	281	0.479	0	0:00:14.461177
14120	282	292	0.227	0	0:00:14.492480
14140	282	282	0.169	1	0:00:14.321504
14160	283	258	0.0325	0	0:00:14.639633
14180	283	283	0.615	1	0:00:14.851696
14200	284	284	0.8	1	0:00:14.418149
14220	284	281	0.28	0	0:00:14.421900
14240	284	284	0.8	1	0:00:14.599147
14260	285	285	0.0534	1	0:00:14.646930
14280	285	285	0.8	1	0:00:14.551199
14300	286	286	0.8	1	0:00:14.531749
14320	286	286	0.8	1	0:00:14.572629
14340	286	500	0.219	0	0:00:14.839207
14360	287	287	0.8	1	0:00:14.527778
14380	287	293	0.8	0	0:00:14.641568
14400	288	288	0.581	1	0:00:14.390233
14420	288	290	0.0444	0	0:00:14.253172
14440	288	288	0.8	1	0:00:14.899825
14460	289	289	0.281	1	0:00:14.553378
14480	289	289	0.735	1	0:00:14.418040
14500	290	290	0.8	1	0:00:14.436971
14520	290	290	0.305	1	0:00:14.449084
14540	290	290	0.8	1	0:00:14.495675
14560	291	291	0.0612	1	0:00:14.787564
14580	291	291	0.8	1	0:00:14.227683
14600	292	288	0.4	0	0:00:14.525724
14620	292	292	0.0459	1	0:00:14.695055
14640	292	292	0.8	1	0:00:14.354390
14660	293	293	0.8	1	0:00:14.218990
14680	293	293	0.8	1	0:00:14.752210
14700	294	294	0.764	1	0:00:14.585381
14720	294	294	0.8	1	0:00:14.822323
14740	294	294	0.368	1	0:00:14.408118
14760	295	295	0.8	1	0:00:14.572405
14780	295	295	0.8	1	0:00:14.558025
14800	296	296	0.0478	1	0:00:14.681453
14820	296	296	0.397	1	0:00:14.810318
14840	296	-1	0.0	0	0:00:14.680146
14860	297	-1	0.0	0	0:00:14.693227
14880	297	297	0.8	1	0:00:14.287020
14900	298	-1	0.0	0	0:00:14.448552
14920	298	298	0.625	1	0:00:14.877867
14940	298	298	0.164	1	0:00:14.366696
14960	299	299	0.288	1	0:00:14.389105
14980	299	-1	0.0	0	0:00:14.834237
15000	300	300	0.8	1	0:00:14.457682
15020	300	300	0.673	1	0:00:14.358078
15040	300	302	0.143	0	0:00:14.737274
15060	301	301	0.8	1	0:00:14.551605
15080	301	301	0.8	1	0:00:14.531356
15100	302	302	0.227	1	0:00:14.546018
15120	302	300	0.8	0	0:00:14.440802
15140	302	310	0.107	0	0:00:14.665141
15160	303	310	0.11	0	0:00:14.441320
15180	303	303	0.469	1	0:00:14.783502
15200	304	301	0.503	0	0:00:14.444221
15220	304	304	0.0954	1	0:00:14.408715
15240	304	303	0.234	0	0:00:14.438552
15260	305	305	0.743	1	0:00:14.792745
15280	305	305	0.743	1	0:00:14.538415
15300	306	306	0.743	1	0:00:14.388840
15320	306	306	0.442	1	0:00:14.470576
15340	306	306	0.8	1	0:00:14.626253
15360	307	307	0.273	1	0:00:14.537608
15380	307	303	0.218	0	0:00:14.718356
15400	308	308	0.8	1	0:00:14.378376
15420	308	308	0.8	1	0:00:14.301563
15440	308	308	0.715	1	0:00:14.701969
15460	309	-1	0.0	0	0:00:14.769145
15480	309	309	0.8	1	0:00:14.446134
15500	310	310	0.8	1	0:00:14.664490
15520	310	310	0.184	1	0:00:14.620065
15540	310	310	0.329	1	0:00:14.750450
15560	311	311	0.163	1	0:00:14.780488
15580	311	312	0.628	0	0:00:14.606545
15600	312	-1	0.0	0	0:00:14.597747
15620	312	312	0.00652	1	0:00:14.311612
15640	312	312	0.71	1	0:00:14.285713
15660	313	313	0.721	1	0:00:14.617373
15680	313	313	0.147	1	0:00:14.438558
15700	314	314	0.8	1	0:00:14.569890
15720	314	310	0.433	0	0:00:14.656712
15740	314	314	0.623	1	0:00:14.515621
15760	315	945	0.389	0	0:00:14.453522
15780	315	64	0.189	0	0:00:14.489443
15800	316	316	0.8	1	0:00:14.597468
15820	316	316	0.8	1	0:00:14.457238
15840	316	316	0.284	1	0:00:14.653194
15860	317	317	0.8	1	0:00:14.622437
15880	317	317	0.8	1	0:00:14.569396
15900	318	318	0.49	1	0:00:14.358769
15920	318	318	0.609	1	0:00:14.819939
15940	318	318	0.8	1	0:00:14.497780
15960	319	319	0.0673	1	0:00:14.618411
15980	319	319	0.576	1	0:00:14.605733
16000	320	320	0.8	1	0:00:14.290702
16020	320	320	0.8	1	0:00:14.876530
16040	320	320	0.159	1	0:00:14.400525
16060	321	321	0.651	1	0:00:14.291246
16080	321	321	0.71	1	0:00:14.362536
16100	322	322	0.379	1	0:00:14.841823
16120	322	322	0.8	1	0:00:14.459053
16140	322	322	0.0396	1	0:00:14.468133
16160	323	323	0.8	1	0:00:14.595487
16180	323	323	0.8	1	0:00:14.856077
16200	324	324	0.564	1	0:00:14.462891
16220	324	985	0.11	0	0:00:14.538195
16240	324	324	0.495	1	0:00:14.463042
16260	325	325	0.8	1	0:00:14.858791
16280	325	325	0.509	1	0:00:14.468350
16300	326	326	0.753	1	0:00:14.427721
16320	326	326	0.0252	1	0:00:14.246824
16340	326	326	0.721	1	0:00:14.799194
16360	327	327	0.8	1	0:00:14.311534
16380	327	327	0.753	1	0:00:14.564623
16400	328	328	0.8	1	0:00:14.430295
16420	328	328	0.8	1	0:00:14.576775
16440	328	-1	0.0	0	0:00:14.224528
16460	329	-1	0.0	0	0:00:14.358775
16480	329	390	0.0555	0	0:00:14.727139
16500	330	330	0.162	1	0:00:14.540857
16520	330	330	0.764	1	0:00:14.481722
16540	330	330	0.588	1	0:00:14.366428
16560	331	331	0.8	1	0:00:14.342348
16580	331	331	0.8	1	0:00:14.475980
16600	332	-1	0.0	0	0:00:14.429173
16620	332	332	0.628	1	0:00:14.234380
16640	332	332	0.743	1	0:00:14.706888
16660	333	333	0.8	1	0:00:14.545809
16680	333	333	0.753	1	0:00:14.231093
16700	334	334	0.8	1	0:00:14.604215
16720	334	334	0.764	1	0:00:14.706970
16740	334	334	0.152	1	0:00:14.541681
16760	335	988	0.00282	0	0:00:14.729556
16780	335	335	0.415	1	0:00:14.514880
16800	336	336	0.764	1	0:00:14.352544
16820	336	336	0.321	1	0:00:14.455306
16840	336	336	0.8	1	0:00:14.195978
16860	337	337	0.146	1	0:00:14.563928
16880	337	337	0.778	1	0:00:14.552328
16900	338	617	0.0533	0	0:00:14.561144
16920	338	338	0.519	1	0:00:14.760420
16940	338	338	0.0255	1	0:00:14.400746
16960	339	339	0.8	1	0:00:14.769577
16980	339	339	0.8	1	0:00:14.462323
17000	340	340	0.8	1	0:00:14.345647
17020	340	340	0.8	1	0:00:14.495023
17040	340	340	0.8	1	0:00:14.489507
17060	341	341	0.667	1	0:00:14.359935
17080	341	341	0.632	1	0:00:14.518014
17100	342	342	0.178	1	0:00:14.628968
17120	342	342	0.128	1	0:00:14.542423
17140	342	342	0.8	1	0:00:14.675321
17160	343	343	0.628	1	0:00:14.594010
17180	343	343	0.161	1	0:00:14.500521
17200	344	344	0.778	1	0:00:14.625510
17220	344	-1	0.0	0	0:00:14.605045
17240	344	344	0.15	1	0:00:14.558620
17260	345	690	0.433	0	0:00:14.731329
17280	345	346	0.0502	0	0:00:14.430916
17300	346	-1	0.0	0	0:00:14.275578
17320	346	346	0.8	1	0:00:14.848676
17340	346	346	0.8	1	0:00:14.353545
17360	347	347	0.0104	1	0:00:14.496723
17380	347	347	0.8	1	0:00:14.434593
17400	348	348	0.215	1	0:00:14.738759
17420	348	-1	0.0	0	0:00:14.452429
17440	348	349	0.753	0	0:00:14.771509
17460	349	349	0.074	1	0:00:14.436852
17480	349	349	0.8	1	0:00:14.378323
17500	350	350	0.8	1	0:00:14.785437
17520	350	350	0.8	1	0:00:14.679030
17540	350	350	0.59	1	0:00:14.472326
17560	351	351	0.23	1	0:00:14.717849
17580	351	351	0.8	1	0:00:14.564187
17600	352	352	0.405	1	0:00:14.503180
17620	352	352	0.168	1	0:00:14.805004
17640	352	352	0.386	1	0:00:14.408416
17660	353	353	0.0438	1	0:00:14.593310
17680	353	352	0.407	0	0:00:14.445353
17700	354	354	0.8	1	0:00:14.393960
17720	354	354	0.8	1	0:00:14.437288
17740	354	354	0.461	1	0:00:14.397349
17760	355	355	0.8	1	0:00:14.424450
17780	355	355	0.8	1	0:00:14.558163
17800	356	-1	0.0	0	0:00:14.846391
17820	356	360	0.8	0	0:00:14.417247
17840	356	362	0.8	0	0:00:14.699172
17860	357	357	0.0455	1	0:00:14.419335
17880	357	-1	0.0	0	0:00:14.334457
17900	358	359	0.299	0	0:00:14.722899
17920	358	356	0.482	0	0:00:14.638216
17940	358	358	0.621	1	0:00:14.456907
17960	359	-1	0.0	0	0:00:14.507714
17980	359	359	0.3	1	0:00:14.674781
18000	360	360	0.649	1	0:00:14.500914
18020	360	360	0.331	1	0:00:14.465261
18040	360	-1	0.0	0	0:00:14.774652
18060	361	361	0.778	1	0:00:14.196917
18080	361	361	0.108	1	0:00:14.629902
18100	362	362	0.8	1	0:00:14.613636
18120	362	-1	0.0	0	0:00:14.735713
18140	362	362	0.8	1	0:00:14.602425
18160	363	363	0.8	1	0:00:14.426008
18180	363	363	0.8	1	0:00:14.839705
18200	364	364	0.393	1	0:00:14.668497
18220	364	364	0.402	1	0:00:14.474327
18240	364	364	0.8	1	0:00:14.711376
18260	365	365	0.8	1	0:00:14.742232
18280	365	365	0.778	1	0:00:14.081992
18300	366	366	0.71	1	0:00:14.574175
18320	366	366	0.591	1	0:00:14.593591
18340	366	366	0.8	1	0:00:14.670346
18360	367	367	0.673	1	0:00:14.585434
18380	367	-1	0.0	0	0:00:14.631821
18400	368	368	0.778	1	0:00:14.402195
18420	368	368	0.628	1	0:00:14.724767
18440	368	368	0.376	1	0:00:14.395173
18460	369	369	0.207	1	0:00:14.574881
18480	369	-1	0.0	0	0:00:14.298113
18500	370	370	0.8	1	0:00:14.324420
18520	370	377	0.195	0	0:00:14.532352
18540	370	370	0.149	1	0:00:14.487347
18560	371	372	0.778	0	0:00:14.513741
18580	371	371	0.687	1	0:00:14.888687
18600	372	372	0.451	1	0:00:14.466717
18620	372	-1	0.0	0	0:00:14.552516
18640	372	372	0.428	1	0:00:14.867899
18660	373	373	0.451	1	0:00:14.573639
18680	373	373	0.424	1	0:00:14.464550
18700	374	-1	0.0	0	0:00:14.523739
18720	374	299	0.156	0	0:00:14.498016
18740	374	382	0.8	0	0:00:14.406154
18760	375	375	0.8	1	0:00:14.548994
18780	375	375	0.191	1	0:00:14.265153
18800	376	376	0.715	1	0:00:14.654106
18820	376	376	0.687	1	0:00:14.464905
18840	376	376	0.8	1	0:00:14.472673
18860	377	377	0.764	1	0:00:14.402307
18880	377	382	0.8	0	0:00:14.705771
18900	378	-1	0.0	0	0:00:14.604800
18920	378	379	0.132	0	0:00:14.649399
18940	378	378	0.599	1	0:00:14.775717
18960	379	379	0.764	1	0:00:14.963402
18980	379	379	0.551	1	0:00:14.662750
19000	380	380	0.457	1	0:00:14.356857
19020	380	380	0.659	1	0:00:14.524619
19040	380	380	0.129	1	0:00:14.805009
19060	381	-1	0.0	0	0:00:14.383933
19080	381	381	0.375	1	0:00:14.489794
19100	382	382	0.8	1	0:00:14.752373
19120	382	382	0.8	1	0:00:14.153157
19140	382	382	0.0997	1	0:00:14.442978
19160	383	383	0.8	1	0:00:14.873825
19180	383	384	0.129	0	0:00:14.740383
19200	384	384	0.389	1	0:00:14.388197
19220	384	384	0.728	1	0:00:14.587880
19240	384	384	0.659	1	0:00:14.410939
19260	385	-1	0.0	0	0:00:14.490846
19280	385	101	0.301	0	0:00:14.624942
19300	386	386	0.0914	1	0:00:14.745920
19320	386	101	0.245	0	0:00:14.483905
19340	386	386	0.0949	1	0:00:14.184366
19360	387	387	0.8	1	0:00:14.671120
19380	387	387	0.735	1	0:00:14.335037
19400	388	388	0.654	1	0:00:14.385986
19420	388	388	0.8	1	0:00:14.404210
19440	388	388	0.398	1	0:00:14.397344
19460	389	148	0.0385	0	0:00:14.345010
19480	389	389	0.529	1	0:00:14.476738
19500	390	390	0.8	1	0:00:14.331904
19520	390	390	0.8	1	0:00:14.532994
19540	390	6	0.632	0	0:00:14.208303
19560	391	391	0.242	1	0:00:14.445988
19580	391	-1	0.0	0	0:00:14.672767
19600	392	115	0.011	0	0:00:14.406770
19620	392	392	0.8	1	0:00:14.372902
19640	392	392	0.8	1	0:00:14.736321
19660	393	393	0.406	1	0:00:14.526503
19680	393	393	0.8	1	0:00:14.363412
19700	394	-1	0.0	0	0:00:14.414536
19720	394	103	0.439	0	0:00:14.533631
19740	394	149	0.0481	0	0:00:14.808310
19760	395	395	0.207	1	0:00:14.283724
19780	395	-1	0.0	0	0:00:14.498813
19800	396	396	0.8	1	0:00:14.464590
19820	396	396	0.8	1	0:00:14.572979
19840	396	396	0.8	1	0:00:14.635900
19860	397	397	0.278	1	0:00:14.615858
19880	397	397	0.8	1	0:00:14.548951
19900	398	398	0.721	1	0:00:14.465852
19920	398	398	0.8	1	0:00:14.356031
19940	398	784	0.482	0	0:00:14.396025
19960	399	399	0.465	1	0:00:14.426942
19980	399	-1	0.0	0	0:00:14.259583
20000	400	400	0.173	1	0:00:14.820339
20020	400	869	0.0441	0	0:00:14.493901
20040	400	667	0.764	0	0:00:14.615396
20060	401	401	0.753	1	0:00:14.351091
20080	401	401	0.8	1	0:00:14.172071
20100	402	420	0.684	0	0:00:14.488479
20120	402	546	0.0403	0	0:00:14.752217
20140	402	-1	0.0	0	0:00:14.330737
20160	403	403	0.8	1	0:00:14.512109
20180	403	403	0.294	1	0:00:14.436674
20200	404	404	0.8	1	0:00:14.841176
20220	404	404	0.778	1	0:00:14.272984
20240	404	895	0.735	0	0:00:14.557067
20260	405	405	0.8	1	0:00:14.926667
20280	405	405	0.8	1	0:00:14.357261
20300	406	406	0.764	1	0:00:14.377155
20320	406	857	0.448	0	0:00:14.201134
20340	406	406	0.62	1	0:00:14.477151
20360	407	407	0.8	1	0:00:14.734797
20380	407	407	0.8	1	0:00:14.768878
20400	408	847	0.592	0	0:00:14.505249
20420	408	408	0.721	1	0:00:14.766604
20440	408	408	0.8	1	0:00:14.382413
20460	409	442	0.241	0	0:00:14.846125
20480	409	409	0.184	1	0:00:14.357619
20500	410	410	0.187	1	0:00:14.459049
20520	410	410	0.8	1	0:00:14.786566
20540	410	410	0.148	1	0:00:14.645285
20560	411	411	0.8	1	0:00:14.568418
20580	411	496	0.0069	0	0:00:14.726578
20600	412	412	0.0875	1	0:00:14.466172
20620	412	412	0.00477	1	0:00:14.529010
20640	412	412	0.205	1	0:00:14.724293
20660	413	652	0.115	0	0:00:14.430248
20680	413	-1	0.0	0	0:00:14.428601
20700	414	414	0.8	1	0:00:14.379934
20720	414	413	0.0907	0	0:00:14.525797
20740	414	869	0.276	0	0:00:14.221327
20760	415	857	0.216	0	0:00:14.444515
20780	415	928	0.382	0	0:00:14.772530
20800	416	416	0.8	1	0:00:14.373574
20820	416	416	0.557	1	0:00:14.572026
20840	416	416	0.735	1	0:00:14.344774
20860	417	417	0.8	1	0:00:14.712644
20880	417	417	0.594	1	0:00:14.447048
20900	418	563	0.778	0	0:00:14.669271
20920	418	767	0.0124	0	0:00:14.546445
20940	418	542	0.656	0	0:00:14.441809
20960	419	419	0.203	1	0:00:14.337145
20980	419	419	0.673	1	0:00:14.751286
21000	420	420	0.239	1	0:00:14.514431
21020	420	-1	0.0	0	0:00:14.551157
21040	420	-1	0.0	0	0:00:14.143067
21060	421	421	0.523	1	0:00:14.784892
21080	421	421	0.141	1	0:00:14.424743
21100	422	543	0.471	0	0:00:14.468619
21120	422	422	0.715	1	0:00:14.790103
21140	422	422	0.8	1	0:00:14.442364
21160	423	423	0.778	1	0:00:14.510714
21180	423	-1	0.0	0	0:00:14.411128
21200	424	424	0.0413	1	0:00:14.198533
21220	424	399	0.0515	0	0:00:14.431792
21240	424	-1	0.0	0	0:00:14.660866
21260	425	425	0.0555	1	0:00:14.697306
21280	425	377	0.166	0	0:00:14.267599
21300	426	426	0.8	1	0:00:14.965726
21320	426	426	0.8	1	0:00:14.425478
21340	426	426	0.8	1	0:00:14.665536
21360	427	427	0.684	1	0:00:14.399455
21380	427	885	0.0386	0	0:00:14.368273
21400	428	428	0.8	1	0:00:14.403850
21420	428	428	0.8	1	0:00:14.395917
21440	428	-1	0.0	0	0:00:14.483148
21460	429	429	0.8	1	0:00:14.622066
21480	429	429	0.8	1	0:00:14.654045
21500	430	430	0.654	1	0:00:14.330461
21520	430	430	0.8	1	0:00:14.369407
21540	430	-1	0.0	0	0:00:14.574006
21560	431	431	0.71	1	0:00:14.603074
21580	431	431	0.8	1	0:00:14.649548
21600	432	432	0.8	1	0:00:14.672972
21620	432	432	0.8	1	0:00:14.259246
21640	432	513	0.215	0	0:00:14.647686
21660	433	433	0.8	1	0:00:14.735049
21680	433	433	0.778	1	0:00:14.498017
21700	434	-1	0.0	0	0:00:14.801520
21720	434	-1	0.0	0	0:00:14.607565
21740	434	434	0.207	1	0:00:14.232769
21760	435	435	0.207	1	0:00:14.620256
21780	435	861	0.332	0	0:00:14.660465
21800	436	436	0.449	1	0:00:14.536807
21820	436	436	0.8	1	0:00:14.652209
21840	436	436	0.0715	1	0:00:14.396218
21860	437	-1	0.0	0	0:00:14.351624
21880	437	833	0.231	0	0:00:14.771410
21900	438	647	0.293	0	0:00:14.719956
21920	438	438	0.345	1	0:00:14.322423
21940	438	957	0.467	0	0:00:14.815896
21960	439	439	0.8	1	0:00:14.672976
21980	439	541	0.644	0	0:00:14.548249
22000	440	-1	0.0	0	0:00:14.534382
22020	440	438	0.0708	0	0:00:14.331051
22040	440	440	0.0604	1	0:00:14.522599
22060	441	441	0.8	1	0:00:14.650163
22080	441	441	0.8	1	0:00:14.651587
22100	442	442	0.684	1	0:00:14.220663
22120	442	497	0.37	0	0:00:14.445070
22140	442	494	0.0521	0	0:00:14.488599
22160	443	443	0.345	1	0:00:14.638132
22180	443	443	0.728	1	0:00:14.192446
22200	444	665	0.00307	0	0:00:14.479744
22220	444	444	0.182	1	0:00:14.854998
22240	444	444	0.8	1	0:00:14.268084
22260	445	445	0.365	1	0:00:14.603993
22280	445	445	0.482	1	0:00:14.481134
22300	446	446	0.495	1	0:00:14.473704
22320	446	-1	0.0	0	0:00:14.408949
22340	446	478	0.743	0	0:00:14.423188
22360	447	447	0.8	1	0:00:14.671494
22380	447	391	0.132	0	0:00:14.258383
22400	448	448	0.664	1	0:00:14.484362
22420	448	448	0.8	1	0:00:14.618679
22440	448	448	0.8	1	0:00:14.347001
22460	449	449	0.778	1	0:00:14.683666
22480	449	449	0.557	1	0:00:14.643663
22500	450	-1	0.0	0	0:00:14.359686
22520	450	450	0.522	1	0:00:14.909147
22540	450	450	0.715	1	0:00:14.415696
22560	451	451	0.499	1	0:00:14.752086
22580	451	451	0.8	1	0:00:14.562456
22600	452	452	0.728	1	0:00:14.276258
22620	452	960	0.0313	0	0:00:14.822738
22640	452	496	0.0236	0	0:00:14.496945
22660	453	453	0.8	1	0:00:14.519477
22680	453	453	0.8	1	0:00:14.539146
22700	454	454	0.659	1	0:00:14.338218
22720	454	454	0.715	1	0:00:14.432701
22740	454	-1	0.0	0	0:00:14.171774
22760	455	455	0.8	1	0:00:14.460062
22780	455	611	0.281	0	0:00:14.467129
22800	456	522	0.265	0	0:00:14.524511
22820	456	456	0.778	1	0:00:14.240547
22840	456	456	0.346	1	0:00:14.313365
22860	457	457	0.8	1	0:00:14.320697
22880	457	515	0.8	0	0:00:14.364942
22900	458	458	0.14	1	0:00:14.534118
22920	458	458	0.8	1	0:00:14.409750
22940	458	458	0.8	1	0:00:14.435695
22960	459	459	0.288	1	0:00:14.538075
22980	459	459	0.462	1	0:00:14.360826
23000	460	-1	0.0	0	0:00:14.376410
23020	460	460	0.452	1	0:00:14.623130
23040	460	460	0.664	1	0:00:14.446054
23060	461	461	0.169	1	0:00:14.288900
23080	461	787	0.8	0	0:00:14.508731
23100	462	462	0.0439	1	0:00:14.553290
23120	462	462	0.8	1	0:00:14.808249
23140	462	462	0.557	1	0:00:14.338555
23160	463	463	0.298	1	0:00:14.268212
23180	463	463	0.487	1	0:00:14.444329
23200	464	674	0.469	0	0:00:14.581172
23220	464	464	0.407	1	0:00:14.323075
23240	464	464	0.68	1	0:00:14.773604
23260	465	610	0.57	0	0:00:14.554979
23280	465	830	0.447	0	0:00:14.242458
23300	466	466	0.71	1	0:00:14.698935
23320	466	466	0.696	1	0:00:14.754254
23340	466	466	0.743	1	0:00:14.451072
23360	467	467	0.8	1	0:00:14.421709
23380	467	467	0.8	1	0:00:14.473413
23400	468	468	0.8	1	0:00:14.714679
23420	468	468	0.8	1	0:00:14.344936
23440	468	468	0.123	1	0:00:14.641187
23460	469	469	0.8	1	0:00:14.422376
23480	469	910	0.126	0	0:00:14.440085
23500	470	481	0.0107	0	0:00:14.309070
23520	470	470	0.302	1	0:00:14.337862
23540	470	865	0.0251	0	0:00:14.450761
23560	471	517	0.307	0	0:00:14.431785
23580	471	471	0.128	1	0:00:14.507882
23600	472	472	0.735	1	0:00:14.274901
23620	472	472	0.473	1	0:00:14.500760
23640	472	472	0.132	1	0:00:14.701102
23660	473	473	0.691	1	0:00:14.695929
23680	473	777	0.325	0	0:00:14.492880
23700	474	735	0.146	0	0:00:14.752103
23720	474	474	0.8	1	0:00:14.432690
23740	474	474	0.24	1	0:00:14.283876
23760	475	545	0.346	0	0:00:14.897388
23780	475	475	0.8	1	0:00:14.670551
23800	476	476	0.489	1	0:00:14.414922
23820	476	476	0.8	1	0:00:14.580339
23840	476	476	0.547	1	0:00:14.474943
23860	477	477	0.8	1	0:00:14.481909
23880	477	477	0.333	1	0:00:14.789068
23900	478	478	0.753	1	0:00:14.277670
23920	478	-1	0.0	0	0:00:14.651785
23940	478	597	0.076	0	0:00:14.711066
23960	479	751	0.586	0	0:00:14.272732
23980	479	817	0.277	0	0:00:14.716338
24000	480	582	0.151	0	0:00:14.394982
24020	480	480	0.103	1	0:00:14.568802
24040	480	-1	0.0	0	0:00:14.582403
24060	481	-1	0.0	0	0:00:14.733626
24080	481	579	0.148	0	0:00:14.582264
24100	482	-1	0.0	0	0:00:14.324194
24120	482	482	0.8	1	0:00:14.778183
24140	482	848	0.659	0	0:00:14.576205
24160	483	483	0.572	1	0:00:14.521656
24180	483	698	0.573	0	0:00:14.373110
24200	484	871	0.462	0	0:00:14.663916
24220	484	484	0.341	1	0:00:14.532489
24240	484	484	0.778	1	0:00:14.645823
24260	485	632	0.143	0	0:00:14.475310
24280	485	754	0.274	0	0:00:14.512436
24300	486	486	0.687	1	0:00:14.290572
24320	486	486	0.8	1	0:00:14.745979
24340	486	-1	0.0	0	0:00:14.466124
24360	487	487	0.684	1	0:00:14.609359
24380	487	487	0.8	1	0:00:14.531259
24400	488	488	0.295	1	0:00:14.893725
24420	488	488	0.8	1	0:00:14.465124
24440	488	839	0.257	0	0:00:14.458866
24460	489	489	0.398	1	0:00:14.495139
24480	489	489	0.102	1	0:00:14.765478
24500	490	490	0.8	1	0:00:14.379272
24520	490	490	0.8	1	0:00:14.441484
24540	490	490	0.8	1	0:00:14.677789
24560	491	-1	0.0	0	0:00:14.674776
24580	491	491	0.0027	1	0:00:14.211284
24600	492	492	0.625	1	0:00:14.332744
24620	492	-1	0.0	0	0:00:14.674520
24640	492	502	0.0268	0	0:00:14.696562
24660	493	-1	0.0	0	0:00:14.688681
24680	493	-1	0.0	0	0:00:14.491671
24700	494	494	0.131	1	0:00:14.613223
24720	494	494	0.662	1	0:00:14.581970
24740	494	494	0.8	1	0:00:14.791535
24760	495	495	0.8	1	0:00:14.589314
24780	495	495	0.8	1	0:00:14.532962
24800	496	496	0.8	1	0:00:14.375455
24820	496	496	0.8	1	0:00:14.429142
24840	496	496	0.8	1	0:00:14.989186
24860	497	497	0.391	1	0:00:14.490782
24880	497	497	0.61	1	0:00:14.397208
24900	498	498	0.8	1	0:00:14.372068
24920	498	781	0.27	0	0:00:14.596549
24940	498	-1	0.0	0	0:00:14.404946
24960	499	-1	0.0	0	0:00:14.886075
24980	499	-1	0.0	0	0:00:14.405606
25000	500	500	0.8	1	0:00:14.614208
25020	500	500	0.469	1	0:00:14.693678
25040	500	500	0.433	1	0:00:14.438339
25060	501	568	0.0908	0	0:00:14.704901
25080	501	501	0.201	1	0:00:14.394162
25100	502	502	0.673	1	0:00:14.403764
25120	502	502	0.8	1	0:00:14.447467
25140	502	-1	0.0	0	0:00:14.575904
25160	503	503	0.8	1	0:00:14.473625
25180	503	532	0.0268	0	0:00:14.429138
25200	504	504	0.403	1	0:00:14.511687
25220	504	-1	0.0	0	0:00:14.526378
25240	504	967	0.162	0	0:00:14.315745
25260	505	505	0.735	1	0:00:14.434703
25280	505	-1	0.0	0	0:00:14.526438
25300	506	506	0.595	1	0:00:14.389893
25320	506	-1	0.0	0	0:00:14.320936
25340	506	-1	0.0	0	0:00:14.418101
25360	507	507	0.108	1	0:00:14.489561
25380	507	507	0.365	1	0:00:14.445887
25400	508	508	0.8	1	0:00:14.707052
25420	508	508	0.8	1	0:00:14.446834
25440	508	859	0.329	0	0:00:14.614075
25460	509	509	0.8	1	0:00:14.607661
25480	509	509	0.667	1	0:00:14.686461
25500	510	510	0.8	1	0:00:14.477867
25520	510	510	0.567	1	0:00:14.717097
25540	510	510	0.558	1	0:00:14.658698
25560	511	436	0.00953	0	0:00:14.425608
25580	511	511	0.313	1	0:00:14.566084
25600	512	477	0.0188	0	0:00:14.722427
25620	512	512	0.8	1	0:00:14.663430
25640	512	512	0.363	1	0:00:14.547997
25660	513	513	0.501	1	0:00:14.562608
25680	513	513	0.518	1	0:00:14.312143
25700	514	514	0.8	1	0:00:14.387693
25720	514	514	0.0394	1	0:00:14.155857
25740	514	514	0.63	1	0:00:14.470318
25760	515	515	0.586	1	0:00:14.498027
25780	515	652	0.379	0	0:00:14.471078
25800	516	431	0.123	0	0:00:14.471164
25820	516	516	0.764	1	0:00:14.318971
25840	516	431	0.484	0	0:00:14.416573
25860	517	540	0.0331	0	0:00:14.235298
25880	517	517	0.128	1	0:00:14.510255
25900	518	518	0.8	1	0:00:14.394807
25920	518	518	0.557	1	0:00:14.721569
25940	518	518	0.286	1	0:00:14.395634
25960	519	519	0.743	1	0:00:14.667347
25980	519	569	0.415	0	0:00:14.271564
26000	520	520	0.241	1	0:00:14.325182
26020	520	516	0.27	0	0:00:14.609210
26040	520	520	0.656	1	0:00:14.527540
26060	521	521	0.274	1	0:00:14.867219
26080	521	521	0.8	1	0:00:14.499597
26100	522	522	0.8	1	0:00:14.515251
26120	522	522	0.8	1	0:00:14.601662
26140	522	522	0.8	1	0:00:14.387571
26160	523	-1	0.0	0	0:00:14.314840
26180	523	706	0.173	0	0:00:14.874539
26200	524	461	0.425	0	0:00:14.282360
26220	524	461	0.345	0	0:00:14.402389
26240	524	-1	0.0	0	0:00:14.556900
26260	525	525	0.35	1	0:00:14.717369
26280	525	977	0.223	0	0:00:14.349919
26300	526	527	0.519	0	0:00:14.258969
26320	526	526	0.399	1	0:00:14.635293
26340	526	526	0.514	1	0:00:14.539806
26360	527	613	0.42	0	0:00:14.679474
26380	527	-1	0.0	0	0:00:14.171913
26400	528	-1	0.0	0	0:00:14.926147
26420	528	528	0.8	1	0:00:14.597540
26440	528	528	0.8	1	0:00:14.547866
26460	529	268	0.0431	0	0:00:14.661715
26480	529	529	0.2	1	0:00:14.583904
26500	530	530	0.56	1	0:00:14.536252
26520	530	485	0.134	0	0:00:14.681245
26540	530	530	0.8	1	0:00:14.679658
26560	531	409	0.49	0	0:00:14.366572
26580	531	531	0.159	1	0:00:14.223745
26600	532	532	0.275	1	0:00:14.418392
26620	532	532	0.8	1	0:00:14.580353
26640	532	532	0.753	1	0:00:14.639086
26660	533	533	0.8	1	0:00:14.764694
26680	533	533	0.579	1	0:00:14.650365
26700	534	-1	0.0	0	0:00:14.501339
26720	534	634	0.229	0	0:00:14.468407
26740	534	-1	0.0	0	0:00:14.711808
26760	535	535	0.8	1	0:00:14.695871
26780	535	-1	0.0	0	0:00:14.199962
26800	536	-1	0.0	0	0:00:14.606425
26820	536	536	0.445	1	0:00:14.239622
26840	536	517	0.6	0	0:00:14.408658
26860	537	537	0.8	1	0:00:14.637249
26880	537	537	0.8	1	0:00:14.417573
26900	538	538	0.8	1	0:00:14.649077
26920	538	483	0.00364	0	0:00:14.712926
26940	538	538	0.385	1	0:00:14.439726
26960	539	741	0.185	0	0:00:14.362706
26980	539	539	0.174	1	0:00:14.482991
27000	540	540	0.8	1	0:00:14.443763
27020	540	540	0.8	1	0:00:14.394035
27040	540	540	0.662	1	0:00:14.460038
27060	541	-1	0.0	0	0:00:14.495659
27080	541	541	0.8	1	0:00:14.378325
27100	542	542	0.8	1	0:00:14.820740
27120	542	-1	0.0	0	0:00:14.472147
27140	542	542	0.0104	1	0:00:14.274159
27160	543	543	0.0664	1	0:00:14.476199
27180	543	543	0.0402	1	0:00:14.438773
27200	544	-1	0.0	0	0:00:14.675898
27220	544	-1	0.0	0	0:00:14.329459
27240	544	-1	0.0	0	0:00:14.501058
27260	545	545	0.8	1	0:00:14.489704
27280	545	107	0.0111	0	0:00:14.730414
27300	546	546	0.8	1	0:00:14.370960
27320	546	546	0.8	1	0:00:14.410111
27340	546	546	0.8	1	0:00:14.592531
27360	547	547	0.728	1	0:00:14.410521
27380	547	821	0.179	0	0:00:14.428092
27400	548	548	0.764	1	0:00:14.662734
27420	548	548	0.8	1	0:00:14.716408
27440	548	548	0.8	1	0:00:14.454134
27460	549	-1	0.0	0	0:00:14.506462
27480	549	692	0.149	0	0:00:14.566411
27500	550	505	0.642	0	0:00:14.714920
27520	550	-1	0.0	0	0:00:14.720450
27540	550	550	0.469	1	0:00:14.569970
27560	551	551	0.143	1	0:00:14.352894
27580	551	551	0.8	1	0:00:14.470217
27600	552	552	0.8	1	0:00:14.378396
27620	552	627	0.138	0	0:00:14.392363
27640	552	552	0.153	1	0:00:14.765280
27660	553	553	0.589	1	0:00:14.488202
27680	553	-1	0.0	0	0:00:14.361350
27700	554	554	0.735	1	0:00:14.538698
27720	554	554	0.603	1	0:00:14.676829
27740	554	554	0.446	1	0:00:14.314337
27760	555	555	0.519	1	0:00:14.943577
27780	555	555	0.364	1	0:00:14.281496
27800	556	516	0.0343	0	0:00:14.791405
27820	556	827	0.307	0	0:00:14.760878
27840	556	556	0.673	1	0:00:14.346495
27860	557	557	0.59	1	0:00:14.319115
27880	557	557	0.659	1	0:00:14.348150
27900	558	212	0.163	0	0:00:14.445926
27920	558	432	0.544	0	0:00:14.500288
27940	558	642	0.166	0	0:00:14.576521
27960	559	-1	0.0	0	0:00:14.647416
27980	559	559	0.8	1	0:00:14.420991
28000	560	560	0.44	1	0:00:14.617363
28020	560	560	0.8	1	0:00:14.536696
28040	560	560	0.8	1	0:00:14.876187
28060	561	561	0.329	1	0:00:14.245797
28080	561	561	0.52	1	0:00:14.490401
28100	562	562	0.8	1	0:00:14.900501
28120	562	562	0.208	1	0:00:14.499606
28140	562	562	0.431	1	0:00:14.535306
28160	563	-1	0.0	0	0:00:14.441859
28180	563	563	0.8	1	0:00:14.802129
28200	564	-1	0.0	0	0:00:14.436528
28220	564	564	0.8	1	0:00:14.283133
28240	564	564	0.8	1	0:00:14.698535
28260	565	565	0.8	1	0:00:14.373050
28280	565	565	0.8	1	0:00:14.369928
28300	566	566	0.778	1	0:00:14.552126
28320	566	566	0.735	1	0:00:14.865197
28340	566	566	0.281	1	0:00:14.444454
28360	567	567	0.387	1	0:00:14.340217
28380	567	567	0.167	1	0:00:14.703226
28400	568	568	0.116	1	0:00:14.243728
28420	568	568	0.173	1	0:00:14.467633
28440	568	568	0.8	1	0:00:14.503070
28460	569	569	0.565	1	0:00:14.463674
28480	569	569	0.691	1	0:00:14.503179
28500	570	811	0.132	0	0:00:14.370920
28520	570	570	0.8	1	0:00:14.525027
28540	570	570	0.753	1	0:00:14.687790
28560	571	571	0.735	1	0:00:14.786371
28580	571	571	0.687	1	0:00:14.488233
28600	572	572	0.476	1	0:00:14.303084
28620	572	-1	0.0	0	0:00:14.866708
28640	572	572	0.8	1	0:00:14.524382
28660	573	573	0.644	1	0:00:14.461581
28680	573	573	0.289	1	0:00:14.768096
28700	574	574	0.8	1	0:00:14.371900
28720	574	574	0.265	1	0:00:14.235192
28740	574	574	0.251	1	0:00:14.706701
28760	575	575	0.8	1	0:00:14.422836
28780	575	575	0.8	1	0:00:14.376478
28800	576	576	0.638	1	0:00:14.369273
28820	576	576	0.8	1	0:00:14.565433
28840	576	576	0.8	1	0:00:14.334394
28860	577	577	0.216	1	0:00:14.401182
28880	577	577	0.8	1	0:00:14.546741
28900	578	578	0.128	1	0:00:14.451293
28920	578	601	0.319	0	0:00:14.842820
28940	578	578	0.743	1	0:00:14.673612
28960	579	579	0.441	1	0:00:14.498106
28980	579	881	0.321	0	0:00:14.431090
29000	580	580	0.16	1	0:00:14.798050
29020	580	580	0.764	1	0:00:14.259641
29040	580	580	0.495	1	0:00:14.636148
29060	581	581	0.0205	1	0:00:14.398764
29080	581	581	0.8	1	0:00:14.564609
29100	582	861	0.0107	0	0:00:14.735970
29120	582	582	0.623	1	0:00:14.316399
29140	582	582	0.599	1	0:00:14.436802
29160	583	583	0.764	1	0:00:14.363999
29180	583	583	0.664	1	0:00:14.696874
29200	584	-1	0.0	0	0:00:14.578973
29220	584	584	0.8	1	0:00:14.734815
29240	584	461	0.677	0	0:00:14.655782
29260	585	-1	0.0	0	0:00:14.486420
29280	585	969	0.00414	0	0:00:14.616414
29300	586	586	0.8	1	0:00:14.314704
29320	586	586	0.499	1	0:00:14.740964
29340	586	847	0.735	0	0:00:14.701893
29360	587	587	0.8	1	0:00:14.310598
29380	587	477	0.0733	0	0:00:14.434035
29400	588	588	0.8	1	0:00:14.419019
29420	588	588	0.552	1	0:00:14.613913
29440	588	588	0.8	1	0:00:14.403832
29460	589	-1	0.0	0	0:00:14.825213
29480	589	589	0.225	1	0:00:14.328897
29500	590	590	0.778	1	0:00:14.431989
29520	590	590	0.8	1	0:00:14.585172
29540	590	605	0.119	0	0:00:14.769076
29560	591	591	0.8	1	0:00:14.198955
29580	591	591	0.71	1	0:00:14.489483
29600	592	592	0.8	1	0:00:14.845759
29620	592	592	0.8	1	0:00:14.483228
29640	592	-1	0.0	0	0:00:14.571909
29660	593	593	0.423	1	0:00:14.591663
29680	593	593	0.735	1	0:00:14.395996
29700	594	594	0.164	1	0:00:14.416639
29720	594	594	0.8	1	0:00:14.673749
29740	594	594	0.609	1	0:00:14.309403
29760	595	595	0.535	1	0:00:14.443168
29780	595	866	0.8	0	0:00:14.515196
29800	596	596	0.000815	1	0:00:14.418281
29820	596	-1	0.0	0	0:00:14.441113
29840	596	-1	0.0	0	0:00:14.599915
29860	597	597	0.215	1	0:00:14.315267
29880	597	763	0.284	0	0:00:14.920875
29900	598	598	0.353	1	0:00:14.348248
29920	598	598	0.778	1	0:00:14.766619
29940	598	851	0.245	0	0:00:14.635590
29960	599	599	0.8	1	0:00:14.521306
29980	599	-1	0.0	0	0:00:14.280640
30000	600	600	0.422	1	0:00:14.263489
30020	600	-1	0.0	0	0:00:14.892305
30040	600	600	0.153	1	0:00:14.466674
30060	601	617	0.0962	0	0:00:14.703953
30080	601	601	0.079	1	0:00:14.768829
30100	602	602	0.418	1	0:00:14.305183
30120	602	602	0.327	1	0:00:14.444952
30140	602	890	0.327	0	0:00:14.281648
30160	603	612	0.132	0	0:00:14.309310
30180	603	603	0.623	1	0:00:14.485373
30200	604	604	0.376	1	0:00:14.503753
30220	604	604	0.8	1	0:00:14.673961
30240	604	604	0.534	1	0:00:14.563252
30260	605	482	0.324	0	0:00:14.567288
30280	605	605	0.728	1	0:00:14.512472
30300	606	606	0.625	1	0:00:14.378219
30320	606	464	0.186	0	0:00:14.598498
30340	606	606	0.8	1	0:00:14.410729
30360	607	607	0.8	1	0:00:14.429603
30380	607	607	0.8	1	0:00:14.758974
30400	608	523	0.149	0	0:00:14.438846
30420	608	608	0.8	1	0:00:14.389963
30440	608	515	0.664	0	0:00:14.337291
30460	609	609	0.162	1	0:00:14.443247
30480	609	609	0.778	1	0:00:14.465750
30500	610	610	0.687	1	0:00:14.901669
30520	610	610	0.613	1	0:00:14.338409
30540	610	610	0.8	1	0:00:14.696024
30560	611	-1	0.0	0	0:00:14.787012
30580	611	611	0.279	1	0:00:14.354119
30600	612	612	0.8	1	0:00:14.619696
30620	612	612	0.8	1	0:00:14.629232
30640	612	612	0.8	1	0:00:14.597240
30660	613	613	0.8	1	0:00:14.445242
30680	613	-1	0.0	0	0:00:14.240618
30700	614	614	0.264	1	0:00:14.527659
30720	614	-1	0.0	0	0:00:14.350661
30740	614	614	0.715	1	0:00:14.917074
30760	615	615	0.8	1	0:00:14.465562
30780	615	615	0.778	1	0:00:14.657301
30800	616	-1	0.0	0	0:00:14.631995
30820	616	830	0.00132	0	0:00:14.531748
30840	616	616	0.662	1	0:00:14.377779
30860	617	903	0.297	0	0:00:14.530651
30880	617	617	0.531	1	0:00:14.391711
30900	618	647	0.131	0	0:00:14.270314
30920	618	-1	0.0	0	0:00:14.563624
30940	618	-1	0.0	0	0:00:14.569017
30960	619	905	0.728	0	0:00:14.503455
30980	619	619	0.491	1	0:00:14.506377
31000	620	-1	0.0	0	0:00:14.557507
31020	620	527	0.8	0	0:00:14.328398
31040	620	620	0.691	1	0:00:14.360550
31060	621	621	0.8	1	0:00:14.496070
31080	621	-1	0.0	0	0:00:14.265163
31100	622	622	0.8	1	0:00:14.594400
31120	622	622	0.418	1	0:00:14.796384
31140	622	477	0.121	0	0:00:14.475422
31160	623	593	0.178	0	0:00:14.401507
31180	623	477	0.229	0	0:00:14.337077
31200	624	406	0.0402	0	0:00:14.279073
31220	624	-1	0.0	0	0:00:14.473544
31240	624	624	0.613	1	0:00:14.722056
31260	625	625	0.8	1	0:00:14.596512
31280	625	625	0.8	1	0:00:14.656023
31300	626	692	0.149	0	0:00:14.518164
31320	626	626	0.0656	1	0:00:14.723917
31340	626	626	0.136	1	0:00:14.435936
31360	627	627	0.8	1	0:00:14.671216
31380	627	627	0.361	1	0:00:14.474607
31400	628	628	0.464	1	0:00:14.262724
31420	628	628	0.778	1	0:00:14.671937
31440	628	628	0.687	1	0:00:14.361879
31460	629	629	0.8	1	0:00:14.321393
31480	629	629	0.8	1	0:00:14.727577
31500	630	703	0.764	0	0:00:14.419228
31520	630	630	0.625	1	0:00:14.455788
31540	630	630	0.00589	1	0:00:14.357684
31560	631	631	0.8	1	0:00:14.511799
31580	631	585	0.426	0	0:00:14.684810
31600	632	632	0.8	1	0:00:14.448090
31620	632	-1	0.0	0	0:00:14.407049
31640	632	819	0.8	0	0:00:14.506569
31660	633	633	0.0104	1	0:00:14.334649
31680	633	759	0.372	0	0:00:14.628213
31700	634	489	0.8	0	0:00:14.432330
31720	634	565	0.133	0	0:00:14.205920
31740	634	634	0.0952	1	0:00:14.566237
31760	635	635	0.659	1	0:00:14.530493
31780	635	635	0.0915	1	0:00:14.342340
31800	636	636	0.8	1	0:00:14.547815
31820	636	636	0.471	1	0:00:14.598063
31840	636	-1	0.0	0	0:00:14.761523
31860	637	637	0.8	1	0:00:14.621066
31880	637	637	0.8	1	0:00:14.637155
31900	638	638	0.0717	1	0:00:14.590720
31920	638	639	0.574	0	0:00:14.880352
31940	638	639	0.8	0	0:00:14.700163
31960	639	639	0.8	1	0:00:14.443881
31980	639	602	0.41	0	0:00:14.730281
32000	640	640	0.8	1	0:00:14.696955
32020	640	640	0.8	1	0:00:14.703075
32040	640	574	0.188	0	0:00:14.748933
32060	641	641	0.299	1	0:00:14.517403
32080	641	641	0.0534	1	0:00:14.877922
32100	642	642	0.8	1	0:00:14.462248
32120	642	642	0.778	1	0:00:14.756693
32140	642	642	0.8	1	0:00:14.366997
32160	643	836	0.0465	0	0:00:14.738580
32180	643	-1	0.0	0	0:00:14.800925
32200	644	644	0.475	1	0:00:14.297190
32220	644	-1	0.0	0	0:00:14.666310
32240	644	644	0.8	1	0:00:14.408041
32260	645	645	0.8	1	0:00:14.458390
32280	645	645	0.8	1	0:00:14.907294
32300	646	506	0.64	0	0:00:14.481235
32320	646	646	0.8	1	0:00:14.326878
32340	646	646	0.245	1	0:00:14.672641
32360	647	769	0.136	0	0:00:14.664414
32380	647	647	0.582	1	0:00:14.545594
32400	648	-1	0.0	0	0:00:14.611407
32420	648	-1	0.0	0	0:00:14.348095
32440	648	648	0.326	1	0:00:14.574924
32460	649	649	0.8	1	0:00:14.826665
32480	649	649	0.476	1	0:00:14.675287
32500	650	546	0.294	0	0:00:14.460727
32520	650	650	0.8	1	0:00:14.398274
32540	650	-1	0.0	0	0:00:14.526620
32560	651	651	0.667	1	0:00:14.403430
32580	651	-1	0.0	0	0:00:14.550826
32600	652	652	0.366	1	0:00:14.437302
32620	652	652	0.221	1	0:00:14.137462
32640	652	652	0.8	1	0:00:14.752245
32660	653	-1	0.0	0	0:00:14.605600
32680	653	653	0.8	1	0:00:14.365986
32700	654	656	0.261	0	0:00:14.674728
32720	654	609	0.743	0	0:00:14.707968
32740	654	627	0.8	0	0:00:14.481838
32760	655	-1	0.0	0	0:00:14.435439
32780	655	655	0.219	1	0:00:14.312805
32800	656	436	0.221	0	0:00:14.515009
32820	656	656	0.205	1	0:00:14.565622
32840	656	656	0.664	1	0:00:14.423967
32860	657	-1	0.0	0	0:00:14.420662
32880	657	-1	0.0	0	0:00:14.559456
32900	658	658	0.452	1	0:00:14.730800
32920	658	496	0.63	0	0:00:14.415401
32940	658	658	0.664	1	0:00:14.698738
32960	659	659	0.8	1	0:00:14.220465
32980	659	495	0.31	0	0:00:14.491417
33000	660	660	0.659	1	0:00:14.358818
33020	660	660	0.8	1	0:00:14.299621
33040	660	557	0.304	0	0:00:14.554067
33060	661	661	0.8	1	0:00:14.899582
33080	661	661	0.8	1	0:00:14.630507
33100	662	811	0.273	0	0:00:14.496844
33120	662	662	0.8	1	0:00:14.491299
33140	662	662	0.8	1	0:00:14.267561
33160	663	-1	0.0	0	0:00:14.185531
33180	663	663	0.778	1	0:00:14.760806
33200	664	851	0.618	0	0:00:14.469529
33220	664	527	0.242	0	0:00:14.723806
33240	664	851	0.292	0	0:00:14.752945
33260	665	665	0.291	1	0:00:14.504082
33280	665	665	0.656	1	0:00:14.427255
33300	666	666	0.542	1	0:00:14.314548
33320	666	666	0.0485	1	0:00:14.515449
33340	666	-1	0.0	0	0:00:14.440611
33360	667	667	0.584	1	0:00:14.715539
33380	667	667	0.735	1	0:00:14.326427
33400	668	668	0.0838	1	0:00:14.503070
33420	668	668	0.8	1	0:00:14.787019
33440	668	682	0.168	0	0:00:14.503033
33460	669	669	0.565	1	0:00:14.315744
33480	669	669	0.28	1	0:00:15.010194
33500	670	670	0.656	1	0:00:14.449726
33520	670	670	0.778	1	0:00:14.806726
33540	670	670	0.8	1	0:00:14.664261
33560	671	880	0.185	0	0:00:14.546681
33580	671	671	0.735	1	0:00:14.378752
33600	672	672	0.307	1	0:00:14.279587
33620	672	672	0.8	1	0:00:14.396890
33640	672	672	0.8	1	0:00:14.611873
33660	673	673	0.313	1	0:00:14.612949
33680	673	-1	0.0	0	0:00:14.617409
33700	674	674	0.534	1	0:00:14.325737
33720	674	674	0.8	1	0:00:14.933685
33740	674	674	0.0932	1	0:00:14.247115
33760	675	675	0.551	1	0:00:14.446258
33780	675	867	0.13	0	0:00:14.625682
33800	676	960	0.0855	0	0:00:14.331383
33820	676	676	0.8	1	0:00:14.649736
33840	676	676	0.177	1	0:00:14.837492
33860	677	-1	0.0	0	0:00:14.436623
33880	677	-1	0.0	0	0:00:14.389855
33900	678	678	0.8	1	0:00:14.778911
33920	678	-1	0.0	0	0:00:14.539284
33940	678	678	0.8	1	0:00:14.648382
33960	679	679	0.753	1	0:00:14.485468
33980	679	679	0.654	1	0:00:14.529139
34000	680	-1	0.0	0	0:00:14.476232
34020	680	680	0.764	1	0:00:14.351550
34040	680	680	0.743	1	0:00:14.320542
34060	681	620	0.431	0	0:00:14.678182
34080	681	620	0.8	0	0:00:14.705183
34100	682	682	0.485	1	0:00:14.453518
34120	682	682	0.154	1	0:00:14.315557
34140	682	682	0.8	1	0:00:14.529914
34160	683	558	0.07	0	0:00:14.572815
34180	683	413	0.375	0	0:00:14.773362
34200	684	684	0.211	1	0:00:14.540010
34220	684	684	0.8	1	0:00:14.401366
34240	684	684	0.8	1	0:00:14.157440
34260	685	685	0.8	1	0:00:14.903930
34280	685	685	0.8	1	0:00:14.705710
34300	686	686	0.396	1	0:00:14.379473
34320	686	-1	0.0	0	0:00:14.598049
34340	686	-1	0.0	0	0:00:14.611586
34360	687	687	0.8	1	0:00:14.292315
34380	687	687	0.8	1	0:00:14.511518
34400	688	688	0.8	1	0:00:14.464985
34420	688	590	0.753	0	0:00:14.759161
34440	688	688	0.8	1	0:00:14.215699
34460	689	697	0.271	0	0:00:14.747466
34480	689	-1	0.0	0	0:00:14.457614
34500	690	690	0.341	1	0:00:14.693058
34520	690	-1	0.0	0	0:00:14.566898
34540	690	866	0.0327	0	0:00:14.376158
34560	691	570	0.123	0	0:00:14.397362
34580	691	691	0.18	1	0:00:14.177026
34600	692	-1	0.0	0	0:00:14.602811
34620	692	788	0.119	0	0:00:14.737818
34640	692	692	0.516	1	0:00:14.555180
34660	693	693	0.169	1	0:00:14.225773
34680	693	693	0.0705	1	0:00:14.996976
34700	694	694	0.8	1	0:00:14.362379
34720	694	694	0.8	1	0:00:14.620897
34740	694	694	0.8	1	0:00:14.515573
34760	695	695	0.8	1	0:00:14.573102
34780	695	600	0.0107	0	0:00:14.437723
34800	696	-1	0.0	0	0:00:14.248238
34820	696	463	0.0533	0	0:00:14.498630
34840	696	696	0.173	1	0:00:14.515498
34860	697	697	0.647	1	0:00:14.529410
34880	697	697	0.8	1	0:00:14.559228
34900	698	663	0.68	0	0:00:14.793735
34920	698	483	0.479	0	0:00:14.618355
34940	698	698	0.778	1	0:00:14.387701
34960	699	-1	0.0	0	0:00:14.712608
34980	699	699	0.439	1	0:00:14.471945
35000	700	700	0.623	1	0:00:14.545402
35020	700	94	0.291	0	0:00:14.726574
35040	700	700	0.163	1	0:00:14.605795
35060	701	716	0.0774	0	0:00:14.590672
35080	701	701	0.8	1	0:00:14.773257
35100	702	422	0.8	0	0:00:14.483438
35120	702	702	0.292	1	0:00:14.634538
35140	702	702	0.00357	1	0:00:14.368195
35160	703	-1	0.0	0	0:00:14.578490
35180	703	716	0.134	0	0:00:14.404991
35200	704	704	0.743	1	0:00:14.391600
35220	704	704	0.59	1	0:00:14.524802
35240	704	704	0.316	1	0:00:14.467156
35260	705	705	0.31	1	0:00:14.410008
35280	705	874	0.8	0	0:00:14.380714
35300	706	762	0.0901	0	0:00:14.536344
35320	706	762	0.579	0	0:00:14.502864
35340	706	-1	0.0	0	0:00:14.569432
35360	707	707	0.647	1	0:00:14.474827
35380	707	707	0.8	1	0:00:14.691721
35400	708	682	0.535	0	0:00:14.491752
35420	708	708	0.8	1	0:00:14.244110
35440	708	708	0.473	1	0:00:14.497027
35460	709	709	0.477	1	0:00:14.511462
35480	709	709	0.26	1	0:00:14.241537
35500	710	-1	0.0	0	0:00:14.285007
35520	710	-1	0.0	0	0:00:14.528897
35540	710	-1	0.0	0	0:00:14.634965
35560	711	631	0.4	0	0:00:14.787109
35580	711	916	0.00094	0	0:00:14.365200
35600	712	-1	0.0	0	0:00:14.416286
35620	712	-1	0.0	0	0:00:14.676562
35640	712	712	0.677	1	0:00:14.359265
35660	713	713	0.8	1	0:00:14.480717
35680	713	713	0.691	1	0:00:14.426195
35700	714	-1	0.0	0	0:00:14.502713
35720	714	451	0.778	0	0:00:14.544306
35740	714	714	0.8	1	0:00:14.532660
35760	715	715	0.8	1	0:00:14.834744
35780	715	715	0.262	1	0:00:14.713931
35800	716	716	0.8	1	0:00:14.437008
35820	716	716	0.778	1	0:00:14.530423
35840	716	716	0.8	1	0:00:14.287316
35860	717	864	0.156	0	0:00:14.949354
35880	717	581	0.483	0	0:00:14.854522
35900	718	449	0.00357	0	0:00:14.480597
35920	718	517	0.0492	0	0:00:14.571580
35940	718	-1	0.0	0	0:00:14.491551
35960	719	338	0.125	0	0:00:14.383869
35980	719	719	0.523	1	0:00:14.654327
36000	720	-1	0.0	0	0:00:14.569579
36020	720	558	0.111	0	0:00:14.473033
36040	720	720	0.634	1	0:00:14.386574
36060	721	721	0.247	1	0:00:14.765977
36080	721	588	0.185	0	0:00:14.597200
36100	722	722	0.8	1	0:00:14.442978
36120	722	722	0.8	1	0:00:14.498627
36140	722	722	0.8	1	0:00:14.354764
36160	723	723	0.8	1	0:00:14.628513
36180	723	883	0.453	0	0:00:14.456729
36200	724	780	0.8	0	0:00:14.523917
36220	724	536	0.118	0	0:00:14.777136
36240	724	724	0.249	1	0:00:14.602010
36260	725	849	0.119	0	0:00:14.359844
36280	725	-1	0.0	0	0:00:14.529836
36300	726	726	0.8	1	0:00:14.374199
36320	726	726	0.8	1	0:00:14.825508
36340	726	623	0.0165	0	0:00:14.671739
36360	727	727	0.8	1	0:00:14.758028
36380	727	-1	0.0	0	0:00:14.417867
36400	728	728	0.294	1	0:00:14.436319
36420	728	-1	0.0	0	0:00:14.698959
36440	728	728	0.601	1	0:00:14.616585
36460	729	453	0.16	0	0:00:14.483860
36480	729	659	0.0709	0	0:00:14.591405
36500	730	856	0.073	0	0:00:14.485907
36520	730	730	0.71	1	0:00:14.601896
36540	730	730	0.8	1	0:00:14.534920
36560	731	-1	0.0	0	0:00:14.360375
36580	731	-1	0.0	0	0:00:14.495277
36600	732	732	0.8	1	0:00:14.676820
36620	732	732	0.266	1	0:00:14.587728
36640	732	732	0.778	1	0:00:14.699604
36660	733	733	0.459	1	0:00:14.785047
36680	733	887	0.134	0	0:00:14.673364
36700	734	734	0.753	1	0:00:14.538380
36720	734	734	0.778	1	0:00:14.460310
36740	734	734	0.0772	1	0:00:14.582953
36760	735	735	0.8	1	0:00:14.796235
36780	735	735	0.45	1	0:00:14.518644
36800	736	736	0.8	1	0:00:14.467260
36820	736	736	0.16	1	0:00:14.499480
36840	736	736	0.202	1	0:00:14.603724
36860	737	737	0.8	1	0:00:14.568189
36880	737	760	0.8	0	0:00:14.819676
36900	738	738	0.604	1	0:00:14.660547
36920	738	738	0.8	1	0:00:14.753769
36940	738	738	0.753	1	0:00:14.654419
36960	739	739	0.389	1	0:00:14.624283
36980	739	739	0.696	1	0:00:14.674767
37000	740	796	0.28	0	0:00:14.426955
37020	740	518	0.228	0	0:00:14.584054
37040	740	740	0.8	1	0:00:14.324836
37060	741	698	0.255	0	0:00:14.394506
37080	741	-1	0.0	0	0:00:14.561078
37100	742	859	0.0392	0	0:00:14.608210
37120	742	742	0.212	1	0:00:14.390129
37140	742	713	0.225	0	0:00:14.490112
37160	743	753	0.143	0	0:00:14.404016
37180	743	884	0.134	0	0:00:14.570216
37200	744	657	0.209	0	0:00:14.748148
37220	744	744	0.662	1	0:00:14.193204
37240	744	657	0.36	0	0:00:14.767596
37260	745	745	0.213	1	0:00:14.343045
37280	745	745	0.0878	1	0:00:14.254596
37300	746	746	0.8	1	0:00:14.326394
37320	746	746	0.735	1	0:00:14.753734
37340	746	746	0.8	1	0:00:14.242550
37360	747	747	0.473	1	0:00:14.376798
37380	747	747	0.8	1	0:00:14.730540
37400	748	748	0.117	1	0:00:14.432286
37420	748	-1	0.0	0	0:00:14.454482
37440	748	748	0.778	1	0:00:14.679746
37460	749	749	0.721	1	0:00:14.439532
37480	749	749	0.8	1	0:00:14.489935
37500	750	-1	0.0	0	0:00:14.737185
37520	750	750	0.8	1	0:00:14.653188
37540	750	885	0.088	0	0:00:14.414598
37560	751	751	0.8	1	0:00:14.906474
37580	751	751	0.68	1	0:00:14.649913
37600	752	765	0.186	0	0:00:14.493524
37620	752	752	0.466	1	0:00:14.491217
37640	752	752	0.501	1	0:00:14.403100
37660	753	586	0.13	0	0:00:14.412966
37680	753	753	0.321	1	0:00:14.787666
37700	754	482	0.214	0	0:00:14.442009
37720	754	754	0.469	1	0:00:14.851119
37740	754	588	0.0112	0	0:00:14.359123
37760	755	755	0.8	1	0:00:14.555384
37780	755	755	0.8	1	0:00:14.587553
37800	756	756	0.482	1	0:00:14.798482
37820	756	463	0.171	0	0:00:14.790728
37840	756	756	0.567	1	0:00:14.404958
37860	757	757	0.153	1	0:00:14.788597
37880	757	757	0.482	1	0:00:14.397754
37900	758	758	0.212	1	0:00:14.556606
37920	758	-1	0.0	0	0:00:14.436908
37940	758	758	0.778	1	0:00:14.644011
37960	759	759	0.8	1	0:00:14.666592
37980	759	-1	0.0	0	0:00:14.571395
38000	760	799	0.214	0	0:00:14.427021
38020	760	760	0.304	1	0:00:14.721791
38040	760	-1	0.0	0	0:00:14.639210
38060	761	761	0.71	1	0:00:14.360276
38080	761	761	0.0936	1	0:00:14.812893
38100	762	762	0.535	1	0:00:14.521229
38120	762	762	0.8	1	0:00:14.347523
38140	762	907	0.0783	0	0:00:14.456752
38160	763	763	0.0993	1	0:00:14.637267
38180	763	763	0.8	1	0:00:14.660433
38200	764	-1	0.0	0	0:00:14.667365
38220	764	764	0.466	1	0:00:14.628728
38240	764	764	0.382	1	0:00:14.461529
38260	765	765	0.8	1	0:00:14.551298
38280	765	765	0.764	1	0:00:14.742258
38300	766	766	0.8	1	0:00:14.232437
38320	766	-1	0.0	0	0:00:14.410511
38340	766	766	0.8	1	0:00:14.636801
38360	767	-1	0.0	0	0:00:14.462855
38380	767	677	0.0374	0	0:00:14.301679
38400	768	752	0.166	0	0:00:14.438911
38420	768	805	0.383	0	0:00:14.256796
38440	768	768	0.8	1	0:00:14.483057
38460	769	769	0.393	1	0:00:14.669472
38480	769	769	0.649	1	0:00:14.410364
38500	770	560	0.0962	0	0:00:14.808636
38520	770	916	0.12	0	0:00:14.619112
38540	770	770	0.182	1	0:00:14.337597
38560	771	495	0.00464	0	0:00:14.683686
38580	771	771	0.8	1	0:00:14.399849
38600	772	772	0.753	1	0:00:14.460276
38620	772	-1	0.0	0	0:00:14.553682
38640	772	-1	0.0	0	0:00:14.480535
38660	773	773	0.753	1	0:00:14.373857
38680	773	773	0.276	1	0:00:14.545328
38700	774	774	0.778	1	0:00:14.480618
38720	774	774	0.64	1	0:00:14.352141
38740	774	-1	0.0	0	0:00:14.484031
38760	775	-1	0.0	0	0:00:14.549371
38780	775	775	0.399	1	0:00:14.224663
38800	776	683	0.164	0	0:00:14.732424
38820	776	776	0.753	1	0:00:14.587439
38840	776	513	0.109	0	0:00:14.337978
38860	777	777	0.8	1	0:00:14.429661
38880	777	777	0.0232	1	0:00:14.493715
38900	778	571	0.131	0	0:00:14.492085
38920	778	778	0.8	1	0:00:14.391595
38940	778	778	0.484	1	0:00:14.652842
38960	779	779	0.256	1	0:00:14.564126
38980	779	779	0.8	1	0:00:14.403106
39000	780	484	0.0437	0	0:00:14.247608
39020	780	780	0.764	1	0:00:14.271892
39040	780	780	0.8	1	0:00:14.666792
39060	781	781	0.8	1	0:00:14.464659
39080	781	-1	0.0	0	0:00:14.705416
39100	782	598	0.344	0	0:00:14.575880
39120	782	-1	0.0	0	0:00:14.369383
39140	782	664	0.62	0	0:00:14.715152
39160	783	783	0.5	1	0:00:14.438851
39180	783	769	0.00232	0	0:00:14.424362
39200	784	891	0.0608	0	0:00:14.292466
39220	784	784	0.289	1	0:00:14.648047
39240	784	784	0.175	1	0:00:14.654929
39260	785	-1	0.0	0	0:00:14.586188
39280	785	785	0.508	1	0:00:14.421470
39300	786	420	0.0372	0	0:00:14.653176
39320	786	786	0.567	1	0:00:14.278928
39340	786	-1	0.0	0	0:00:14.628989
39360	787	787	0.8	1	0:00:14.346593
39380	787	787	0.323	1	0:00:14.397057
39400	788	788	0.19	1	0:00:14.361370
39420	788	788	0.8	1	0:00:14.847307
39440	788	788	0.8	1	0:00:14.651929
39460	789	789	0.8	1	0:00:14.528002
39480	789	789	0.8	1	0:00:14.729270
39500	790	791	0.8	0	0:00:14.216549
39520	790	791	0.192	0	0:00:14.334250
39540	790	790	0.8	1	0:00:14.342449
39560	791	865	0.0428	0	0:00:14.433580
39580	791	791	0.8	1	0:00:14.570457
39600	792	792	0.71	1	0:00:14.357960
39620	792	792	0.465	1	0:00:14.681540
39640	792	792	0.279	1	0:00:14.461866
39660	793	793	0.554	1	0:00:14.375264
39680	793	740	0.0545	0	0:00:14.759923
39700	794	794	0.523	1	0:00:14.592228
39720	794	-1	0.0	0	0:00:14.617692
39740	794	-1	0.0	0	0:00:14.697534
39760	795	970	0.642	0	0:00:14.633632
39780	795	795	0.0274	1	0:00:14.476457
39800	796	796	0.8	1	0:00:14.433759
39820	796	399	0.0497	0	0:00:14.792607
39840	796	796	0.189	1	0:00:14.563210
39860	797	797	0.0911	1	0:00:14.468645
39880	797	797	0.218	1	0:00:14.877735
39900	798	798	0.636	1	0:00:14.661278
39920	798	798	0.7	1	0:00:14.739546
39940	798	798	0.0801	1	0:00:14.574645
39960	799	799	0.509	1	0:00:14.808877
39980	799	-1	0.0	0	0:00:14.382274
40000	800	800	0.8	1	0:00:14.617345
40020	800	800	0.471	1	0:00:14.426682
40040	800	800	0.8	1	0:00:14.541605
40060	801	973	0.296	0	0:00:14.884758
40080	801	801	0.465	1	0:00:14.334157
40100	802	802	0.351	1	0:00:14.926671
40120	802	802	0.8	1	0:00:14.512635
40140	802	802	0.8	1	0:00:14.412580
40160	803	803	0.546	1	0:00:14.491271
40180	803	803	0.8	1	0:00:14.669511
40200	804	651	0.0914	0	0:00:14.225368
40220	804	804	0.647	1	0:00:14.500426
40240	804	804	0.286	1	0:00:14.535928
40260	805	805	0.43	1	0:00:14.869297
40280	805	430	0.0858	0	0:00:14.388506
40300	806	806	0.8	1	0:00:14.252617
40320	806	806	0.715	1	0:00:14.642878
40340	806	502	0.0232	0	0:00:14.601887
40360	807	517	0.227	0	0:00:14.500276
40380	807	807	0.8	1	0:00:14.266447
40400	808	808	0.0481	1	0:00:14.445689
40420	808	-1	0.0	0	0:00:14.829004
40440	808	-1	0.0	0	0:00:14.365291
40460	809	927	0.309	0	0:00:14.618987
40480	809	926	0.286	0	0:00:14.828617
40500	810	810	0.445	1	0:00:14.423622
40520	810	878	0.8	0	0:00:14.533912
40540	810	810	0.621	1	0:00:14.317766
40560	811	827	0.556	0	0:00:14.667535
40580	811	492	0.217	0	0:00:14.404037
40600	812	812	0.8	1	0:00:14.263463
40620	812	812	0.8	1	0:00:14.493029
40640	812	812	0.8	1	0:00:14.542115
40660	813	929	0.363	0	0:00:14.717957
40680	813	-1	0.0	0	0:00:14.430929
40700	814	814	0.361	1	0:00:14.592036
40720	814	814	0.8	1	0:00:14.421181
40740	814	814	0.224	1	0:00:14.513423
40760	815	815	0.8	1	0:00:14.468482
40780	815	-1	0.0	0	0:00:14.352818
40800	816	816	0.8	1	0:00:14.761548
40820	816	816	0.764	1	0:00:14.450380
40840	816	816	0.651	1	0:00:14.537558
40860	817	751	0.292	0	0:00:14.816305
40880	817	817	0.8	1	0:00:14.747970
40900	818	745	0.691	0	0:00:14.793995
40920	818	862	0.376	0	0:00:14.624888
40940	818	111	0.162	0	0:00:14.599062
40960	819	416	0.0228	0	0:00:14.424359
40980	819	-1	0.0	0	0:00:14.733591
41000	820	820	0.187	1	0:00:14.539616
41020	820	820	0.282	1	0:00:14.479024
41040	820	820	0.764	1	0:00:14.816980
41060	821	821	0.616	1	0:00:14.468268
41080	821	839	0.531	0	0:00:14.538207
41100	822	822	0.8	1	0:00:14.427914
41120	822	822	0.8	1	0:00:14.922056
41140	822	822	0.8	1	0:00:14.390367
41160	823	823	0.251	1	0:00:14.480149
41180	823	823	0.071	1	0:00:14.724067
41200	824	824	0.764	1	0:00:14.502319
41220	824	824	0.28	1	0:00:14.697592
41240	824	655	0.0364	0	0:00:14.348978
41260	825	825	0.0936	1	0:00:14.717649
41280	825	611	0.00069	0	0:00:14.395392
41300	826	531	0.0079	0	0:00:14.669693
41320	826	605	0.8	0	0:00:14.386427
41340	826	826	0.488	1	0:00:14.561440
41360	827	827	0.8	1	0:00:14.360013
41380	827	-1	0.0	0	0:00:14.454591
41400	828	828	0.161	1	0:00:14.500878
41420	828	828	0.753	1	0:00:14.379197
41440	828	904	0.043	0	0:00:14.785566
41460	829	829	0.8	1	0:00:14.282624
41480	829	778	0.0556	0	0:00:14.449490
41500	830	-1	0.0	0	0:00:14.545250
41520	830	-1	0.0	0	0:00:14.542832
41540	830	830	0.444	1	0:00:14.377423
41560	831	831	0.8	1	0:00:14.305215
41580	831	831	0.423	1	0:00:14.429740
41600	832	832	0.523	1	0:00:14.568238
41620	832	832	0.556	1	0:00:14.426832
41640	832	832	0.133	1	0:00:14.579220
41660	833	833	0.764	1	0:00:14.506807
41680	833	833	0.8	1	0:00:14.376646
41700	834	834	0.14	1	0:00:14.626156
41720	834	834	0.519	1	0:00:14.477182
41740	834	869	0.286	0	0:00:14.360189
41760	835	-1	0.0	0	0:00:14.837571
41780	835	835	0.252	1	0:00:14.505648
41800	836	-1	0.0	0	0:00:14.251484
41820	836	665	0.302	0	0:00:14.551284
41840	836	655	0.0443	0	0:00:14.205314
41860	837	-1	0.0	0	0:00:14.848358
41880	837	836	0.0866	0	0:00:14.517944
41900	838	838	0.197	1	0:00:14.315072
41920	838	928	0.0908	0	0:00:14.486624
41940	838	838	0.8	1	0:00:14.663832
41960	839	-1	0.0	0	0:00:14.682350
41980	839	580	0.0547	0	0:00:14.677908
42000	840	469	0.048	0	0:00:14.421663
42020	840	840	0.8	1	0:00:14.574756
42040	840	840	0.8	1	0:00:14.774347
42060	841	-1	0.0	0	0:00:14.423035
42080	841	570	0.275	0	0:00:14.368545
42100	842	842	0.28	1	0:00:14.512268
42120	842	842	0.8	1	0:00:14.384922
42140	842	-1	0.0	0	0:00:14.653470
42160	843	843	0.364	1	0:00:14.464087
42180	843	843	0.198	1	0:00:14.489018
42200	844	844	0.8	1	0:00:14.947528
42220	844	844	0.568	1	0:00:14.307182
42240	844	844	0.778	1	0:00:14.444070
42260	845	845	0.632	1	0:00:14.286701
42280	845	845	0.425	1	0:00:14.648573
42300	846	786	0.175	0	0:00:14.300362
42320	846	619	0.558	0	0:00:14.474545
42340	846	-1	0.0	0	0:00:14.512872
42360	847	634	0.0668	0	0:00:14.857559
42380	847	847	0.625	1	0:00:14.307956
42400	848	-1	0.0	0	0:00:14.413992
42420	848	848	0.0824	1	0:00:14.305992
42440	848	848	0.126	1	0:00:14.506993
42460	849	849	0.728	1	0:00:14.734367
42480	849	849	0.8	1	0:00:14.315825
42500	850	850	0.454	1	0:00:14.463442
42520	850	865	0.0469	0	0:00:14.862204
42540	850	850	0.625	1	0:00:14.317660
42560	851	851	0.236	1	0:00:14.528957
42580	851	851	0.199	1	0:00:14.611139
42600	852	852	0.764	1	0:00:14.539675
42620	852	-1	0.0	0	0:00:14.440834
42640	852	852	0.302	1	0:00:14.473630
42660	853	853	0.8	1	0:00:14.390072
42680	853	853	0.8	1	0:00:14.527538
42700	854	854	0.14	1	0:00:14.206641
42720	854	854	0.475	1	0:00:14.545152
42740	854	564	0.28	0	0:00:14.426174
42760	855	855	0.68	1	0:00:14.347966
42780	855	855	0.8	1	0:00:14.581671
42800	856	856	0.242	1	0:00:14.722251
42820	856	856	0.8	1	0:00:14.424037
42840	856	565	0.599	0	0:00:14.696913
42860	857	857	0.691	1	0:00:14.419815
42880	857	857	0.8	1	0:00:14.443509
42900	858	448	0.0986	0	0:00:14.281029
42920	858	-1	0.0	0	0:00:14.824017
42940	858	698	0.254	0	0:00:14.600028
42960	859	859	0.246	1	0:00:14.179131
42980	859	859	0.471	1	0:00:14.463843
43000	860	-1	0.0	0	0:00:14.714647
43020	860	762	0.0422	0	0:00:14.518710
43040	860	-1	0.0	0	0:00:14.829213
43060	861	861	0.778	1	0:00:14.504389
43080	861	861	0.208	1	0:00:14.748642
43100	862	862	0.67	1	0:00:14.542832
43120	862	862	0.8	1	0:00:14.879713
43140	862	862	0.8	1	0:00:14.244592
43160	863	863	0.8	1	0:00:14.373232
43180	863	863	0.8	1	0:00:14.594054
43200	864	407	0.367	0	0:00:14.294325
43220	864	-1	0.0	0	0:00:14.655688
43240	864	864	0.452	1	0:00:14.666887
43260	865	865	0.495	1	0:00:14.561147
43280	865	865	0.391	1	0:00:14.737377
43300	866	866	0.362	1	0:00:14.314757
43320	866	866	0.8	1	0:00:14.750499
43340	866	866	0.579	1	0:00:14.484476
43360	867	867	0.8	1	0:00:14.282965
43380	867	867	0.0787	1	0:00:14.563667
43400	868	967	0.525	0	0:00:14.732738
43420	868	962	0.282	0	0:00:14.370021
43440	868	619	0.0269	0	0:00:14.418550
43460	869	869	0.509	1	0:00:14.834744
43480	869	-1	0.0	0	0:00:14.607023
43500	870	870	0.278	1	0:00:14.511805
43520	870	870	0.8	1	0:00:14.357649
43540	870	444	0.14	0	0:00:14.551398
43560	871	871	0.753	1	0:00:14.736945
43580	871	871	0.265	1	0:00:14.761026
43600	872	872	0.501	1	0:00:14.240970
43620	872	872	0.8	1	0:00:14.729383
43640	872	872	0.207	1	0:00:14.373742
43660	873	873	0.8	1	0:00:14.763699
43680	873	873	0.8	1	0:00:14.471242
43700	874	874	0.764	1	0:00:14.424255
43720	874	874	0.7	1	0:00:14.478967
43740	874	874	0.8	1	0:00:14.551069
43760	875	875	0.8	1	0:00:14.580756
43780	875	875	0.8	1	0:00:14.508647
43800	876	648	0.272	0	0:00:14.774816
43820	876	-1	0.0	0	0:00:14.660227
43840	876	876	0.339	1	0:00:14.560710
43860	877	877	0.8	1	0:00:14.615823
43880	877	877	0.244	1	0:00:14.286568
43900	878	878	0.8	1	0:00:14.612815
43920	878	878	0.8	1	0:00:14.817555
43940	878	878	0.721	1	0:00:14.370555
43960	879	-1	0.0	0	0:00:14.428154
43980	879	558	0.0833	0	0:00:14.601824
44000	880	-1	0.0	0	0:00:14.425863
44020	880	880	0.8	1	0:00:14.463906
44040	880	880	0.32	1	0:00:14.475527
44060	881	881	0.152	1	0:00:14.354720
44080	881	881	0.8	1	0:00:14.805843
44100	882	-1	0.0	0	0:00:14.373516
44120	882	-1	0.0	0	0:00:14.414581
44140	882	811	0.556	0	0:00:14.418743
44160	883	883	0.348	1	0:00:14.694980
44180	883	883	0.241	1	0:00:14.563420
44200	884	884	0.659	1	0:00:14.742086
44220	884	884	0.8	1	0:00:14.302976
44240	884	884	0.357	1	0:00:14.645631
44260	885	584	0.0221	0	0:00:14.817733
44280	885	-1	0.0	0	0:00:14.523014
44300	886	886	0.8	1	0:00:14.707725
44320	886	886	0.8	1	0:00:14.454674
44340	886	886	0.8	1	0:00:14.306776
44360	887	614	0.567	0	0:00:14.745140
44380	887	887	0.46	1	0:00:14.434669
44400	888	718	0.596	0	0:00:14.821887
44420	888	888	0.609	1	0:00:14.600808
44440	888	-1	0.0	0	0:00:14.179893
44460	889	889	0.8	1	0:00:14.400082
44480	889	889	0.159	1	0:00:14.705436
44500	890	890	0.263	1	0:00:14.460649
44520	890	890	0.8	1	0:00:14.308890
44540	890	890	0.753	1	0:00:14.590555
44560	891	-1	0.0	0	0:00:14.390989
44580	891	891	0.13	1	0:00:14.444387
44600	892	442	0.479	0	0:00:14.577535
44620	892	409	0.0906	0	0:00:14.550147
44640	892	892	0.8	1	0:00:14.729641
44660	893	533	0.306	0	0:00:14.445926
44680	893	893	0.696	1	0:00:14.500784
44700	894	894	0.368	1	0:00:14.724192
44720	894	651	0.0306	0	0:00:14.724151
44740	894	495	0.236	0	0:00:14.600819
44760	895	895	0.8	1	0:00:14.455631
44780	895	895	0.0245	1	0:00:14.617208
44800	896	896	0.554	1	0:00:14.200732
44820	896	896	0.8	1	0:00:14.519510
44840	896	896	0.0882	1	0:00:14.569353
44860	897	794	0.175	0	0:00:14.532057
44880	897	-1	0.0	0	0:00:14.623104
44900	898	-1	0.0	0	0:00:14.770614
44920	898	898	0.238	1	0:00:14.413233
44940	898	503	0.19	0	0:00:14.680094
44960	899	756	0.0373	0	0:00:14.615567
44980	899	719	0.159	0	0:00:14.455537
45000	900	900	0.8	1	0:00:14.636976
45020	900	900	0.778	1	0:00:14.776313
45040	900	900	0.8	1	0:00:14.377384
45060	901	653	0.18	0	0:00:14.620741
45080	901	901	0.544	1	0:00:14.325218
45100	902	902	0.8	1	0:00:14.388938
45120	902	902	0.778	1	0:00:14.236864
45140	902	902	0.8	1	0:00:15.044677
45160	903	903	0.735	1	0:00:14.224680
45180	903	459	0.179	0	0:00:14.485883
45200	904	738	0.102	0	0:00:14.508382
45220	904	904	0.8	1	0:00:14.515558
45240	904	556	0.0989	0	0:00:14.758733
45260	905	794	0.117	0	0:00:14.663108
45280	905	905	0.0913	1	0:00:14.561534
45300	906	906	0.8	1	0:00:14.431069
45320	906	616	0.0909	0	0:00:14.653714
45340	906	834	0.728	0	0:00:14.433762
45360	907	907	0.126	1	0:00:14.659228
45380	907	907	0.359	1	0:00:14.473406
45400	908	895	0.735	0	0:00:14.899913
45420	908	977	0.0278	0	0:00:14.340285
45440	908	404	0.8	0	0:00:14.840219
45460	909	909	0.565	1	0:00:14.548282
45480	909	-1	0.0	0	0:00:14.263791
45500	910	641	0.8	0	0:00:14.400292
45520	910	910	0.764	1	0:00:14.588971
45540	910	910	0.347	1	0:00:14.236653
45560	911	431	0.0417	0	0:00:14.365276
45580	911	911	0.387	1	0:00:14.606317
45600	912	-1	0.0	0	0:00:14.314569
45620	912	912	0.8	1	0:00:14.375223
45640	912	-1	0.0	0	0:00:14.810055
45660	913	913	0.0917	1	0:00:14.610208
45680	913	913	0.636	1	0:00:14.419254
45700	914	914	0.8	1	0:00:14.588274
45720	914	914	0.8	1	0:00:14.618985
45740	914	914	0.8	1	0:00:14.542455
45760	915	915	0.375	1	0:00:14.743503
45780	915	915	0.8	1	0:00:14.802992
45800	916	916	0.8	1	0:00:14.384062
45820	916	916	0.764	1	0:00:14.486752
45840	916	916	0.503	1	0:00:14.516755
45860	917	917	0.344	1	0:00:14.803292
45880	917	921	0.455	0	0:00:14.666259
45900	918	918	0.8	1	0:00:14.426880
45920	918	918	0.8	1	0:00:14.365119
45940	918	918	0.8	1	0:00:14.600893
45960	919	-1	0.0	0	0:00:14.448217
45980	919	919	0.753	1	0:00:14.557161
46000	920	665	0.125	0	0:00:14.699721
46020	920	920	0.112	1	0:00:14.671447
46040	920	920	0.764	1	0:00:14.613775
46060	921	917	0.401	0	0:00:14.465240
46080	921	-1	0.0	0	0:00:14.488425
46100	922	922	0.705	1	0:00:14.467077
46120	922	922	0.383	1	0:00:14.661003
46140	922	922	0.0171	1	0:00:14.526155
46160	923	923	0.764	1	0:00:14.571329
46180	923	926	0.589	0	0:00:14.485509
46200	924	924	0.764	1	0:00:14.905233
46220	924	924	0.0355	1	0:00:14.443556
46240	924	924	0.778	1	0:00:14.548509
46260	925	925	0.8	1	0:00:14.656451
46280	925	925	0.8	1	0:00:14.673560
46300	926	926	0.778	1	0:00:14.327006
46320	926	926	0.728	1	0:00:14.430526
46340	926	926	0.328	1	0:00:14.351251
46360	927	927	0.8	1	0:00:14.266261
46380	927	927	0.8	1	0:00:14.709172
46400	928	927	0.197	0	0:00:14.421071
46420	928	935	0.0509	0	0:00:14.583751
46440	928	928	0.304	1	0:00:14.706995
46460	929	-1	0.0	0	0:00:14.575788
46480	929	929	0.441	1	0:00:14.454225
46500	930	-1	0.0	0	0:00:14.439664
46520	930	930	0.743	1	0:00:14.466146
46540	930	930	0.67	1	0:00:14.568816
46560	931	932	0.00922	0	0:00:14.634943
46580	931	931	0.571	1	0:00:14.158880
46600	932	932	0.778	1	0:00:14.355057
46620	932	932	0.305	1	0:00:14.506863
46640	932	932	0.8	1	0:00:14.901688
46660	933	933	0.8	1	0:00:14.656783
46680	933	965	0.208	0	0:00:14.526213
46700	934	934	0.8	1	0:00:14.431201
46720	934	934	0.203	1	0:00:14.645668
46740	934	934	0.8	1	0:00:14.738316
46760	935	987	0.0416	0	0:00:14.423874
46780	935	935	0.133	1	0:00:14.486256
46800	936	936	0.412	1	0:00:14.386042
46820	936	936	0.8	1	0:00:14.342396
46840	936	936	0.8	1	0:00:14.339404
46860	937	937	0.8	1	0:00:14.504251
46880	937	937	0.8	1	0:00:14.358878
46900	938	937	0.0389	0	0:00:14.354454
46920	938	938	0.8	1	0:00:14.476591
46940	938	924	0.304	0	0:00:14.771196
46960	939	939	0.428	1	0:00:14.781707
46980	939	939	0.696	1	0:00:14.408097
47000	940	998	0.106	0	0:00:14.653594
47020	940	940	0.644	1	0:00:14.438883
47040	940	940	0.297	1	0:00:14.415415
47060	941	-1	0.0	0	0:00:14.458394
47080	941	941	0.8	1	0:00:14.478516
47100	942	942	0.8	1	0:00:14.593070
47120	942	-1	0.0	0	0:00:14.781799
47140	942	942	0.8	1	0:00:14.539321
47160	943	943	0.8	1	0:00:14.575452
47180	943	943	0.8	1	0:00:14.486894
47200	944	946	0.601	0	0:00:14.614182
47220	944	944	0.8	1	0:00:14.550785
47240	944	944	0.8	1	0:00:14.827420
47260	945	945	0.8	1	0:00:14.325860
47280	945	945	0.44	1	0:00:14.389794
47300	946	946	0.8	1	0:00:14.442418
47320	946	946	0.735	1	0:00:14.746367
47340	946	946	0.621	1	0:00:14.661525
47360	947	947	0.8	1	0:00:14.327522
47380	947	947	0.603	1	0:00:14.520663
47400	948	948	0.8	1	0:00:14.341953
47420	948	948	0.512	1	0:00:14.359581
47440	948	948	0.778	1	0:00:14.450438
47460	949	-1	0.0	0	0:00:14.493722
47480	949	949	0.8	1	0:00:14.724159
47500	950	950	0.705	1	0:00:14.540103
47520	950	951	0.62	0	0:00:14.469150
47540	950	951	0.753	0	0:00:14.444078
47560	951	950	0.8	0	0:00:14.968083
47580	951	951	0.8	1	0:00:14.613085
47600	952	90	0.8	0	0:00:14.286997
47620	952	952	0.8	1	0:00:14.510937
47640	952	948	0.625	0	0:00:14.326059
47660	953	953	0.8	1	0:00:14.207311
47680	953	953	0.662	1	0:00:14.534823
47700	954	954	0.0535	1	0:00:14.418761
47720	954	950	0.196	0	0:00:14.230500
47740	954	940	0.0109	0	0:00:14.794419
47760	955	955	0.339	1	0:00:14.452225
47780	955	955	0.8	1	0:00:14.395305
47800	956	956	0.8	1	0:00:14.596088
47820	956	956	0.227	1	0:00:14.487736
47840	956	-1	0.0	0	0:00:14.483016
47860	957	-1	0.0	0	0:00:14.804100
47880	957	-1	0.0	0	0:00:14.503652
47900	958	958	0.119	1	0:00:14.477244
47920	958	958	0.8	1	0:00:14.575463
47940	958	958	0.0974	1	0:00:14.650736
47960	959	935	0.0183	0	0:00:14.573136
47980	959	959	0.8	1	0:00:14.487442
48000	960	960	0.193	1	0:00:14.406912
48020	960	923	0.405	0	0:00:14.822037
48040	960	-1	0.0	0	0:00:14.590711
48060	961	963	0.8	0	0:00:14.328631
48080	961	931	0.294	0	0:00:14.655719
48100	962	962	0.572	1	0:00:14.721684
48120	962	962	0.691	1	0:00:14.720955
48140	962	509	0.187	0	0:00:14.616844
48160	963	963	0.778	1	0:00:14.198120
48180	963	335	0.146	0	0:00:14.482046
48200	964	964	0.141	1	0:00:14.560776
48220	964	964	0.743	1	0:00:14.466608
48240	964	455	0.103	0	0:00:14.482074
48260	965	965	0.0231	1	0:00:14.879911
48280	965	924	0.121	0	0:00:14.713248
48300	966	-1	0.0	0	0:00:14.348942
48320	966	966	0.52	1	0:00:14.437465
48340	966	966	0.8	1	0:00:14.284831
48360	967	967	0.596	1	0:00:14.575154
48380	967	967	0.63	1	0:00:14.534668
48400	968	968	0.691	1	0:00:14.717904
48420	968	504	0.132	0	0:00:14.543348
48440	968	968	0.0529	1	0:00:14.492252
48460	969	504	0.0664	0	0:00:14.770774
48480	969	-1	0.0	0	0:00:14.481593
48500	970	795	0.764	0	0:00:14.533626
48520	970	980	0.161	0	0:00:14.537024
48540	970	970	0.316	1	0:00:14.338755
48560	971	971	0.8	1	0:00:14.474473
48580	971	971	0.71	1	0:00:14.307729
48600	972	979	0.464	0	0:00:14.563391
48620	972	972	0.218	1	0:00:14.596756
48640	972	972	0.126	1	0:00:14.330441
48660	973	973	0.27	1	0:00:14.664497
48680	973	973	0.565	1	0:00:14.464831
48700	974	974	0.8	1	0:00:14.356402
48720	974	974	0.8	1	0:00:14.533035
48740	974	974	0.8	1	0:00:14.553635
48760	975	975	0.8	1	0:00:14.414195
48780	975	975	0.566	1	0:00:14.812386
48800	976	972	0.228	0	0:00:14.515929
48820	976	976	0.35	1	0:00:14.431490
48840	976	976	0.397	1	0:00:14.294782
48860	977	977	0.0881	1	0:00:14.493572
48880	977	976	0.764	0	0:00:14.655386
48900	978	978	0.0922	1	0:00:14.332996
48920	978	976	0.182	0	0:00:14.493502
48940	978	-1	0.0	0	0:00:14.478742
48960	979	979	0.8	1	0:00:14.488894
48980	979	970	0.256	0	0:00:14.306875
49000	980	980	0.8	1	0:00:14.253430
49020	980	775	0.0316	0	0:00:14.639520
49040	980	980	0.136	1	0:00:14.585354
49060	981	981	0.8	1	0:00:14.603503
49080	981	981	0.677	1	0:00:14.464858
49100	982	982	0.8	1	0:00:14.351597
49120	982	982	0.8	1	0:00:14.570904
49140	982	457	0.397	0	0:00:14.566323
49160	983	-1	0.0	0	0:00:14.624888
49180	983	983	0.8	1	0:00:14.355359
49200	984	984	0.8	1	0:00:14.573783
49220	984	984	0.8	1	0:00:14.504206
49240	984	984	0.8	1	0:00:14.690497
49260	985	985	0.8	1	0:00:14.544534
49280	985	985	0.8	1	0:00:14.380620
49300	986	986	0.8	1	0:00:14.289378
49320	986	986	0.8	1	0:00:14.776910
49340	986	986	0.8	1	0:00:14.266855
49360	987	998	0.8	0	0:00:14.543118
49380	987	987	0.411	1	0:00:14.716744
49400	988	988	0.778	1	0:00:14.502957
49420	988	988	0.392	1	0:00:14.427942
49440	988	988	0.8	1	0:00:14.598196
49460	989	989	0.651	1	0:00:14.194334
49480	989	989	0.152	1	0:00:14.833713
49500	990	990	0.471	1	0:00:14.648479
49520	990	990	0.0837	1	0:00:14.266424
49540	990	990	0.8	1	0:00:14.358993
49560	991	991	0.8	1	0:00:14.564731
49580	991	991	0.8	1	0:00:14.430231
49600	992	992	0.8	1	0:00:14.485479
49620	992	947	0.8	0	0:00:14.408523
49640	992	947	0.533	0	0:00:14.813828
49660	993	993	0.8	1	0:00:14.469866
49680	993	993	0.8	1	0:00:14.338598
49700	994	994	0.8	1	0:00:14.348011
49720	994	994	0.8	1	0:00:14.792972
49740	994	994	0.503	1	0:00:14.635504
49760	995	995	0.743	1	0:00:14.563938
49780	995	995	0.8	1	0:00:14.701524
49800	996	996	0.8	1	0:00:14.417807
49820	996	996	0.387	1	0:00:14.420399
49840	996	996	0.8	1	0:00:14.555624
49860	997	997	0.472	1	0:00:14.351536
49880	997	997	0.471	1	0:00:14.572239
49900	998	987	0.8	0	0:00:14.309870
49920	998	998	0.753	1	0:00:14.444789
49940	998	987	0.778	0	0:00:14.539497
49960	999	700	0.108	0	0:00:14.578087
49980	999	692	0.15	0	0:00:14.572482
