idx	label	predict	radius	correct	time
0	0	391	0.346	0	0:00:30.120424
20	0	955	0.0838	0	0:00:08.010532
40	0	0	0.8	1	0:00:08.005561
60	1	1	0.8	1	0:00:07.894451
80	1	-1	0.0	0	0:00:07.907693
100	2	4	0.121	0	0:00:08.020806
120	2	2	0.753	1	0:00:07.938901
140	2	2	0.403	1	0:00:07.951485
160	3	3	0.0734	1	0:00:08.087987
180	3	3	0.525	1	0:00:07.933772
200	4	-1	0.0	0	0:00:08.184684
220	4	33	0.0405	0	0:00:07.955404
240	4	-1	0.0	0	0:00:07.936838
260	5	6	0.721	0	0:00:08.075541
280	5	5	0.778	1	0:00:07.978703
300	6	6	0.764	1	0:00:08.083396
320	6	6	0.254	1	0:00:08.053032
340	6	149	0.277	0	0:00:07.923147
360	7	23	0.00495	0	0:00:07.927648
380	7	552	0.499	0	0:00:08.065833
400	8	8	0.8	1	0:00:08.073258
420	8	-1	0.0	0	0:00:08.149177
440	8	8	0.7	1	0:00:07.956127
460	9	9	0.778	1	0:00:07.938927
480	9	-1	0.0	0	0:00:08.077264
500	10	13	0.368	0	0:00:07.912394
520	10	82	0.0358	0	0:00:07.958831
540	10	10	0.58	1	0:00:08.064512
560	11	325	0.181	0	0:00:07.955770
580	11	11	0.62	1	0:00:08.211416
600	12	524	0.0773	0	0:00:07.962863
620	12	12	0.8	1	0:00:07.971088
640	12	989	0.273	0	0:00:08.087965
660	13	13	0.8	1	0:00:07.970250
680	13	13	0.0592	1	0:00:08.089232
700	14	92	0.173	0	0:00:08.082277
720	14	14	0.8	1	0:00:07.984468
740	14	14	0.8	1	0:00:07.972837
760	15	15	0.764	1	0:00:08.078930
780	15	82	0.118	0	0:00:08.098054
800	16	120	0.237	0	0:00:08.089863
820	16	10	0.8	0	0:00:07.960563
840	16	16	0.691	1	0:00:07.962987
860	17	-1	0.0	0	0:00:08.074299
880	17	16	0.466	0	0:00:07.967931
900	18	-1	0.0	0	0:00:07.974566
920	18	17	0.0353	0	0:00:08.069720
940	18	18	0.778	1	0:00:07.950189
960	19	-1	0.0	0	0:00:08.198474
980	19	505	0.42	0	0:00:07.970970
1000	20	20	0.8	1	0:00:07.972564
1020	20	20	0.8	1	0:00:08.099362
1040	20	20	0.8	1	0:00:07.964396
1060	21	379	0.8	0	0:00:08.103134
1080	21	12	0.45	0	0:00:08.084152
1100	22	21	0.664	0	0:00:07.950743
1120	22	22	0.8	1	0:00:07.974383
1140	22	22	0.8	1	0:00:08.082947
1160	23	23	0.544	1	0:00:08.115726
1180	23	21	0.156	0	0:00:08.073831
1200	24	24	0.8	1	0:00:07.991120
1220	24	82	0.422	0	0:00:07.982453
1240	24	24	0.8	1	0:00:08.102816
1260	25	58	0.285	0	0:00:07.987486
1280	25	25	0.49	1	0:00:07.980803
1300	26	26	0.422	1	0:00:08.065972
1320	26	464	0.293	0	0:00:07.970897
1340	26	26	0.8	1	0:00:08.234238
1360	27	27	0.8	1	0:00:07.977759
1380	27	27	0.8	1	0:00:07.974613
1400	28	116	0.8	0	0:00:08.086361
1420	28	28	0.8	1	0:00:07.988253
1440	28	28	0.8	1	0:00:08.106507
1460	29	29	0.8	1	0:00:08.128754
1480	29	-1	0.0	0	0:00:07.976321
1500	30	30	0.244	1	0:00:07.991918
1520	30	50	0.389	0	0:00:08.082145
1540	30	32	0.33	0	0:00:08.095605
1560	31	46	0.354	0	0:00:08.087397
1580	31	31	0.753	1	0:00:07.969962
1600	32	103	0.437	0	0:00:07.968797
1620	32	32	0.0758	1	0:00:08.087852
1640	32	-1	0.0	0	0:00:07.988560
1660	33	98	0.0499	0	0:00:07.980937
1680	33	-1	0.0	0	0:00:08.086061
1700	34	-1	0.0	0	0:00:07.972714
1720	34	445	0.0556	0	0:00:08.191602
1740	34	78	0.202	0	0:00:07.973747
1760	35	35	0.572	1	0:00:07.975195
1780	35	36	0.181	0	0:00:08.074827
1800	36	35	0.0144	0	0:00:07.981105
1820	36	34	0.00903	0	0:00:08.110929
1840	36	35	0.399	0	0:00:08.079300
1860	37	-1	0.0	0	0:00:07.981121
1880	37	116	0.051	0	0:00:07.971701
1900	38	125	0.307	0	0:00:08.076224
1920	38	-1	0.0	0	0:00:08.119235
1940	38	38	0.444	1	0:00:08.075414
1960	39	46	0.8	0	0:00:07.966679
1980	39	39	0.00665	1	0:00:07.981952
2000	40	945	0.227	0	0:00:08.075029
2020	40	46	0.721	0	0:00:07.970953
2040	40	949	0.257	0	0:00:07.973044
2060	41	41	0.8	1	0:00:08.107874
2080	41	994	0.516	0	0:00:07.976970
2100	42	-1	0.0	0	0:00:08.214010
2120	42	42	0.687	1	0:00:07.955275
2140	42	43	0.347	0	0:00:07.973520
2160	43	-1	0.0	0	0:00:08.095332
2180	43	46	0.366	0	0:00:07.986649
2200	44	41	0.146	0	0:00:08.093680
2220	44	118	0.0718	0	0:00:08.086289
2240	44	44	0.158	1	0:00:07.981078
2260	45	45	0.0857	1	0:00:07.962822
2280	45	45	0.317	1	0:00:08.089982
2300	46	46	0.8	1	0:00:08.096969
2320	46	14	0.0948	0	0:00:08.086473
2340	46	988	0.0479	0	0:00:07.968023
2360	47	272	0.064	0	0:00:07.973560
2380	47	32	0.234	0	0:00:08.099711
2400	48	-1	0.0	0	0:00:07.989775
2420	48	-1	0.0	0	0:00:07.979903
2440	48	-1	0.0	0	0:00:08.085125
2460	49	50	0.778	0	0:00:07.969165
2480	49	137	0.447	0	0:00:08.257501
2500	50	82	0.223	0	0:00:07.981585
2520	50	58	0.0725	0	0:00:07.969743
2540	50	-1	0.0	0	0:00:08.087143
2560	51	51	0.276	1	0:00:07.986818
2580	51	51	0.8	1	0:00:08.109577
2600	52	111	0.229	0	0:00:08.053111
2620	52	-1	0.0	0	0:00:07.969663
2640	52	79	0.189	0	0:00:07.994810
2660	53	419	0.182	0	0:00:08.080918
2680	53	-1	0.0	0	0:00:08.113752
2700	54	57	0.8	0	0:00:08.097913
2720	54	62	0.313	0	0:00:07.977942
2740	54	61	0.314	0	0:00:07.975357
2760	55	55	0.7	1	0:00:08.084430
2780	55	996	0.221	0	0:00:07.994884
2800	56	710	0.728	0	0:00:07.975664
2820	56	66	0.112	0	0:00:08.100722
2840	56	-1	0.0	0	0:00:07.967839
2860	57	57	0.656	1	0:00:08.210253
2880	57	-1	0.0	0	0:00:07.990219
2900	58	116	0.0566	0	0:00:07.988562
2920	58	77	0.0358	0	0:00:08.104787
2940	58	120	0.305	0	0:00:07.981896
2960	59	59	0.8	1	0:00:08.070634
2980	59	59	0.498	1	0:00:08.060817
3000	60	61	0.8	0	0:00:07.984043
3020	60	66	0.199	0	0:00:07.973882
3040	60	815	0.445	0	0:00:08.101604
3060	61	120	0.143	0	0:00:08.103225
3080	61	61	0.721	1	0:00:08.158925
3100	62	61	0.778	0	0:00:07.977304
3120	62	82	0.0217	0	0:00:07.975240
3140	62	-1	0.0	0	0:00:08.080521
3160	63	63	0.778	1	0:00:07.970282
3180	63	-1	0.0	0	0:00:07.966296
3200	64	64	0.8	1	0:00:08.075324
3220	64	59	0.144	0	0:00:07.946931
3240	64	103	0.158	0	0:00:08.266153
3260	65	805	0.0806	0	0:00:07.978432
3280	65	65	0.735	1	0:00:07.961201
3300	66	118	0.8	0	0:00:08.084360
3320	66	-1	0.0	0	0:00:07.969703
3340	66	930	0.649	0	0:00:08.072081
3360	67	410	0.185	0	0:00:08.076061
3380	67	67	0.573	1	0:00:07.994916
3400	68	61	0.176	0	0:00:07.982666
3420	68	68	0.61	1	0:00:08.086148
3440	68	66	0.8	0	0:00:08.080948
3460	69	112	0.0516	0	0:00:08.081315
3480	69	69	0.684	1	0:00:07.981178
3500	70	70	0.71	1	0:00:07.954797
3520	70	70	0.0163	1	0:00:08.144902
3540	70	70	0.488	1	0:00:07.972173
3560	71	-1	0.0	0	0:00:07.978127
3580	71	71	0.778	1	0:00:08.092070
3600	72	72	0.778	1	0:00:07.969879
3620	72	72	0.8	1	0:00:08.210207
3640	72	72	0.8	1	0:00:07.993502
3660	73	78	0.778	0	0:00:07.957940
3680	73	815	0.462	0	0:00:08.113371
3700	74	310	0.592	0	0:00:07.975362
3720	74	74	0.8	1	0:00:08.092391
3740	74	815	0.8	0	0:00:08.082141
3760	75	75	0.8	1	0:00:07.975746
3780	75	77	0.0553	0	0:00:07.972217
3800	76	-1	0.0	0	0:00:08.077505
3820	76	552	0.205	0	0:00:08.094694
3840	76	76	0.8	1	0:00:08.091820
3860	77	77	0.8	1	0:00:07.947599
3880	77	972	0.281	0	0:00:07.960985
3900	78	120	0.358	0	0:00:08.083230
3920	78	-1	0.0	0	0:00:07.972075
3940	78	120	0.434	0	0:00:07.967610
3960	79	124	0.0052	0	0:00:08.082357
3980	79	79	0.8	1	0:00:07.970941
4000	80	80	0.8	1	0:00:08.217771
4020	80	80	0.8	1	0:00:07.970750
4040	80	80	0.8	1	0:00:07.970126
4060	81	-1	0.0	0	0:00:08.097855
4080	81	81	0.8	1	0:00:07.999909
4100	82	82	0.375	1	0:00:08.094537
4120	82	82	0.8	1	0:00:08.118644
4140	82	82	0.753	1	0:00:07.964905
4160	83	-1	0.0	0	0:00:07.978232
4180	83	83	0.8	1	0:00:08.099501
4200	84	84	0.336	1	0:00:08.081486
4220	84	-1	0.0	0	0:00:08.088719
4240	84	84	0.8	1	0:00:07.978270
4260	85	86	0.363	0	0:00:07.980072
4280	85	85	0.379	1	0:00:08.090374
4300	86	82	0.339	0	0:00:07.980096
4320	86	82	0.296	0	0:00:07.967012
4340	86	82	0.496	0	0:00:08.085102
4360	87	87	0.8	1	0:00:07.963614
4380	87	723	0.242	0	0:00:08.218368
4400	88	944	0.0433	0	0:00:07.970795
4420	88	21	0.468	0	0:00:07.977704
4440	88	88	0.8	1	0:00:08.100237
4460	89	89	0.8	1	0:00:07.950030
4480	89	-1	0.0	0	0:00:08.104691
4500	90	90	0.183	1	0:00:08.080476
4520	90	90	0.8	1	0:00:07.962115
4540	90	90	0.8	1	0:00:07.972339
4560	91	91	0.8	1	0:00:08.093514
4580	91	91	0.8	1	0:00:08.116300
4600	92	14	0.0236	0	0:00:08.091431
4620	92	46	0.8	0	0:00:07.974311
4640	92	92	0.8	1	0:00:07.973087
4660	93	93	0.8	1	0:00:08.076044
4680	93	93	0.61	1	0:00:07.971816
4700	94	94	0.8	1	0:00:07.959920
4720	94	94	0.743	1	0:00:08.113935
4740	94	94	0.8	1	0:00:07.983355
4760	95	95	0.522	1	0:00:08.202733
4780	95	95	0.547	1	0:00:07.968225
4800	96	96	0.8	1	0:00:07.968193
4820	96	96	0.8	1	0:00:08.067082
4840	96	96	0.8	1	0:00:07.973063
4860	97	97	0.8	1	0:00:08.146904
4880	97	97	0.616	1	0:00:08.092113
4900	98	98	0.0771	1	0:00:07.962192
4920	98	98	0.8	1	0:00:07.981071
4940	98	-1	0.0	0	0:00:08.094348
4960	99	-1	0.0	0	0:00:08.089297
4980	99	131	0.393	0	0:00:08.089762
5000	100	100	0.8	1	0:00:07.974522
5020	100	100	0.764	1	0:00:07.958984
5040	100	974	0.417	0	0:00:08.072665
5060	101	101	0.8	1	0:00:07.976161
5080	101	-1	0.0	0	0:00:07.985623
5100	102	102	0.8	1	0:00:08.080019
5120	102	102	0.8	1	0:00:07.969283
5140	102	102	0.8	1	0:00:08.228190
5160	103	103	0.8	1	0:00:07.979025
5180	103	103	0.239	1	0:00:07.973114
5200	104	104	0.568	1	0:00:08.086445
5220	104	-1	0.0	0	0:00:07.971944
5240	104	48	0.531	0	0:00:08.090983
5260	105	104	0.0543	0	0:00:08.097759
5280	105	105	0.0796	1	0:00:07.980395
5300	106	106	0.656	1	0:00:07.971884
5320	106	106	0.212	1	0:00:08.095788
5340	106	-1	0.0	0	0:00:08.095175
5360	107	-1	0.0	0	0:00:08.122037
5380	107	852	0.203	0	0:00:07.974605
5400	108	562	0.0356	0	0:00:07.963108
5420	108	108	0.438	1	0:00:08.084710
5440	108	108	0.466	1	0:00:07.979124
5460	109	973	0.224	0	0:00:07.983335
5480	109	-1	0.0	0	0:00:08.078351
5500	110	110	0.8	1	0:00:07.974370
5520	110	599	0.315	0	0:00:08.206656
5540	110	115	0.328	0	0:00:07.956347
5560	111	959	0.181	0	0:00:07.983535
5580	111	784	0.411	0	0:00:08.148699
5600	112	112	0.333	1	0:00:07.973403
5620	112	-1	0.0	0	0:00:08.108339
5640	112	112	0.26	1	0:00:08.087934
5660	113	1	0.239	0	0:00:07.958003
5680	113	51	0.0613	0	0:00:07.971723
5700	114	-1	0.0	0	0:00:08.084181
5720	114	114	0.8	1	0:00:08.093591
5740	114	114	0.45	1	0:00:08.089591
5760	115	-1	0.0	0	0:00:07.946176
5780	115	953	0.52	0	0:00:07.967769
5800	116	116	0.8	1	0:00:08.082059
5820	116	116	0.23	1	0:00:07.976134
5840	116	305	0.0516	0	0:00:07.987835
5860	117	-1	0.0	0	0:00:08.085448
5880	117	117	0.8	1	0:00:07.967921
5900	118	118	0.8	1	0:00:08.210098
5920	118	118	0.583	1	0:00:07.979756
5940	118	118	0.2	1	0:00:07.978868
5960	119	118	0.251	0	0:00:08.090504
5980	119	119	0.502	1	0:00:07.977335
6000	120	119	0.268	0	0:00:08.099761
6020	120	-1	0.0	0	0:00:08.060375
6040	120	120	0.8	1	0:00:07.987497
6060	121	-1	0.0	0	0:00:07.969552
6080	121	118	0.215	0	0:00:08.089151
6100	122	122	0.129	1	0:00:08.094459
6120	122	122	0.8	1	0:00:08.086577
6140	122	122	0.0821	1	0:00:07.962867
6160	123	120	0.00684	0	0:00:07.978807
6180	123	123	0.13	1	0:00:08.101205
6200	124	118	0.462	0	0:00:07.960392
6220	124	124	0.621	1	0:00:07.970412
6240	124	416	0.735	0	0:00:08.083433
6260	125	125	0.213	1	0:00:07.975981
6280	125	125	0.0394	1	0:00:08.217238
6300	126	-1	0.0	0	0:00:07.987160
6320	126	971	0.559	0	0:00:07.969720
6340	126	107	0.551	0	0:00:08.074604
6360	127	127	0.8	1	0:00:07.942870
6380	127	141	0.141	0	0:00:08.094547
6400	128	128	0.8	1	0:00:08.093507
6420	128	-1	0.0	0	0:00:07.961952
6440	128	128	0.422	1	0:00:07.974253
6460	129	129	0.394	1	0:00:08.085753
6480	129	129	0.8	1	0:00:08.072278
6500	130	130	0.453	1	0:00:08.080724
6520	130	130	0.8	1	0:00:07.973153
6540	130	-1	0.0	0	0:00:07.978273
6560	131	131	0.024	1	0:00:08.085641
6580	131	146	0.235	0	0:00:07.974421
6600	132	129	0.473	0	0:00:07.950944
6620	132	132	0.8	1	0:00:08.125916
6640	132	975	0.696	0	0:00:07.958785
6660	133	958	0.195	0	0:00:08.219224
6680	133	562	0.0703	0	0:00:07.985440
6700	134	-1	0.0	0	0:00:07.956713
6720	134	-1	0.0	0	0:00:08.084317
6740	134	138	0.8	0	0:00:07.988124
6760	135	135	0.417	1	0:00:08.090012
6780	135	135	0.764	1	0:00:08.078976
6800	136	136	0.8	1	0:00:07.982460
6820	136	136	0.632	1	0:00:07.993121
6840	136	136	0.444	1	0:00:08.103348
6860	137	137	0.8	1	0:00:08.071558
6880	137	148	0.214	0	0:00:08.084312
6900	138	138	0.509	1	0:00:07.986488
6920	138	138	0.691	1	0:00:07.978767
6940	138	81	0.264	0	0:00:08.092058
6960	139	139	0.8	1	0:00:07.982113
6980	139	143	0.0974	0	0:00:07.986831
7000	140	140	0.743	1	0:00:08.081458
7020	140	119	0.348	0	0:00:07.983714
7040	140	50	0.0498	0	0:00:08.216180
7060	141	298	0.0139	0	0:00:07.970989
7080	141	141	0.559	1	0:00:07.975448
7100	142	142	0.0519	1	0:00:08.086970
7120	142	142	0.8	1	0:00:07.965825
7140	142	142	0.8	1	0:00:08.081407
7160	143	569	0.0943	0	0:00:08.086644
7180	143	-1	0.0	0	0:00:07.970517
7200	144	13	0.0628	0	0:00:07.967700
7220	144	144	0.384	1	0:00:08.117587
7240	144	142	0.288	0	0:00:08.087946
7260	145	145	0.8	1	0:00:08.077535
7280	145	145	0.8	1	0:00:07.969119
7300	146	330	0.574	0	0:00:07.978335
7320	146	277	0.172	0	0:00:08.092269
7340	146	146	0.382	1	0:00:07.967173
7360	147	147	0.8	1	0:00:07.959888
7380	147	2	0.0373	0	0:00:08.088869
7400	148	148	0.8	1	0:00:07.944564
7420	148	148	0.8	1	0:00:08.204004
7440	148	148	0.8	1	0:00:07.959638
7460	149	149	0.335	1	0:00:07.969043
7480	149	149	0.62	1	0:00:08.082577
7500	150	58	0.53	0	0:00:07.968304
7520	150	150	0.551	1	0:00:08.090641
7540	150	373	0.142	0	0:00:08.094171
7560	151	237	0.142	0	0:00:07.967673
7580	151	938	0.21	0	0:00:07.978826
7600	152	152	0.565	1	0:00:08.097537
7620	152	232	0.0236	0	0:00:08.111179
7640	152	332	0.0158	0	0:00:08.162407
7660	153	-1	0.0	0	0:00:07.971073
7680	153	153	0.26	1	0:00:07.972832
7700	154	154	0.058	1	0:00:08.090657
7720	154	154	0.535	1	0:00:07.964650
7740	154	-1	0.0	0	0:00:07.963243
7760	155	194	0.379	0	0:00:08.104070
7780	155	155	0.474	1	0:00:07.975237
7800	156	156	0.8	1	0:00:08.242162
7820	156	156	0.393	1	0:00:07.972259
7840	156	156	0.696	1	0:00:07.963961
7860	157	-1	0.0	0	0:00:08.079273
7880	157	157	0.416	1	0:00:07.969412
7900	158	173	0.0495	0	0:00:08.085943
7920	158	195	0.369	0	0:00:08.081991
7940	158	237	0.609	0	0:00:07.954357
7960	159	159	0.048	1	0:00:07.967661
7980	159	-1	0.0	0	0:00:08.088394
8000	160	160	0.662	1	0:00:08.091948
8020	160	205	0.287	0	0:00:08.072963
8040	160	-1	0.0	0	0:00:07.963797
8060	161	527	0.339	0	0:00:07.991719
8080	161	-1	0.0	0	0:00:08.127046
8100	162	162	0.8	1	0:00:07.986205
8120	162	162	0.0515	1	0:00:07.970715
8140	162	162	0.728	1	0:00:08.078632
8160	163	234	0.00408	0	0:00:07.949811
8180	163	281	0.621	0	0:00:08.213234
8200	164	264	0.193	0	0:00:07.965228
8220	164	-1	0.0	0	0:00:07.978434
8240	164	164	0.8	1	0:00:08.095679
8260	165	237	0.0581	0	0:00:07.967145
8280	165	241	0.127	0	0:00:08.074140
8300	166	162	0.0373	0	0:00:08.061410
8320	166	162	0.123	0	0:00:07.953785
8340	166	166	0.616	1	0:00:07.962348
8360	167	162	0.715	0	0:00:08.081872
8380	167	166	0.8	0	0:00:08.091907
8400	168	341	0.753	0	0:00:08.072002
8420	168	339	0.553	0	0:00:07.967572
8440	168	168	0.238	1	0:00:07.957950
8460	169	129	0.225	0	0:00:08.096824
8480	169	222	0.0858	0	0:00:07.989026
8500	170	354	0.314	0	0:00:07.982734
8520	170	202	0.442	0	0:00:08.087749
8540	170	-1	0.0	0	0:00:07.978418
8560	171	171	0.357	1	0:00:08.209682
8580	171	298	0.293	0	0:00:07.983083
8600	172	172	0.479	1	0:00:07.974770
8620	172	207	0.139	0	0:00:08.085023
8640	172	172	0.0835	1	0:00:07.972880
8660	173	215	0.0634	0	0:00:08.097282
8680	173	173	0.502	1	0:00:08.115576
8700	174	174	0.778	1	0:00:07.976672
8720	174	174	0.279	1	0:00:07.982316
8740	174	174	0.406	1	0:00:08.081898
8760	175	254	0.538	0	0:00:08.096311
8780	175	377	0.0876	0	0:00:08.080196
8800	176	176	0.473	1	0:00:07.969076
8820	176	-1	0.0	0	0:00:07.966426
8840	176	865	0.235	0	0:00:08.085690
8860	177	354	0.148	0	0:00:07.957369
8880	177	177	0.178	1	0:00:07.967569
8900	178	178	0.8	1	0:00:08.087631
8920	178	51	0.268	0	0:00:07.979435
8940	178	178	0.481	1	0:00:08.200188
8960	179	217	0.206	0	0:00:07.962706
8980	179	179	0.8	1	0:00:07.956612
9000	180	-1	0.0	0	0:00:08.079448
9020	180	237	0.168	0	0:00:07.981742
9040	180	237	0.123	0	0:00:08.081125
9060	181	971	0.00727	0	0:00:08.085919
9080	181	254	0.156	0	0:00:07.983886
9100	182	281	0.179	0	0:00:07.965361
9120	182	276	0.212	0	0:00:08.078428
9140	182	350	0.285	0	0:00:08.111465
9160	183	361	0.0147	0	0:00:08.078967
9180	183	197	0.0191	0	0:00:07.965521
9200	184	188	0.351	0	0:00:07.982406
9220	184	713	0.121	0	0:00:08.100522
9240	184	191	0.71	0	0:00:07.974793
9260	185	185	0.278	1	0:00:07.988845
9280	185	185	0.778	1	0:00:08.110715
9300	186	-1	0.0	0	0:00:07.980278
9320	186	-1	0.0	0	0:00:08.203697
9340	186	271	0.0992	0	0:00:07.979114
9360	187	-1	0.0	0	0:00:07.980321
9380	187	-1	0.0	0	0:00:08.093351
9400	188	188	0.141	1	0:00:07.976538
9420	188	271	0.371	0	0:00:08.092707
9440	188	-1	0.0	0	0:00:08.078131
9460	189	191	0.687	0	0:00:07.967964
9480	189	189	0.032	1	0:00:07.965729
9500	190	190	0.373	1	0:00:08.087910
9520	190	617	0.391	0	0:00:08.103010
9540	190	190	0.8	1	0:00:08.098313
9560	191	191	0.592	1	0:00:07.981979
9580	191	191	0.8	1	0:00:07.982895
9600	192	252	0.19	0	0:00:08.094838
9620	192	182	0.134	0	0:00:07.969715
9640	192	195	0.0954	0	0:00:07.969163
9660	193	177	0.412	0	0:00:08.056905
9680	193	193	0.163	1	0:00:07.966256
9700	194	-1	0.0	0	0:00:08.255530
9720	194	-1	0.0	0	0:00:07.985845
9740	194	194	0.194	1	0:00:07.978716
9760	195	195	0.8	1	0:00:08.084815
9780	195	195	0.8	1	0:00:07.977506
9800	196	199	0.158	0	0:00:08.089631
9820	196	196	0.239	1	0:00:08.092451
9840	196	198	0.8	0	0:00:07.962913
9860	197	199	0.743	0	0:00:07.976556
9880	197	232	0.284	0	0:00:08.088869
9900	198	155	0.469	0	0:00:08.088787
9920	198	196	0.654	0	0:00:08.094986
9940	198	723	0.181	0	0:00:07.972165
9960	199	203	0.705	0	0:00:07.970565
9980	199	199	0.8	1	0:00:08.077201
10000	200	239	0.21	0	0:00:07.971986
10020	200	-1	0.0	0	0:00:07.970026
10040	200	-1	0.0	0	0:00:08.082859
10060	201	201	0.0499	1	0:00:07.977934
10080	201	-1	0.0	0	0:00:08.199553
10100	202	182	0.112	0	0:00:07.985871
10120	202	-1	0.0	0	0:00:07.978732
10140	202	-1	0.0	0	0:00:08.079331
10160	203	359	0.0454	0	0:00:07.990261
10180	203	203	0.349	1	0:00:08.063735
10200	204	155	0.378	0	0:00:08.079208
10220	204	153	0.424	0	0:00:07.976584
10240	204	155	0.513	0	0:00:07.970317
10260	205	205	0.687	1	0:00:08.086561
10280	205	205	0.462	1	0:00:08.095366
10300	206	221	0.8	0	0:00:08.153646
10320	206	221	0.0761	0	0:00:07.979662
10340	206	271	0.0458	0	0:00:07.978981
10360	207	207	0.715	1	0:00:08.074285
10380	207	207	0.64	1	0:00:07.963462
10400	208	205	0.0745	0	0:00:07.983257
10420	208	205	0.365	0	0:00:08.088488
10440	208	205	0.563	0	0:00:07.980917
10460	209	-1	0.0	0	0:00:08.238642
10480	209	236	0.26	0	0:00:07.946879
10500	210	960	0.377	0	0:00:07.970069
10520	210	217	0.47	0	0:00:08.085352
10540	210	210	0.8	1	0:00:07.980209
10560	211	211	0.175	1	0:00:08.086020
10580	211	-1	0.0	0	0:00:08.081422
10600	212	-1	0.0	0	0:00:07.975134
10620	212	330	0.372	0	0:00:07.980471
10640	212	212	0.0816	1	0:00:08.079928
10660	213	213	0.778	1	0:00:08.085072
10680	213	865	0.778	0	0:00:08.078128
10700	214	-1	0.0	0	0:00:07.972413
10720	214	214	0.242	1	0:00:07.964887
10740	214	214	0.487	1	0:00:08.119712
10760	215	215	0.00564	1	0:00:07.974856
10780	215	-1	0.0	0	0:00:07.976105
10800	216	215	0.157	0	0:00:08.087706
10820	216	216	0.654	1	0:00:07.977753
10840	216	-1	0.0	0	0:00:08.209865
10860	217	217	0.514	1	0:00:07.984531
10880	217	217	0.559	1	0:00:07.966370
10900	218	218	0.764	1	0:00:08.101398
10920	218	218	0.8	1	0:00:07.965731
10940	218	218	0.8	1	0:00:08.082572
10960	219	156	0.457	0	0:00:08.073398
10980	219	-1	0.0	0	0:00:07.974442
11000	220	-1	0.0	0	0:00:07.982909
11020	220	-1	0.0	0	0:00:08.097310
11040	220	-1	0.0	0	0:00:08.089685
11060	221	221	0.138	1	0:00:08.086582
11080	221	792	0.536	0	0:00:07.949032
11100	222	270	0.0364	0	0:00:07.979607
11120	222	978	0.0668	0	0:00:08.082323
11140	222	-1	0.0	0	0:00:07.976306
11160	223	223	0.425	1	0:00:07.965409
11180	223	-1	0.0	0	0:00:08.093344
11200	224	-1	0.0	0	0:00:07.970565
11220	224	295	0.0216	0	0:00:08.206439
11240	224	224	0.764	1	0:00:07.961482
11260	225	243	0.00941	0	0:00:07.973587
11280	225	225	0.468	1	0:00:08.092408
11300	226	207	0.00734	0	0:00:07.976814
11320	226	200	0.764	0	0:00:08.095306
11340	226	-1	0.0	0	0:00:08.086242
11360	227	227	0.265	1	0:00:07.968896
11380	227	227	0.591	1	0:00:07.967860
11400	228	840	0.105	0	0:00:08.082228
11420	228	228	0.8	1	0:00:08.085926
11440	228	228	0.8	1	0:00:08.077453
11460	229	229	0.8	1	0:00:07.972538
11480	229	229	0.562	1	0:00:07.963151
11500	230	231	0.465	0	0:00:08.075247
11520	230	231	0.475	0	0:00:07.974612
11540	230	230	0.247	1	0:00:07.955808
11560	231	231	0.154	1	0:00:08.075068
11580	231	231	0.8	1	0:00:07.970393
11600	232	232	0.8	1	0:00:08.203774
11620	232	-1	0.0	0	0:00:07.954121
11640	232	232	0.286	1	0:00:07.986515
11660	233	-1	0.0	0	0:00:08.082389
11680	233	191	0.0643	0	0:00:07.967226
11700	234	205	0.0114	0	0:00:08.092602
11720	234	-1	0.0	0	0:00:08.087103
11740	234	234	0.626	1	0:00:07.983640
11760	235	235	0.219	1	0:00:07.981843
11780	235	234	0.184	0	0:00:08.133134
11800	236	-1	0.0	0	0:00:08.097944
11820	236	236	0.778	1	0:00:08.093323
11840	236	234	0.0584	0	0:00:07.977124
11860	237	240	0.248	0	0:00:07.978047
11880	237	-1	0.0	0	0:00:08.091925
11900	238	241	0.8	0	0:00:07.965146
11920	238	238	0.0421	1	0:00:07.961144
11940	238	-1	0.0	0	0:00:08.071429
11960	239	217	0.147	0	0:00:07.985528
11980	239	756	0.175	0	0:00:08.202089
12000	240	238	0.582	0	0:00:07.968241
12020	240	240	0.764	1	0:00:07.986618
12040	240	445	0.284	0	0:00:08.089216
12060	241	241	0.8	1	0:00:07.973156
12080	241	240	0.036	0	0:00:08.159984
12100	242	339	0.548	0	0:00:08.081596
12120	242	271	0.63	0	0:00:07.970641
12140	242	273	0.0575	0	0:00:07.965423
12160	243	262	0.728	0	0:00:08.082115
12180	243	163	0.0661	0	0:00:08.093621
12200	244	244	0.8	1	0:00:08.082845
12220	244	239	0.0748	0	0:00:07.969263
12240	244	244	0.8	1	0:00:07.960719
12260	245	245	0.607	1	0:00:08.086287
12280	245	-1	0.0	0	0:00:07.968308
12300	246	222	0.399	0	0:00:07.960887
12320	246	243	0.531	0	0:00:08.071084
12340	246	291	0.227	0	0:00:07.980456
12360	247	156	0.328	0	0:00:08.210994
12380	247	215	0.323	0	0:00:07.952871
12400	248	248	0.59	1	0:00:07.971189
12420	248	249	0.691	0	0:00:08.077959
12440	248	248	0.8	1	0:00:07.955420
12460	249	249	0.432	1	0:00:08.096700
12480	249	249	0.39	1	0:00:08.088717
12500	250	280	0.0677	0	0:00:07.975124
12520	250	250	0.0047	1	0:00:07.973331
12540	250	162	0.446	0	0:00:08.085368
12560	251	251	0.8	1	0:00:08.087569
12580	251	251	0.8	1	0:00:08.083706
12600	252	252	0.0142	1	0:00:07.980781
12620	252	199	0.127	0	0:00:07.965944
12640	252	252	0.0504	1	0:00:08.080180
12660	253	253	0.26	1	0:00:07.968008
12680	253	253	0.236	1	0:00:07.963974
12700	254	-1	0.0	0	0:00:08.079530
12720	254	830	0.078	0	0:00:07.966655
12740	254	254	0.8	1	0:00:08.190617
12760	255	255	0.8	1	0:00:07.974829
12780	255	255	0.8	1	0:00:07.971424
12800	256	256	0.539	1	0:00:08.150245
12820	256	-1	0.0	0	0:00:07.962888
12840	256	76	0.493	0	0:00:08.104102
12860	257	257	0.222	1	0:00:08.084005
12880	257	257	0.8	1	0:00:07.981759
12900	258	258	0.549	1	0:00:07.946543
12920	258	258	0.287	1	0:00:08.081149
12940	258	270	0.116	0	0:00:08.096227
12960	259	259	0.556	1	0:00:08.101922
12980	259	259	0.571	1	0:00:07.983541
13000	260	260	0.8	1	0:00:07.974676
13020	260	260	0.8	1	0:00:08.070618
13040	260	270	0.0911	0	0:00:07.983381
13060	261	254	0.0412	0	0:00:07.987322
13080	261	174	0.196	0	0:00:08.180208
13100	262	262	0.8	1	0:00:07.976398
13120	262	191	0.126	0	0:00:08.268276
13140	262	298	0.0344	0	0:00:07.987375
13160	263	153	0.0135	0	0:00:07.944426
13180	263	263	0.435	1	0:00:08.074374
13200	264	264	0.378	1	0:00:07.971266
13220	264	264	0.743	1	0:00:08.110861
13240	264	232	0.337	0	0:00:08.115837
13260	265	266	0.0553	0	0:00:07.980865
13280	265	-1	0.0	0	0:00:07.975668
13300	266	265	0.111	0	0:00:08.076533
13320	266	265	0.351	0	0:00:08.076321
13340	266	-1	0.0	0	0:00:08.089103
13360	267	267	0.528	1	0:00:07.962767
13380	267	-1	0.0	0	0:00:07.961884
13400	268	268	0.778	1	0:00:08.098532
13420	268	268	0.194	1	0:00:07.977264
13440	268	268	0.165	1	0:00:07.973307
13460	269	272	0.469	0	0:00:08.085940
13480	269	249	0.143	0	0:00:07.977342
13500	270	270	0.8	1	0:00:08.216032
13520	270	270	0.8	1	0:00:07.975404
13540	270	257	0.0281	0	0:00:07.980065
13560	271	-1	0.0	0	0:00:08.084406
13580	271	996	0.0114	0	0:00:07.977542
13600	272	274	0.8	0	0:00:08.104277
13620	272	272	0.222	1	0:00:08.088771
13640	272	-1	0.0	0	0:00:07.988004
13660	273	271	0.491	0	0:00:07.973647
13680	273	273	0.764	1	0:00:08.087513
13700	274	271	0.753	0	0:00:08.099175
13720	274	-1	0.0	0	0:00:08.089579
13740	274	271	0.691	0	0:00:07.960539
13760	275	275	0.8	1	0:00:07.968987
13780	275	275	0.8	1	0:00:08.113865
13800	276	276	0.8	1	0:00:07.989974
13820	276	276	0.547	1	0:00:07.978474
13840	276	276	0.0894	1	0:00:08.104400
13860	277	277	0.117	1	0:00:07.970314
13880	277	277	0.561	1	0:00:08.196363
13900	278	278	0.00451	1	0:00:07.975438
13920	278	272	0.248	0	0:00:07.971988
13940	278	278	0.478	1	0:00:08.096645
13960	279	279	0.721	1	0:00:07.968864
13980	279	279	0.505	1	0:00:08.083251
14000	280	280	0.71	1	0:00:08.092731
14020	280	280	0.499	1	0:00:07.946468
14040	280	335	0.634	0	0:00:07.972562
14060	281	281	0.8	1	0:00:08.085994
14080	281	281	0.269	1	0:00:08.102846
14100	282	281	0.8	0	0:00:08.098179
14120	282	383	0.055	0	0:00:07.980826
14140	282	281	0.753	0	0:00:07.975905
14160	283	279	0.139	0	0:00:08.056529
14180	283	283	0.644	1	0:00:07.980810
14200	284	284	0.8	1	0:00:07.975320
14220	284	281	0.615	0	0:00:08.089174
14240	284	284	0.764	1	0:00:07.973642
14260	285	281	0.168	0	0:00:08.211578
14280	285	281	0.8	0	0:00:07.971750
14300	286	286	0.8	1	0:00:07.973982
14320	286	286	0.193	1	0:00:08.087578
14340	286	500	0.574	0	0:00:07.983552
14360	287	287	0.8	1	0:00:08.159588
14380	287	293	0.286	0	0:00:08.075323
14400	288	290	0.8	0	0:00:07.973149
14420	288	290	0.71	0	0:00:07.984517
14440	288	288	0.156	1	0:00:08.100871
14460	289	289	0.563	1	0:00:08.093735
14480	289	289	0.192	1	0:00:08.088158
14500	290	290	0.8	1	0:00:07.977175
14520	290	288	0.169	0	0:00:07.979257
14540	290	290	0.5	1	0:00:08.090399
14560	291	-1	0.0	0	0:00:07.975024
14580	291	291	0.8	1	0:00:07.979471
14600	292	290	0.8	0	0:00:08.099811
14620	292	50	0.107	0	0:00:07.982723
14640	292	292	0.8	1	0:00:08.249147
14660	293	293	0.8	1	0:00:07.972177
14680	293	293	0.8	1	0:00:07.972329
14700	294	294	0.458	1	0:00:08.067454
14720	294	294	0.494	1	0:00:07.981493
14740	294	294	0.618	1	0:00:08.106520
14760	295	366	0.0615	0	0:00:08.092575
14780	295	295	0.8	1	0:00:07.959564
14800	296	296	0.449	1	0:00:07.965488
14820	296	296	0.017	1	0:00:08.063854
14840	296	-1	0.0	0	0:00:08.056096
14860	297	369	0.23	0	0:00:08.096303
14880	297	297	0.8	1	0:00:07.981989
14900	298	-1	0.0	0	0:00:07.952483
14920	298	298	0.116	1	0:00:08.089812
14940	298	-1	0.0	0	0:00:07.981408
14960	299	299	0.0847	1	0:00:07.967974
14980	299	-1	0.0	0	0:00:08.112605
15000	300	300	0.8	1	0:00:07.972930
15020	300	300	0.656	1	0:00:08.219706
15040	300	300	0.0216	1	0:00:07.974735
15060	301	-1	0.0	0	0:00:07.975883
15080	301	301	0.493	1	0:00:08.099908
15100	302	-1	0.0	0	0:00:07.990821
15120	302	300	0.311	0	0:00:08.096488
15140	302	310	0.148	0	0:00:08.068974
15160	303	-1	0.0	0	0:00:07.974556
15180	303	-1	0.0	0	0:00:07.965587
15200	304	301	0.527	0	0:00:08.090960
15220	304	943	0.000501	0	0:00:08.082151
15240	304	317	0.00577	0	0:00:08.095675
15260	305	305	0.8	1	0:00:07.973713
15280	305	305	0.115	1	0:00:07.982164
15300	306	306	0.591	1	0:00:08.084856
15320	306	306	0.000627	1	0:00:07.955012
15340	306	306	0.0881	1	0:00:07.966234
15360	307	-1	0.0	0	0:00:08.071758
15380	307	307	0.728	1	0:00:07.963834
15400	308	904	0.616	0	0:00:08.203372
15420	308	308	0.152	1	0:00:07.977324
15440	308	-1	0.0	0	0:00:07.972843
15460	309	-1	0.0	0	0:00:08.078913
15480	309	309	0.8	1	0:00:07.955174
15500	310	310	0.172	1	0:00:08.081459
15520	310	310	0.296	1	0:00:08.074101
15540	310	310	0.8	1	0:00:07.975091
15560	311	315	0.0438	0	0:00:07.987785
15580	311	46	0.419	0	0:00:08.059754
15600	312	51	0.0247	0	0:00:08.070684
15620	312	949	0.237	0	0:00:08.078805
15640	312	312	0.8	1	0:00:07.972402
15660	313	313	0.8	1	0:00:07.978777
15680	313	311	0.0156	0	0:00:08.105259
15700	314	-1	0.0	0	0:00:07.943803
15720	314	963	0.249	0	0:00:07.965867
15740	314	923	0.227	0	0:00:08.082176
15760	315	-1	0.0	0	0:00:07.985660
15780	315	46	0.14	0	0:00:08.208146
15800	316	316	0.59	1	0:00:07.953789
15820	316	316	0.255	1	0:00:07.992006
15840	316	125	0.8	0	0:00:08.090455
15860	317	317	0.8	1	0:00:07.966869
15880	317	317	0.8	1	0:00:08.094320
15900	318	-1	0.0	0	0:00:08.074223
15920	318	46	0.225	0	0:00:07.977062
15940	318	940	0.175	0	0:00:07.959811
15960	319	-1	0.0	0	0:00:08.121954
15980	319	319	0.8	1	0:00:08.119291
16000	320	320	0.8	1	0:00:08.082493
16020	320	320	0.8	1	0:00:07.964507
16040	320	46	0.445	0	0:00:07.964791
16060	321	384	0.0245	0	0:00:08.083526
16080	321	321	0.445	1	0:00:07.961474
16100	322	-1	0.0	0	0:00:07.964604
16120	322	322	0.8	1	0:00:08.141454
16140	322	984	0.0109	0	0:00:07.971798
16160	323	323	0.8	1	0:00:08.200539
16180	323	323	0.8	1	0:00:07.968426
16200	324	324	0.8	1	0:00:07.964368
16220	324	985	0.8	0	0:00:08.087305
16240	324	324	0.8	1	0:00:07.969600
16260	325	325	0.8	1	0:00:08.116910
16280	325	88	0.129	0	0:00:08.102652
16300	326	326	0.543	1	0:00:07.968808
16320	326	321	0.49	0	0:00:07.976807
16340	326	326	0.228	1	0:00:08.076837
16360	327	327	0.8	1	0:00:08.089601
16380	327	327	0.8	1	0:00:08.100620
16400	328	328	0.715	1	0:00:07.974700
16420	328	328	0.8	1	0:00:07.983094
16440	328	994	0.0312	0	0:00:08.084239
16460	329	973	0.8	0	0:00:07.974463
16480	329	329	0.47	1	0:00:07.944757
16500	330	331	0.514	0	0:00:08.098043
16520	330	330	0.379	1	0:00:07.988933
16540	330	331	0.662	0	0:00:08.238559
16560	331	331	0.8	1	0:00:07.979313
16580	331	331	0.8	1	0:00:07.984563
16600	332	283	0.229	0	0:00:08.083527
16620	332	-1	0.0	0	0:00:07.959077
16640	332	332	0.8	1	0:00:08.079169
16660	333	333	0.8	1	0:00:08.074855
16680	333	-1	0.0	0	0:00:07.983628
16700	334	334	0.8	1	0:00:07.988937
16720	334	334	0.753	1	0:00:08.094922
16740	334	-1	0.0	0	0:00:08.094582
16760	335	94	0.341	0	0:00:08.090934
16780	335	-1	0.0	0	0:00:07.985773
16800	336	336	0.398	1	0:00:07.990596
16820	336	298	0.192	0	0:00:08.104481
16840	336	299	0.609	0	0:00:07.983039
16860	337	337	0.5	1	0:00:07.979970
16880	337	337	0.559	1	0:00:08.087229
16900	338	617	0.128	0	0:00:07.973195
16920	338	184	0.00188	0	0:00:08.204266
16940	338	332	0.715	0	0:00:07.975421
16960	339	339	0.705	1	0:00:07.973203
16980	339	339	0.8	1	0:00:08.144828
17000	340	340	0.8	1	0:00:07.985162
17020	340	340	0.8	1	0:00:08.090281
17040	340	340	0.8	1	0:00:08.103929
17060	341	341	0.0837	1	0:00:07.973987
17080	341	341	0.107	1	0:00:07.984233
17100	342	272	0.376	0	0:00:08.071656
17120	342	342	0.449	1	0:00:08.109343
17140	342	-1	0.0	0	0:00:08.095536
17160	343	363	0.58	0	0:00:07.983135
17180	343	-1	0.0	0	0:00:07.984004
17200	344	344	0.585	1	0:00:08.091183
17220	344	879	0.236	0	0:00:07.985110
17240	344	643	0.481	0	0:00:07.977545
17260	345	346	0.0341	0	0:00:08.093773
17280	345	346	0.684	0	0:00:07.976673
17300	346	344	0.317	0	0:00:08.215878
17320	346	346	0.743	1	0:00:07.982224
17340	346	346	0.8	1	0:00:07.966847
17360	347	972	0.0572	0	0:00:08.077744
17380	347	347	0.753	1	0:00:07.976041
17400	348	82	0.0141	0	0:00:08.079159
17420	348	994	0.463	0	0:00:08.092149
17440	348	349	0.8	0	0:00:07.981080
17460	349	349	0.487	1	0:00:07.981254
17480	349	350	0.1	0	0:00:08.085932
17500	350	350	0.705	1	0:00:08.097865
17520	350	350	0.8	1	0:00:08.080840
17540	350	350	0.245	1	0:00:07.976908
17560	351	977	0.185	0	0:00:07.960953
17580	351	351	0.8	1	0:00:08.150144
17600	352	352	0.352	1	0:00:07.995507
17620	352	-1	0.0	0	0:00:07.985937
17640	352	352	0.613	1	0:00:08.092316
17660	353	-1	0.0	0	0:00:07.979547
17680	353	352	0.8	0	0:00:08.207680
17700	354	354	0.8	1	0:00:07.980209
17720	354	51	0.145	0	0:00:07.983813
17740	354	347	0.145	0	0:00:08.097403
17760	355	355	0.8	1	0:00:07.963829
17780	355	-1	0.0	0	0:00:08.088036
17800	356	191	0.365	0	0:00:08.090461
17820	356	360	0.8	0	0:00:07.977615
17840	356	360	0.8	0	0:00:07.981206
17860	357	-1	0.0	0	0:00:08.074498
17880	357	103	0.54	0	0:00:08.142700
17900	358	284	0.256	0	0:00:08.092213
17920	358	-1	0.0	0	0:00:07.976092
17940	358	336	0.0658	0	0:00:07.980175
17960	359	48	0.218	0	0:00:08.083453
17980	359	381	0.0632	0	0:00:07.965672
18000	360	279	0.263	0	0:00:07.976745
18020	360	98	0.335	0	0:00:08.108166
18040	360	298	0.296	0	0:00:07.980851
18060	361	361	0.778	1	0:00:08.208359
18080	361	-1	0.0	0	0:00:07.984787
18100	362	362	0.691	1	0:00:07.970106
18120	362	299	0.154	0	0:00:08.072968
18140	362	362	0.8	1	0:00:07.983189
18160	363	363	0.623	1	0:00:08.099172
18180	363	363	0.8	1	0:00:08.116908
18200	364	364	0.419	1	0:00:07.980094
18220	364	364	0.0756	1	0:00:07.974787
18240	364	364	0.632	1	0:00:08.081867
18260	365	365	0.588	1	0:00:08.091507
18280	365	365	0.8	1	0:00:08.075920
18300	366	-1	0.0	0	0:00:07.978016
18320	366	295	0.413	0	0:00:07.985794
18340	366	-1	0.0	0	0:00:08.092067
18360	367	366	0.764	0	0:00:07.982130
18380	367	700	0.081	0	0:00:07.958928
18400	368	299	0.261	0	0:00:08.075529
18420	368	374	0.0473	0	0:00:07.990525
18440	368	374	0.531	0	0:00:08.240076
18460	369	366	0.753	0	0:00:07.976181
18480	369	366	0.764	0	0:00:07.955352
18500	370	370	0.493	1	0:00:08.077618
18520	370	374	0.159	0	0:00:07.989803
18540	370	299	0.17	0	0:00:08.107498
18560	371	372	0.57	0	0:00:08.085518
18580	371	371	0.589	1	0:00:07.967684
18600	372	373	0.141	0	0:00:07.960556
18620	372	376	0.322	0	0:00:08.138997
18640	372	-1	0.0	0	0:00:08.106081
18660	373	-1	0.0	0	0:00:08.097419
18680	373	-1	0.0	0	0:00:07.978402
18700	374	381	0.00947	0	0:00:07.967819
18720	374	953	0.122	0	0:00:08.094853
18740	374	382	0.8	0	0:00:07.982062
18760	375	384	0.361	0	0:00:07.978424
18780	375	375	0.715	1	0:00:08.089365
18800	376	376	0.647	1	0:00:07.977514
18820	376	376	0.583	1	0:00:08.232716
18840	376	376	0.8	1	0:00:07.974051
18860	377	377	0.8	1	0:00:07.969105
18880	377	378	0.282	0	0:00:08.088389
18900	378	381	0.152	0	0:00:07.976391
18920	378	378	0.597	1	0:00:08.129884
18940	378	378	0.778	1	0:00:08.106828
18960	379	377	0.0743	0	0:00:07.966157
18980	379	379	0.8	1	0:00:07.968101
19000	380	380	0.0502	1	0:00:08.095591
19020	380	380	0.161	1	0:00:08.089093
19040	380	374	0.373	0	0:00:08.104388
19060	381	-1	0.0	0	0:00:07.980940
19080	381	489	0.8	0	0:00:07.977421
19100	382	382	0.8	1	0:00:08.093221
19120	382	39	0.00928	0	0:00:07.976196
19140	382	373	0.0479	0	0:00:07.994559
19160	383	383	0.8	1	0:00:08.101876
19180	383	384	0.18	0	0:00:07.977217
19200	384	284	0.192	0	0:00:08.255378
19220	384	384	0.527	1	0:00:07.974289
19240	384	384	0.8	1	0:00:07.986105
19260	385	386	0.128	0	0:00:08.086032
19280	385	101	0.2	0	0:00:07.988252
19300	386	101	0.148	0	0:00:08.091589
19320	386	101	0.8	0	0:00:08.081737
19340	386	101	0.213	0	0:00:07.980473
19360	387	387	0.8	1	0:00:07.983803
19380	387	387	0.0793	1	0:00:08.088714
19400	388	388	0.558	1	0:00:08.093836
19420	388	388	0.8	1	0:00:08.083810
19440	388	388	0.8	1	0:00:07.969163
19460	389	148	0.448	0	0:00:07.974977
19480	389	0	0.8	0	0:00:08.096777
19500	390	390	0.8	1	0:00:07.972435
19520	390	390	0.8	1	0:00:07.977417
19540	390	6	0.764	0	0:00:08.082341
19560	391	-1	0.0	0	0:00:07.983264
19580	391	391	0.482	1	0:00:08.212115
19600	392	115	0.8	0	0:00:07.965743
19620	392	392	0.8	1	0:00:07.959378
19640	392	392	0.715	1	0:00:08.144325
19660	393	393	0.531	1	0:00:07.977401
19680	393	997	0.15	0	0:00:08.101842
19700	394	568	0.156	0	0:00:08.086533
19720	394	103	0.721	0	0:00:07.973953
19740	394	149	0.51	0	0:00:07.944205
19760	395	395	0.664	1	0:00:08.071796
19780	395	-1	0.0	0	0:00:08.101051
19800	396	396	0.8	1	0:00:08.094009
19820	396	396	0.8	1	0:00:07.990514
19840	396	396	0.8	1	0:00:07.985200
19860	397	971	0.651	0	0:00:08.080559
19880	397	397	0.8	1	0:00:07.968879
19900	398	-1	0.0	0	0:00:07.978444
19920	398	741	0.8	0	0:00:08.087217
19940	398	629	0.477	0	0:00:07.933645
19960	399	399	0.659	1	0:00:08.214711
19980	399	399	0.31	1	0:00:07.976078
20000	400	400	0.086	1	0:00:07.979864
20020	400	501	0.501	0	0:00:08.083145
20040	400	667	0.8	0	0:00:07.971494
20060	401	776	0.167	0	0:00:08.080665
20080	401	401	0.568	1	0:00:08.104223
20100	402	39	0.391	0	0:00:07.972723
20120	402	-1	0.0	0	0:00:07.979346
20140	402	546	0.375	0	0:00:08.088561
20160	403	403	0.8	1	0:00:08.087037
20180	403	833	0.208	0	0:00:08.057712
20200	404	404	0.8	1	0:00:07.973084
20220	404	404	0.428	1	0:00:07.934680
20240	404	895	0.8	0	0:00:08.089758
20260	405	405	0.494	1	0:00:07.966919
20280	405	405	0.43	1	0:00:07.978255
20300	406	406	0.214	1	0:00:08.081714
20320	406	857	0.244	0	0:00:07.971186
20340	406	406	0.458	1	0:00:08.200793
20360	407	407	0.8	1	0:00:07.969603
20380	407	407	0.8	1	0:00:07.960774
20400	408	847	0.8	0	0:00:08.087139
20420	408	141	0.0495	0	0:00:07.961528
20440	408	-1	0.0	0	0:00:08.097290
20460	409	682	0.00426	0	0:00:08.068121
20480	409	892	0.8	0	0:00:07.938966
20500	410	410	0.651	1	0:00:07.967899
20520	410	410	0.8	1	0:00:08.090646
20540	410	410	0.687	1	0:00:08.166503
20560	411	411	0.8	1	0:00:08.092201
20580	411	865	0.45	0	0:00:07.970198
20600	412	412	0.687	1	0:00:07.977581
20620	412	614	0.0539	0	0:00:08.092805
20640	412	756	0.182	0	0:00:07.974632
20660	413	652	0.743	0	0:00:07.978912
20680	413	491	0.281	0	0:00:08.152420
20700	414	414	0.124	1	0:00:07.965999
20720	414	-1	0.0	0	0:00:08.208402
20740	414	953	0.621	0	0:00:07.976675
20760	415	865	0.209	0	0:00:07.979533
20780	415	936	0.05	0	0:00:08.079842
20800	416	416	0.8	1	0:00:07.982962
20820	416	416	0.715	1	0:00:08.085471
20840	416	416	0.764	1	0:00:08.089751
20860	417	417	0.384	1	0:00:07.962292
20880	417	692	0.0951	0	0:00:07.964105
20900	418	563	0.233	0	0:00:08.082744
20920	418	-1	0.0	0	0:00:08.088235
20940	418	845	0.104	0	0:00:08.079234
20960	419	-1	0.0	0	0:00:07.944482
20980	419	-1	0.0	0	0:00:07.957696
21000	420	457	0.191	0	0:00:08.075956
21020	420	118	0.0941	0	0:00:07.977106
21040	420	-1	0.0	0	0:00:07.949826
21060	421	-1	0.0	0	0:00:08.078609
21080	421	421	0.515	1	0:00:07.975321
21100	422	422	0.167	1	0:00:08.210222
21120	422	422	0.8	1	0:00:07.971882
21140	422	422	0.572	1	0:00:07.972153
21160	423	423	0.8	1	0:00:08.094046
21180	423	424	0.472	0	0:00:07.972581
21200	424	860	0.146	0	0:00:08.087487
21220	424	-1	0.0	0	0:00:08.080425
21240	424	515	0.0256	0	0:00:07.972377
21260	425	958	0.0131	0	0:00:07.968770
21280	425	453	0.198	0	0:00:08.105030
21300	426	426	0.8	1	0:00:08.098879
21320	426	426	0.446	1	0:00:08.089020
21340	426	426	0.8	1	0:00:07.969749
21360	427	741	0.114	0	0:00:07.985145
21380	427	885	0.715	0	0:00:08.071291
21400	428	428	0.603	1	0:00:07.980214
21420	428	428	0.531	1	0:00:07.975917
21440	428	423	0.178	0	0:00:08.082628
21460	429	429	0.8	1	0:00:07.964374
21480	429	429	0.8	1	0:00:08.193871
21500	430	430	0.125	1	0:00:07.964136
21520	430	430	0.31	1	0:00:07.966967
21540	430	917	0.0334	0	0:00:08.091009
21560	431	431	0.367	1	0:00:07.978287
21580	431	431	0.8	1	0:00:08.165234
21600	432	432	0.649	1	0:00:08.085691
21620	432	432	0.589	1	0:00:07.981512
21640	432	-1	0.0	0	0:00:07.977700
21660	433	433	0.31	1	0:00:08.060596
21680	433	433	0.0718	1	0:00:08.090604
21700	434	-1	0.0	0	0:00:08.077115
21720	434	552	0.0489	0	0:00:07.969517
21740	434	591	0.523	0	0:00:07.955772
21760	435	678	0.539	0	0:00:08.073481
21780	435	999	0.486	0	0:00:07.959286
21800	436	436	0.42	1	0:00:07.976916
21820	436	436	0.46	1	0:00:08.099637
21840	436	627	0.0341	0	0:00:07.963599
21860	437	-1	0.0	0	0:00:08.244695
21880	437	833	0.415	0	0:00:07.966506
21900	438	438	0.0607	1	0:00:07.972084
21920	438	788	0.673	0	0:00:08.084028
21940	438	957	0.721	0	0:00:07.975999
21960	439	439	0.8	1	0:00:08.090301
21980	439	-1	0.0	0	0:00:08.080080
22000	440	-1	0.0	0	0:00:07.970355
22020	440	971	0.728	0	0:00:07.959563
22040	440	865	0.382	0	0:00:08.084718
22060	441	441	0.8	1	0:00:08.049055
22080	441	441	0.125	1	0:00:08.079069
22100	442	442	0.8	1	0:00:07.958195
22120	442	442	0.0433	1	0:00:07.970736
22140	442	499	0.0734	0	0:00:08.077273
22160	443	611	0.0427	0	0:00:07.958978
22180	443	643	0.158	0	0:00:07.969768
22200	444	665	0.415	0	0:00:08.090868
22220	444	612	0.8	0	0:00:07.982097
22240	444	444	0.595	1	0:00:08.197899
22260	445	445	0.148	1	0:00:07.957947
22280	445	445	0.8	1	0:00:07.975345
22300	446	446	0.269	1	0:00:08.074459
22320	446	-1	0.0	0	0:00:07.952099
22340	446	478	0.8	0	0:00:08.086812
22360	447	400	0.0746	0	0:00:08.075799
22380	447	447	0.0251	1	0:00:07.965230
22400	448	517	0.341	0	0:00:07.965070
22420	448	448	0.8	1	0:00:08.091566
22440	448	448	0.545	1	0:00:08.101024
22460	449	449	0.691	1	0:00:08.101703
22480	449	449	0.8	1	0:00:07.977686
22500	450	751	0.132	0	0:00:07.956055
22520	450	450	0.341	1	0:00:08.081231
22540	450	573	0.478	0	0:00:07.972964
22560	451	777	0.39	0	0:00:07.947769
22580	451	-1	0.0	0	0:00:08.080353
22600	452	921	0.493	0	0:00:07.967291
22620	452	135	0.0161	0	0:00:08.257454
22640	452	591	0.27	0	0:00:07.979220
22660	453	453	0.715	1	0:00:07.983690
22680	453	453	0.8	1	0:00:08.090247
22700	454	454	0.355	1	0:00:07.972453
22720	454	454	0.8	1	0:00:08.090897
22740	454	498	0.275	0	0:00:08.064672
22760	455	455	0.8	1	0:00:07.975573
22780	455	611	0.431	0	0:00:07.996626
22800	456	-1	0.0	0	0:00:08.100903
22820	456	-1	0.0	0	0:00:08.085822
22840	456	614	0.8	0	0:00:08.089588
22860	457	457	0.651	1	0:00:07.963010
22880	457	515	0.743	0	0:00:07.965001
22900	458	458	0.68	1	0:00:08.125172
22920	458	458	0.8	1	0:00:07.971585
22940	458	458	0.8	1	0:00:07.991012
22960	459	445	0.523	0	0:00:08.069464
22980	459	459	0.411	1	0:00:07.968933
23000	460	976	0.462	0	0:00:08.202546
23020	460	460	0.613	1	0:00:07.952654
23040	460	460	0.632	1	0:00:07.963787
23060	461	996	0.0206	0	0:00:08.081123
23080	461	787	0.556	0	0:00:07.982295
23100	462	500	0.659	0	0:00:08.088879
23120	462	462	0.764	1	0:00:08.073841
23140	462	462	0.138	1	0:00:07.979478
23160	463	-1	0.0	0	0:00:07.968583
23180	463	523	0.0672	0	0:00:08.094623
23200	464	423	0.316	0	0:00:08.080243
23220	464	-1	0.0	0	0:00:08.082843
23240	464	706	0.778	0	0:00:07.963831
23260	465	610	0.8	0	0:00:07.983222
23280	465	652	0.229	0	0:00:08.099464
23300	466	466	0.8	1	0:00:07.979503
23320	466	466	0.335	1	0:00:07.983744
23340	466	466	0.8	1	0:00:08.102158
23360	467	865	0.603	0	0:00:07.986905
23380	467	457	0.0116	0	0:00:08.205527
23400	468	468	0.8	1	0:00:07.966030
23420	468	468	0.8	1	0:00:07.973502
23440	468	581	0.392	0	0:00:08.093588
23460	469	469	0.8	1	0:00:07.976705
23480	469	937	0.8	0	0:00:08.087655
23500	470	481	0.257	0	0:00:08.163204
23520	470	470	0.575	1	0:00:07.952841
23540	470	865	0.23	0	0:00:07.974870
23560	471	517	0.753	0	0:00:08.080841
23580	471	569	0.544	0	0:00:08.087765
23600	472	472	0.8	1	0:00:08.079107
23620	472	472	0.71	1	0:00:07.971298
23640	472	-1	0.0	0	0:00:07.978417
23660	473	473	0.753	1	0:00:08.066823
23680	473	777	0.615	0	0:00:07.962247
23700	474	735	0.474	0	0:00:07.971707
23720	474	474	0.572	1	0:00:08.062440
23740	474	568	0.33	0	0:00:07.968730
23760	475	545	0.351	0	0:00:08.183366
23780	475	475	0.8	1	0:00:07.979494
23800	476	865	0.565	0	0:00:07.975762
23820	476	476	0.667	1	0:00:08.096869
23840	476	476	0.165	1	0:00:07.970248
23860	477	477	0.118	1	0:00:08.079712
23880	477	893	0.8	0	0:00:08.060730
23900	478	478	0.8	1	0:00:07.957045
23920	478	549	0.623	0	0:00:07.971877
23940	478	-1	0.0	0	0:00:08.079885
23960	479	864	0.0106	0	0:00:08.057765
23980	479	511	0.198	0	0:00:08.082259
24000	480	509	0.466	0	0:00:07.981125
24020	480	480	0.8	1	0:00:07.958144
24040	480	-1	0.0	0	0:00:08.079988
24060	481	-1	0.0	0	0:00:07.976388
24080	481	848	0.399	0	0:00:07.974344
24100	482	788	0.327	0	0:00:08.109633
24120	482	786	0.158	0	0:00:07.958510
24140	482	848	0.8	0	0:00:08.201259
24160	483	483	0.8	1	0:00:07.970579
24180	483	698	0.0381	0	0:00:07.975399
24200	484	871	0.8	0	0:00:08.070460
24220	484	484	0.764	1	0:00:07.966487
24240	484	484	0.225	1	0:00:08.145525
24260	485	-1	0.0	0	0:00:08.077792
24280	485	848	0.0687	0	0:00:07.976522
24300	486	486	0.8	1	0:00:07.974275
24320	486	486	0.8	1	0:00:08.086386
24340	486	424	0.439	0	0:00:08.091555
24360	487	487	0.3	1	0:00:08.076399
24380	487	487	0.8	1	0:00:07.958453
24400	488	423	0.168	0	0:00:07.968383
24420	488	488	0.8	1	0:00:08.074513
24440	488	557	0.0778	0	0:00:07.951777
24460	489	489	0.8	1	0:00:07.956365
24480	489	489	0.276	1	0:00:08.091714
24500	490	490	0.255	1	0:00:07.996945
24520	490	490	0.8	1	0:00:08.266671
24540	490	490	0.687	1	0:00:07.980549
24560	491	491	0.625	1	0:00:07.981851
24580	491	491	0.8	1	0:00:08.089878
24600	492	561	0.027	0	0:00:07.981457
24620	492	519	0.8	0	0:00:08.096130
24640	492	649	0.0538	0	0:00:08.074599
24660	493	894	0.322	0	0:00:07.968464
24680	493	-1	0.0	0	0:00:07.951655
24700	494	907	0.673	0	0:00:08.072783
24720	494	-1	0.0	0	0:00:08.080882
24740	494	747	0.0131	0	0:00:08.061023
24760	495	495	0.764	1	0:00:07.993443
24780	495	495	0.8	1	0:00:07.989391
24800	496	591	0.106	0	0:00:08.077753
24820	496	496	0.8	1	0:00:07.965178
24840	496	496	0.8	1	0:00:07.960013
24860	497	-1	0.0	0	0:00:08.093149
24880	497	497	0.214	1	0:00:07.980791
24900	498	762	0.0102	0	0:00:08.200778
24920	498	-1	0.0	0	0:00:07.972332
24940	498	561	0.0452	0	0:00:07.978507
24960	499	-1	0.0	0	0:00:08.075093
24980	499	723	0.0232	0	0:00:07.973764
25000	500	500	0.8	1	0:00:08.107050
25020	500	500	0.8	1	0:00:08.089454
25040	500	-1	0.0	0	0:00:07.977166
25060	501	552	0.36	0	0:00:07.962072
25080	501	524	0.035	0	0:00:08.077467
25100	502	502	0.778	1	0:00:08.082300
25120	502	502	0.045	1	0:00:08.100437
25140	502	788	0.8	0	0:00:07.993796
25160	503	503	0.0529	1	0:00:07.983823
25180	503	634	0.139	0	0:00:08.089591
25200	504	859	0.0551	0	0:00:07.973185
25220	504	762	0.165	0	0:00:07.976313
25240	504	967	0.8	0	0:00:08.073037
25260	505	505	0.677	1	0:00:07.946949
25280	505	952	0.0536	0	0:00:08.273048
25300	506	971	0.195	0	0:00:07.972650
25320	506	506	0.385	1	0:00:07.970659
25340	506	845	0.231	0	0:00:08.103386
25360	507	489	0.8	0	0:00:07.976491
25380	507	-1	0.0	0	0:00:08.091533
25400	508	508	0.8	1	0:00:08.091975
25420	508	508	0.8	1	0:00:07.984669
25440	508	527	0.247	0	0:00:07.973191
25460	509	865	0.293	0	0:00:08.095232
25480	509	865	0.705	0	0:00:08.097791
25500	510	-1	0.0	0	0:00:08.076792
25520	510	976	0.8	0	0:00:07.966572
25540	510	510	0.649	1	0:00:07.967628
25560	511	511	0.778	1	0:00:08.125267
25580	511	581	0.0369	0	0:00:07.961826
25600	512	1	0.217	0	0:00:07.972745
25620	512	512	0.8	1	0:00:08.051258
25640	512	512	0.508	1	0:00:07.956417
25660	513	546	0.314	0	0:00:08.208096
25680	513	378	0.0766	0	0:00:07.962845
25700	514	514	0.8	1	0:00:07.978161
25720	514	788	0.8	0	0:00:08.104590
25740	514	514	0.551	1	0:00:07.975692
25760	515	515	0.8	1	0:00:08.094038
25780	515	765	0.269	0	0:00:08.089699
25800	516	750	0.245	0	0:00:07.984612
25820	516	516	0.8	1	0:00:07.965878
25840	516	431	0.586	0	0:00:08.090090
25860	517	-1	0.0	0	0:00:08.085657
25880	517	871	0.109	0	0:00:08.082115
25900	518	518	0.524	1	0:00:07.965681
25920	518	518	0.753	1	0:00:07.970278
25940	518	518	0.8	1	0:00:08.091935
25960	519	519	0.185	1	0:00:07.970612
25980	519	706	0.236	0	0:00:07.980972
26000	520	-1	0.0	0	0:00:08.098679
26020	520	431	0.0515	0	0:00:07.954439
26040	520	580	0.111	0	0:00:08.198395
26060	521	505	0.202	0	0:00:07.978365
26080	521	521	0.7	1	0:00:07.981824
26100	522	522	0.0355	1	0:00:08.094977
26120	522	489	0.166	0	0:00:07.974658
26140	522	522	0.8	1	0:00:08.101499
26160	523	929	0.236	0	0:00:08.140175
26180	523	424	0.601	0	0:00:07.963239
26200	524	461	0.285	0	0:00:07.974517
26220	524	461	0.143	0	0:00:08.090768
26240	524	643	0.156	0	0:00:08.088291
26260	525	-1	0.0	0	0:00:08.095912
26280	525	977	0.269	0	0:00:07.959242
26300	526	527	0.455	0	0:00:07.971772
26320	526	519	0.49	0	0:00:08.077635
26340	526	526	0.0738	1	0:00:07.983069
26360	527	-1	0.0	0	0:00:07.976293
26380	527	527	0.163	1	0:00:08.088450
26400	528	549	0.259	0	0:00:07.978901
26420	528	528	0.31	1	0:00:08.208066
26440	528	528	0.677	1	0:00:07.970404
26460	529	96	0.0518	0	0:00:07.973575
26480	529	529	0.664	1	0:00:08.072585
26500	530	506	0.0944	0	0:00:07.965124
26520	530	848	0.472	0	0:00:08.109436
26540	530	530	0.163	1	0:00:08.072987
26560	531	826	0.28	0	0:00:07.980602
26580	531	-1	0.0	0	0:00:07.968921
26600	532	-1	0.0	0	0:00:08.094806
26620	532	532	0.728	1	0:00:08.121484
26640	532	-1	0.0	0	0:00:08.092792
26660	533	533	0.8	1	0:00:07.984171
26680	533	735	0.647	0	0:00:07.974123
26700	534	-1	0.0	0	0:00:08.095226
26720	534	634	0.51	0	0:00:07.992162
26740	534	515	0.224	0	0:00:07.975893
26760	535	535	0.8	1	0:00:08.099676
26780	535	82	0.0372	0	0:00:07.981970
26800	536	-1	0.0	0	0:00:08.202559
26820	536	536	0.544	1	0:00:07.972873
26840	536	517	0.0953	0	0:00:07.971153
26860	537	537	0.621	1	0:00:08.056602
26880	537	537	0.8	1	0:00:07.975104
26900	538	640	0.104	0	0:00:08.146779
26920	538	974	0.245	0	0:00:08.093665
26940	538	483	0.119	0	0:00:07.970098
26960	539	611	0.115	0	0:00:07.967834
26980	539	529	0.246	0	0:00:08.100895
27000	540	540	0.778	1	0:00:08.071247
27020	540	540	0.8	1	0:00:08.082616
27040	540	540	0.625	1	0:00:07.989394
27060	541	776	0.8	0	0:00:07.949852
27080	541	541	0.8	1	0:00:08.076935
27100	542	-1	0.0	0	0:00:07.975439
27120	542	-1	0.0	0	0:00:07.977531
27140	542	-1	0.0	0	0:00:08.079605
27160	543	422	0.0479	0	0:00:07.975849
27180	543	880	0.351	0	0:00:08.279917
27200	544	-1	0.0	0	0:00:07.991095
27220	544	739	0.138	0	0:00:07.964102
27240	544	-1	0.0	0	0:00:08.099218
27260	545	545	0.8	1	0:00:07.970436
27280	545	885	0.735	0	0:00:08.082237
27300	546	546	0.8	1	0:00:08.080991
27320	546	546	0.8	1	0:00:07.970312
27340	546	546	0.71	1	0:00:07.981982
27360	547	595	0.0644	0	0:00:08.101127
27380	547	888	0.0677	0	0:00:08.107900
27400	548	548	0.157	1	0:00:08.118331
27420	548	548	0.8	1	0:00:07.960936
27440	548	548	0.721	1	0:00:07.989388
27460	549	865	0.696	0	0:00:08.070656
27480	549	549	0.148	1	0:00:07.963980
27500	550	505	0.8	0	0:00:07.985709
27520	550	550	0.557	1	0:00:08.094836
27540	550	550	0.8	1	0:00:07.969931
27560	551	774	0.662	0	0:00:08.191574
27580	551	551	0.8	1	0:00:07.940804
27600	552	552	0.8	1	0:00:07.966788
27620	552	552	0.406	1	0:00:08.072369
27640	552	903	0.262	0	0:00:07.946340
27660	553	478	0.109	0	0:00:08.095733
27680	553	713	0.472	0	0:00:08.073970
27700	554	554	0.67	1	0:00:07.968961
27720	554	554	0.8	1	0:00:07.966352
27740	554	562	0.659	0	0:00:08.086102
27760	555	555	0.457	1	0:00:08.091109
27780	555	555	0.412	1	0:00:08.118503
27800	556	-1	0.0	0	0:00:07.972343
27820	556	766	0.382	0	0:00:07.962000
27840	556	556	0.3	1	0:00:08.078811
27860	557	557	0.8	1	0:00:07.979845
27880	557	557	0.8	1	0:00:07.954603
27900	558	608	0.373	0	0:00:08.096186
27920	558	-1	0.0	0	0:00:07.969104
27940	558	865	0.0152	0	0:00:08.230352
27960	559	955	0.38	0	0:00:07.991401
27980	559	410	0.119	0	0:00:07.992397
28000	560	560	0.357	1	0:00:08.115248
28020	560	560	0.8	1	0:00:07.987905
28040	560	560	0.8	1	0:00:08.098372
28060	561	425	0.0271	0	0:00:08.070414
28080	561	561	0.8	1	0:00:07.961278
28100	562	562	0.649	1	0:00:07.955925
28120	562	562	0.219	1	0:00:08.078484
28140	562	812	0.281	0	0:00:08.094100
28160	563	-1	0.0	0	0:00:08.050628
28180	563	563	0.778	1	0:00:07.970163
28200	564	827	0.0176	0	0:00:07.974785
28220	564	-1	0.0	0	0:00:08.104545
28240	564	564	0.7	1	0:00:07.973417
28260	565	565	0.8	1	0:00:07.985481
28280	565	565	0.8	1	0:00:08.086861
28300	566	776	0.642	0	0:00:07.968428
28320	566	787	0.194	0	0:00:08.212600
28340	566	566	0.192	1	0:00:07.959894
28360	567	567	0.636	1	0:00:07.964399
28380	567	-1	0.0	0	0:00:08.067454
28400	568	399	0.297	0	0:00:07.963456
28420	568	971	0.05	0	0:00:08.095385
28440	568	568	0.764	1	0:00:08.107412
28460	569	569	0.0282	1	0:00:07.978353
28480	569	569	0.778	1	0:00:07.964499
28500	570	606	0.242	0	0:00:08.073833
28520	570	570	0.753	1	0:00:08.132547
28540	570	570	0.263	1	0:00:08.077834
28560	571	571	0.211	1	0:00:07.965482
28580	571	859	0.215	0	0:00:07.964638
28600	572	882	0.298	0	0:00:08.079801
28620	572	423	0.266	0	0:00:07.968678
28640	572	572	0.297	1	0:00:07.973575
28660	573	536	0.195	0	0:00:08.071687
28680	573	573	0.592	1	0:00:07.957357
28700	574	574	0.8	1	0:00:08.193938
28720	574	574	0.455	1	0:00:07.980230
28740	574	258	0.101	0	0:00:07.976130
28760	575	575	0.8	1	0:00:08.074657
28780	575	575	0.535	1	0:00:07.965011
28800	576	880	0.404	0	0:00:08.084028
28820	576	576	0.8	1	0:00:08.100066
28840	576	576	0.8	1	0:00:07.972342
28860	577	-1	0.0	0	0:00:07.977421
28880	577	577	0.604	1	0:00:08.079285
28900	578	998	0.21	0	0:00:08.095971
28920	578	272	0.0102	0	0:00:08.080877
28940	578	578	0.496	1	0:00:07.938286
28960	579	527	0.121	0	0:00:07.954548
28980	579	423	0.491	0	0:00:08.072169
29000	580	738	0.8	0	0:00:07.971001
29020	580	580	0.319	1	0:00:07.977199
29040	580	580	0.183	1	0:00:08.112836
29060	581	581	0.8	1	0:00:07.977487
29080	581	581	0.8	1	0:00:08.205100
29100	582	788	0.705	0	0:00:07.982561
29120	582	118	0.114	0	0:00:07.978075
29140	582	582	0.8	1	0:00:08.085761
29160	583	583	0.677	1	0:00:07.972096
29180	583	733	0.8	0	0:00:08.104690
29200	584	584	0.425	1	0:00:08.066410
29220	584	584	0.571	1	0:00:07.957990
29240	584	524	0.173	0	0:00:07.979741
29260	585	922	0.0321	0	0:00:08.121425
29280	585	760	0.0187	0	0:00:08.084806
29300	586	586	0.356	1	0:00:08.090058
29320	586	786	0.165	0	0:00:07.979570
29340	586	847	0.778	0	0:00:07.969475
29360	587	-1	0.0	0	0:00:08.074621
29380	587	587	0.778	1	0:00:07.984808
29400	588	588	0.8	1	0:00:07.956959
29420	588	756	0.13	0	0:00:08.081360
29440	588	588	0.0771	1	0:00:07.973597
29460	589	459	0.478	0	0:00:08.187398
29480	589	917	0.0275	0	0:00:07.958689
29500	590	681	0.00138	0	0:00:07.961593
29520	590	487	0.126	0	0:00:08.057072
29540	590	-1	0.0	0	0:00:07.966438
29560	591	591	0.533	1	0:00:08.110186
29580	591	591	0.8	1	0:00:08.071208
29600	592	592	0.8	1	0:00:07.974268
29620	592	592	0.778	1	0:00:07.968796
29640	592	784	0.0682	0	0:00:08.101541
29660	593	593	0.8	1	0:00:08.073360
29680	593	679	0.743	0	0:00:08.066774
29700	594	594	0.409	1	0:00:07.974170
29720	594	594	0.8	1	0:00:07.973809
29740	594	491	0.512	0	0:00:08.078600
29760	595	569	0.31	0	0:00:07.980296
29780	595	866	0.341	0	0:00:07.986690
29800	596	825	0.472	0	0:00:08.108168
29820	596	118	0.393	0	0:00:07.977298
29840	596	794	0.417	0	0:00:08.268401
29860	597	597	0.778	1	0:00:07.964773
29880	597	763	0.382	0	0:00:07.978418
29900	598	598	0.229	1	0:00:08.077428
29920	598	598	0.517	1	0:00:07.965300
29940	598	598	0.0936	1	0:00:08.098493
29960	599	599	0.8	1	0:00:08.075540
29980	599	937	0.564	0	0:00:07.984231
30000	600	913	0.0819	0	0:00:07.960081
30020	600	600	0.673	1	0:00:08.086040
30040	600	-1	0.0	0	0:00:08.099117
30060	601	-1	0.0	0	0:00:08.110235
30080	601	483	0.187	0	0:00:07.969063
30100	602	602	0.621	1	0:00:07.971797
30120	602	595	0.335	0	0:00:08.102392
30140	602	921	0.0226	0	0:00:07.966217
30160	603	-1	0.0	0	0:00:07.982408
30180	603	603	0.764	1	0:00:08.091677
30200	604	-1	0.0	0	0:00:07.982146
30220	604	604	0.64	1	0:00:08.225008
30240	604	604	0.569	1	0:00:07.949579
30260	605	893	0.218	0	0:00:07.971546
30280	605	710	0.226	0	0:00:08.079533
30300	606	606	0.8	1	0:00:07.945736
30320	606	844	0.612	0	0:00:08.095925
30340	606	606	0.8	1	0:00:08.084576
30360	607	607	0.8	1	0:00:07.947727
30380	607	607	0.8	1	0:00:07.955243
30400	608	608	0.133	1	0:00:08.093679
30420	608	608	0.603	1	0:00:08.078343
30440	608	515	0.0401	0	0:00:08.092385
30460	609	-1	0.0	0	0:00:07.970722
30480	609	609	0.8	1	0:00:07.972617
30500	610	610	0.543	1	0:00:08.087276
30520	610	610	0.274	1	0:00:07.956612
30540	610	610	0.7	1	0:00:07.982320
30560	611	20	0.209	0	0:00:08.085439
30580	611	611	0.764	1	0:00:07.969329
30600	612	612	0.496	1	0:00:08.199162
30620	612	612	0.8	1	0:00:07.979222
30640	612	612	0.8	1	0:00:07.980066
30660	613	844	0.691	0	0:00:08.057871
30680	613	670	0.28	0	0:00:07.957757
30700	614	614	0.735	1	0:00:08.095432
30720	614	122	0.26	0	0:00:08.079719
30740	614	614	0.0756	1	0:00:07.976944
30760	615	465	0.453	0	0:00:07.975880
30780	615	615	0.673	1	0:00:08.067591
30800	616	523	0.063	0	0:00:08.089693
30820	616	88	0.0484	0	0:00:08.100484
30840	616	728	0.191	0	0:00:07.976680
30860	617	617	0.368	1	0:00:07.968805
30880	617	617	0.721	1	0:00:08.084401
30900	618	587	0.0859	0	0:00:07.977326
30920	618	844	0.0529	0	0:00:07.979613
30940	618	971	0.217	0	0:00:08.087757
30960	619	905	0.8	0	0:00:07.956957
30980	619	607	0.544	0	0:00:08.183148
31000	620	617	0.735	0	0:00:07.966710
31020	620	527	0.8	0	0:00:07.977929
31040	620	620	0.102	1	0:00:08.083309
31060	621	621	0.443	1	0:00:07.973768
31080	621	866	0.0881	0	0:00:08.082647
31100	622	622	0.246	1	0:00:08.049749
31120	622	907	0.13	0	0:00:07.979577
31140	622	907	0.437	0	0:00:07.967913
31160	623	859	0.544	0	0:00:08.070533
31180	623	611	0.52	0	0:00:08.085284
31200	624	-1	0.0	0	0:00:08.063881
31220	624	-1	0.0	0	0:00:07.979690
31240	624	454	0.336	0	0:00:07.981903
31260	625	625	0.8	1	0:00:08.077885
31280	625	625	0.8	1	0:00:07.954393
31300	626	507	0.119	0	0:00:07.982218
31320	626	607	0.489	0	0:00:08.060243
31340	626	626	0.38	1	0:00:07.954226
31360	627	627	0.8	1	0:00:08.200197
31380	627	670	0.404	0	0:00:07.973271
31400	628	624	0.377	0	0:00:07.966062
31420	628	713	0.107	0	0:00:08.091724
31440	628	628	0.581	1	0:00:07.966463
31460	629	629	0.8	1	0:00:08.083733
31480	629	629	0.8	1	0:00:08.083947
31500	630	703	0.229	0	0:00:07.971148
31520	630	514	0.659	0	0:00:07.968752
31540	630	774	0.0905	0	0:00:08.067984
31560	631	631	0.8	1	0:00:08.072217
31580	631	585	0.0457	0	0:00:08.098154
31600	632	632	0.8	1	0:00:07.975114
31620	632	481	0.296	0	0:00:07.980909
31640	632	819	0.352	0	0:00:08.072228
31660	633	626	0.753	0	0:00:07.965290
31680	633	-1	0.0	0	0:00:07.980057
31700	634	489	0.156	0	0:00:08.069465
31720	634	634	0.242	1	0:00:07.975396
31740	634	634	0.518	1	0:00:08.203784
31760	635	455	0.764	0	0:00:07.975596
31780	635	746	0.344	0	0:00:07.963851
31800	636	636	0.764	1	0:00:08.088666
31820	636	-1	0.0	0	0:00:07.979094
31840	636	529	0.0998	0	0:00:08.104476
31860	637	637	0.304	1	0:00:08.087047
31880	637	856	0.0816	0	0:00:07.966096
31900	638	445	0.604	0	0:00:07.953856
31920	638	445	0.442	0	0:00:08.152604
31940	638	639	0.721	0	0:00:08.094543
31960	639	639	0.8	1	0:00:08.072328
31980	639	602	0.57	0	0:00:07.946775
32000	640	640	0.778	1	0:00:07.975854
32020	640	640	0.242	1	0:00:08.100434
32040	640	805	0.377	0	0:00:07.981458
32060	641	365	0.139	0	0:00:07.974318
32080	641	885	0.138	0	0:00:08.072987
32100	642	784	0.219	0	0:00:07.963160
32120	642	786	0.0864	0	0:00:08.206755
32140	642	-1	0.0	0	0:00:07.966321
32160	643	836	0.101	0	0:00:07.968589
32180	643	889	0.163	0	0:00:08.083160
32200	644	644	0.8	1	0:00:07.962713
32220	644	1	0.0138	0	0:00:08.124956
32240	644	644	0.8	1	0:00:08.096293
32260	645	645	0.8	1	0:00:07.969471
32280	645	645	0.743	1	0:00:07.961213
32300	646	506	0.358	0	0:00:08.061531
32320	646	646	0.8	1	0:00:08.090398
32340	646	646	0.7	1	0:00:08.104815
32360	647	505	0.1	0	0:00:07.967129
32380	647	-1	0.0	0	0:00:07.966856
32400	648	493	0.0744	0	0:00:08.079391
32420	648	741	0.483	0	0:00:07.971864
32440	648	844	0.591	0	0:00:07.974132
32460	649	649	0.778	1	0:00:08.077577
32480	649	649	0.8	1	0:00:07.985126
32500	650	546	0.588	0	0:00:08.263548
32520	650	650	0.753	1	0:00:07.966861
32540	650	558	0.00935	0	0:00:07.948754
32560	651	-1	0.0	0	0:00:08.081917
32580	651	651	0.391	1	0:00:07.961905
32600	652	715	0.549	0	0:00:08.079052
32620	652	869	0.097	0	0:00:08.091378
32640	652	652	0.8	1	0:00:07.971282
32660	653	927	0.271	0	0:00:07.974186
32680	653	411	0.295	0	0:00:08.095155
32700	654	581	0.753	0	0:00:08.077009
32720	654	609	0.519	0	0:00:08.074325
32740	654	-1	0.0	0	0:00:07.967685
32760	655	830	0.283	0	0:00:07.974345
32780	655	922	0.575	0	0:00:08.067794
32800	656	581	0.322	0	0:00:07.970365
32820	656	864	0.0812	0	0:00:07.989550
32840	656	656	0.397	1	0:00:08.076192
32860	657	795	0.8	0	0:00:07.957223
32880	657	657	0.452	1	0:00:08.217578
32900	658	824	0.148	0	0:00:07.987654
32920	658	88	0.728	0	0:00:07.977384
32940	658	644	0.0623	0	0:00:08.079189
32960	659	659	0.8	1	0:00:07.975736
32980	659	788	0.176	0	0:00:08.093147
33000	660	660	0.538	1	0:00:08.077988
33020	660	660	0.374	1	0:00:07.983760
33040	660	557	0.317	0	0:00:07.967894
33060	661	670	0.274	0	0:00:08.094774
33080	661	661	0.8	1	0:00:08.088868
33100	662	549	0.309	0	0:00:08.085861
33120	662	662	0.083	1	0:00:07.970605
33140	662	670	0.0158	0	0:00:07.975916
33160	663	-1	0.0	0	0:00:08.091992
33180	663	970	0.596	0	0:00:07.974988
33200	664	782	0.346	0	0:00:07.968015
33220	664	527	0.662	0	0:00:08.091883
33240	664	519	0.544	0	0:00:07.978869
33260	665	671	0.743	0	0:00:08.238530
33280	665	665	0.233	1	0:00:07.969297
33300	666	968	0.00897	0	0:00:07.940375
33320	666	666	0.543	1	0:00:08.071470
33340	666	-1	0.0	0	0:00:07.979899
33360	667	400	0.46	0	0:00:08.102852
33380	667	667	0.8	1	0:00:08.075590
33400	668	921	0.128	0	0:00:07.983228
33420	668	668	0.8	1	0:00:07.988632
33440	668	682	0.8	0	0:00:08.071347
33460	669	669	0.764	1	0:00:08.083564
33480	669	-1	0.0	0	0:00:08.080239
33500	670	670	0.8	1	0:00:07.969437
33520	670	670	0.8	1	0:00:07.965710
33540	670	670	0.8	1	0:00:08.141472
33560	671	880	0.272	0	0:00:07.992136
33580	671	671	0.735	1	0:00:07.978449
33600	672	980	0.359	0	0:00:08.080904
33620	672	672	0.142	1	0:00:07.961627
33640	672	672	0.103	1	0:00:08.222442
33660	673	673	0.753	1	0:00:07.946826
33680	673	-1	0.0	0	0:00:07.980806
33700	674	739	0.26	0	0:00:08.097406
33720	674	692	0.0831	0	0:00:07.980717
33740	674	710	0.19	0	0:00:08.071753
33760	675	675	0.313	1	0:00:08.085164
33780	675	569	0.324	0	0:00:07.970858
33800	676	923	0.0783	0	0:00:07.963323
33820	676	-1	0.0	0	0:00:08.084762
33840	676	570	0.654	0	0:00:08.100771
33860	677	953	0.8	0	0:00:08.086478
33880	677	-1	0.0	0	0:00:07.980425
33900	678	678	0.51	1	0:00:07.966835
33920	678	785	0.27	0	0:00:08.093049
33940	678	678	0.8	1	0:00:07.972616
33960	679	679	0.743	1	0:00:07.973128
33980	679	679	0.0443	1	0:00:08.092259
34000	680	78	0.0717	0	0:00:07.935827
34020	680	680	0.743	1	0:00:08.170638
34040	680	-1	0.0	0	0:00:07.960213
34060	681	681	0.8	1	0:00:07.966030
34080	681	620	0.41	0	0:00:08.071693
34100	682	682	0.8	1	0:00:07.962272
34120	682	-1	0.0	0	0:00:08.096667
34140	682	682	0.8	1	0:00:08.092832
34160	683	587	0.0476	0	0:00:07.953576
34180	683	465	0.0576	0	0:00:07.980914
34200	684	-1	0.0	0	0:00:08.085289
34220	684	684	0.8	1	0:00:08.078497
34240	684	684	0.8	1	0:00:08.083664
34260	685	685	0.8	1	0:00:07.994933
34280	685	685	0.8	1	0:00:07.974907
34300	686	550	0.371	0	0:00:08.082660
34320	686	786	0.112	0	0:00:07.975867
34340	686	61	0.346	0	0:00:07.971924
34360	687	687	0.8	1	0:00:08.094144
34380	687	687	0.673	1	0:00:07.979742
34400	688	688	0.8	1	0:00:08.204113
34420	688	-1	0.0	0	0:00:07.971743
34440	688	688	0.383	1	0:00:07.966038
34460	689	697	0.457	0	0:00:08.082077
34480	689	378	0.061	0	0:00:07.969602
34500	690	118	0.476	0	0:00:08.096866
34520	690	917	0.705	0	0:00:08.075787
34540	690	595	0.728	0	0:00:07.977641
34560	691	570	0.0332	0	0:00:07.964164
34580	691	-1	0.0	0	0:00:08.129184
34600	692	549	0.154	0	0:00:08.075460
34620	692	865	0.351	0	0:00:08.080627
34640	692	692	0.461	1	0:00:07.961288
34660	693	693	0.8	1	0:00:07.970411
34680	693	701	0.048	0	0:00:08.047293
34700	694	694	0.8	1	0:00:07.960438
34720	694	694	0.8	1	0:00:07.968144
34740	694	694	0.8	1	0:00:08.089390
34760	695	643	0.228	0	0:00:07.941750
34780	695	825	0.226	0	0:00:08.200692
34800	696	391	0.159	0	0:00:07.969165
34820	696	392	0.0183	0	0:00:07.978514
34840	696	677	0.145	0	0:00:08.082564
34860	697	728	0.202	0	0:00:07.980527
34880	697	697	0.434	1	0:00:08.101057
34900	698	663	0.173	0	0:00:08.080123
34920	698	483	0.473	0	0:00:07.972391
34940	698	698	0.177	1	0:00:07.985699
34960	699	-1	0.0	0	0:00:08.103510
34980	699	614	0.647	0	0:00:08.089410
35000	700	-1	0.0	0	0:00:08.110803
35020	700	94	0.0193	0	0:00:07.946122
35040	700	-1	0.0	0	0:00:07.955852
35060	701	794	0.304	0	0:00:08.080982
35080	701	701	0.8	1	0:00:07.936313
35100	702	422	0.531	0	0:00:07.966774
35120	702	416	0.519	0	0:00:08.053892
35140	702	655	0.0292	0	0:00:07.970841
35160	703	-1	0.0	0	0:00:08.262954
35180	703	6	0.527	0	0:00:07.958727
35200	704	424	0.0523	0	0:00:07.982385
35220	704	399	0.012	0	0:00:08.060965
35240	704	-1	0.0	0	0:00:07.967821
35260	705	569	0.0966	0	0:00:08.076985
35280	705	874	0.8	0	0:00:08.100234
35300	706	536	0.393	0	0:00:07.967263
35320	706	706	0.0479	1	0:00:07.982500
35340	706	706	0.8	1	0:00:08.065564
35360	707	617	0.696	0	0:00:08.088031
35380	707	707	0.8	1	0:00:08.102344
35400	708	682	0.8	0	0:00:07.943406
35420	708	-1	0.0	0	0:00:07.962857
35440	708	708	0.8	1	0:00:08.077959
35460	709	893	0.121	0	0:00:07.966951
35480	709	-1	0.0	0	0:00:07.981105
35500	710	786	0.638	0	0:00:08.082039
35520	710	587	0.166	0	0:00:07.968155
35540	710	587	0.2	0	0:00:08.197370
35560	711	631	0.289	0	0:00:07.951674
35580	711	844	0.308	0	0:00:07.927404
35600	712	712	0.0752	1	0:00:08.098233
35620	712	937	0.00571	0	0:00:07.971838
35640	712	712	0.8	1	0:00:08.106390
35660	713	713	0.8	1	0:00:08.068878
35680	713	713	0.8	1	0:00:07.951298
35700	714	-1	0.0	0	0:00:07.954736
35720	714	679	0.517	0	0:00:08.063584
35740	714	518	0.29	0	0:00:08.090503
35760	715	715	0.8	1	0:00:08.082614
35780	715	-1	0.0	0	0:00:07.967303
35800	716	716	0.8	1	0:00:07.966234
35820	716	716	0.8	1	0:00:08.087847
35840	716	716	0.8	1	0:00:07.975912
35860	717	864	0.42	0	0:00:07.966554
35880	717	581	0.8	0	0:00:08.087173
35900	718	-1	0.0	0	0:00:07.958265
35920	718	755	0.438	0	0:00:08.196942
35940	718	718	0.0834	1	0:00:07.953272
35960	719	284	0.16	0	0:00:07.974062
35980	719	859	0.00884	0	0:00:08.078907
36000	720	948	0.215	0	0:00:07.968575
36020	720	720	0.568	1	0:00:08.094344
36040	720	720	0.569	1	0:00:08.121025
36060	721	-1	0.0	0	0:00:07.973061
36080	721	794	0.279	0	0:00:07.973297
36100	722	722	0.8	1	0:00:08.086687
36120	722	722	0.8	1	0:00:08.084108
36140	722	722	0.0263	1	0:00:08.083015
36160	723	723	0.8	1	0:00:07.967716
36180	723	723	0.8	1	0:00:07.977226
36200	724	780	0.8	0	0:00:08.067523
36220	724	-1	0.0	0	0:00:07.962443
36240	724	406	0.00602	0	0:00:07.974075
36260	725	849	0.419	0	0:00:08.089372
36280	725	604	0.183	0	0:00:07.975320
36300	726	726	0.778	1	0:00:08.201654
36320	726	-1	0.0	0	0:00:07.971242
36340	726	623	0.227	0	0:00:07.978426
36360	727	727	0.8	1	0:00:08.079561
36380	727	727	0.393	1	0:00:07.962386
36400	728	728	0.534	1	0:00:08.085111
36420	728	-1	0.0	0	0:00:08.088437
36440	728	378	0.377	0	0:00:07.983187
36460	729	-1	0.0	0	0:00:07.964735
36480	729	659	0.461	0	0:00:08.074003
36500	730	-1	0.0	0	0:00:08.116860
36520	730	-1	0.0	0	0:00:08.091464
36540	730	730	0.8	1	0:00:07.986304
36560	731	-1	0.0	0	0:00:07.981403
36580	731	-1	0.0	0	0:00:08.087501
36600	732	732	0.347	1	0:00:07.962208
36620	732	732	0.778	1	0:00:07.988959
36640	732	732	0.8	1	0:00:08.148792
36660	733	704	0.396	0	0:00:07.976713
36680	733	697	0.293	0	0:00:08.202863
36700	734	-1	0.0	0	0:00:07.966098
36720	734	734	0.228	1	0:00:07.974019
36740	734	864	0.0122	0	0:00:08.085259
36760	735	735	0.8	1	0:00:07.983208
36780	735	735	0.644	1	0:00:08.092893
36800	736	736	0.8	1	0:00:08.087826
36820	736	865	0.431	0	0:00:07.985191
36840	736	477	0.664	0	0:00:07.964282
36860	737	440	0.551	0	0:00:08.068995
36880	737	760	0.8	0	0:00:08.084139
36900	738	723	0.0608	0	0:00:08.094136
36920	738	738	0.778	1	0:00:07.977963
36940	738	738	0.8	1	0:00:07.960337
36960	739	739	0.195	1	0:00:08.080447
36980	739	410	0.0641	0	0:00:07.976964
37000	740	760	0.0263	0	0:00:07.962869
37020	740	895	0.162	0	0:00:08.071977
37040	740	823	0.501	0	0:00:07.961889
37060	741	-1	0.0	0	0:00:08.212153
37080	741	-1	0.0	0	0:00:07.975608
37100	742	713	0.327	0	0:00:07.974674
37120	742	713	0.368	0	0:00:08.053812
37140	742	713	0.8	0	0:00:07.961612
37160	743	-1	0.0	0	0:00:08.075987
37180	743	743	0.111	1	0:00:08.089049
37200	744	-1	0.0	0	0:00:07.969445
37220	744	744	0.8	1	0:00:07.975018
37240	744	657	0.8	0	0:00:08.066351
37260	745	745	0.138	1	0:00:08.113286
37280	745	745	0.173	1	0:00:08.089933
37300	746	746	0.8	1	0:00:07.974321
37320	746	746	0.778	1	0:00:07.969900
37340	746	746	0.8	1	0:00:08.087846
37360	747	707	0.517	0	0:00:07.971045
37380	747	747	0.778	1	0:00:07.964647
37400	748	549	0.229	0	0:00:08.102214
37420	748	971	0.124	0	0:00:07.967904
37440	748	748	0.31	1	0:00:08.210060
37460	749	893	0.618	0	0:00:07.961927
37480	749	587	0.18	0	0:00:07.964147
37500	750	-1	0.0	0	0:00:08.082556
37520	750	750	0.778	1	0:00:07.958236
37540	750	741	0.584	0	0:00:08.102946
37560	751	751	0.8	1	0:00:08.109780
37580	751	751	0.8	1	0:00:07.968951
37600	752	786	0.0267	0	0:00:07.976733
37620	752	752	0.778	1	0:00:08.083310
37640	752	752	0.523	1	0:00:08.099157
37660	753	606	0.027	0	0:00:08.129551
37680	753	-1	0.0	0	0:00:07.978836
37700	754	848	0.562	0	0:00:07.975648
37720	754	-1	0.0	0	0:00:08.097548
37740	754	626	0.728	0	0:00:07.954655
37760	755	755	0.8	1	0:00:07.960894
37780	755	755	0.8	1	0:00:08.072484
37800	756	756	0.594	1	0:00:07.955751
37820	756	410	0.8	0	0:00:08.241656
37840	756	756	0.535	1	0:00:07.968892
37860	757	895	0.156	0	0:00:07.934628
37880	757	757	0.481	1	0:00:08.076364
37900	758	726	0.151	0	0:00:07.960764
37920	758	423	0.448	0	0:00:08.097395
37940	758	907	0.1	0	0:00:08.079759
37960	759	759	0.301	1	0:00:07.973868
37980	759	722	0.591	0	0:00:07.953376
38000	760	799	0.307	0	0:00:08.084139
38020	760	-1	0.0	0	0:00:08.071687
38040	760	534	0.432	0	0:00:08.089257
38060	761	971	0.232	0	0:00:07.947291
38080	761	454	0.0884	0	0:00:07.969122
38100	762	762	0.638	1	0:00:08.083825
38120	762	762	0.8	1	0:00:07.976815
38140	762	995	0.294	0	0:00:07.978733
38160	763	1	0.0289	0	0:00:08.092813
38180	763	763	0.0955	1	0:00:07.976255
38200	764	776	0.0342	0	0:00:08.198006
38220	764	-1	0.0	0	0:00:07.963082
38240	764	784	0.0636	0	0:00:07.969438
38260	765	765	0.8	1	0:00:08.101716
38280	765	765	0.778	1	0:00:07.989556
38300	766	467	0.08	0	0:00:08.079895
38320	766	665	0.592	0	0:00:08.087628
38340	766	799	0.0245	0	0:00:07.977271
38360	767	584	0.0382	0	0:00:07.974128
38380	767	643	0.182	0	0:00:08.087021
38400	768	981	0.0113	0	0:00:08.089931
38420	768	768	0.612	1	0:00:08.083565
38440	768	-1	0.0	0	0:00:07.977826
38460	769	310	0.0847	0	0:00:07.974867
38480	769	324	0.778	0	0:00:08.084844
38500	770	-1	0.0	0	0:00:07.973416
38520	770	916	0.728	0	0:00:07.959316
38540	770	774	0.8	0	0:00:08.063974
38560	771	771	0.638	1	0:00:07.957630
38580	771	771	0.8	1	0:00:08.203851
38600	772	772	0.764	1	0:00:07.979443
38620	772	696	0.208	0	0:00:07.973099
38640	772	569	0.0466	0	0:00:08.073750
38660	773	971	0.8	0	0:00:07.979230
38680	773	722	0.409	0	0:00:08.066685
38700	774	491	0.194	0	0:00:08.140750
38720	774	774	0.8	1	0:00:07.975096
38740	774	770	0.0452	0	0:00:07.973285
38760	775	1	0.284	0	0:00:08.078370
38780	775	775	0.201	1	0:00:08.094978
38800	776	-1	0.0	0	0:00:08.071217
38820	776	776	0.628	1	0:00:07.984356
38840	776	916	0.8	0	0:00:07.954012
38860	777	905	0.0941	0	0:00:08.071953
38880	777	777	0.145	1	0:00:07.982334
38900	778	608	0.207	0	0:00:07.970104
38920	778	892	0.127	0	0:00:08.076841
38940	778	-1	0.0	0	0:00:07.976124
38960	779	864	0.664	0	0:00:08.198544
38980	779	779	0.778	1	0:00:07.959683
39000	780	914	0.563	0	0:00:07.952685
39020	780	780	0.8	1	0:00:08.073929
39040	780	780	0.364	1	0:00:07.949298
39060	781	781	0.8	1	0:00:08.095533
39080	781	410	0.8	0	0:00:08.079147
39100	782	664	0.368	0	0:00:07.942932
39120	782	598	0.0814	0	0:00:07.959758
39140	782	664	0.435	0	0:00:08.081925
39160	783	783	0.0968	1	0:00:08.069468
39180	783	783	0.499	1	0:00:08.064320
39200	784	899	0.0159	0	0:00:07.975315
39220	784	-1	0.0	0	0:00:07.956642
39240	784	-1	0.0	0	0:00:08.085092
39260	785	-1	0.0	0	0:00:07.985190
39280	785	617	0.225	0	0:00:07.961860
39300	786	786	0.542	1	0:00:08.162000
39320	786	819	0.0463	0	0:00:07.958901
39340	786	524	0.224	0	0:00:08.213772
39360	787	863	0.4	0	0:00:07.971251
39380	787	-1	0.0	0	0:00:07.968415
39400	788	540	0.173	0	0:00:08.076156
39420	788	788	0.8	1	0:00:07.994518
39440	788	788	0.696	1	0:00:08.097831
39460	789	789	0.8	1	0:00:08.085030
39480	789	789	0.8	1	0:00:07.973879
39500	790	791	0.8	0	0:00:07.943570
39520	790	476	0.541	0	0:00:08.090458
39540	790	588	0.332	0	0:00:08.085720
39560	791	454	0.211	0	0:00:08.070804
39580	791	791	0.8	1	0:00:07.976963
39600	792	792	0.632	1	0:00:07.970547
39620	792	792	0.152	1	0:00:08.084451
39640	792	-1	0.0	0	0:00:07.959097
39660	793	793	0.373	1	0:00:07.969904
39680	793	-1	0.0	0	0:00:08.077018
39700	794	794	0.8	1	0:00:07.971204
39720	794	281	0.0682	0	0:00:08.224500
39740	794	794	0.254	1	0:00:07.972173
39760	795	970	0.8	0	0:00:07.977368
39780	795	792	0.0785	0	0:00:08.076028
39800	796	796	0.8	1	0:00:07.972044
39820	796	648	0.0178	0	0:00:08.080800
39840	796	691	0.8	0	0:00:08.098693
39860	797	697	0.197	0	0:00:07.973599
39880	797	793	0.351	0	0:00:07.971107
39900	798	798	0.8	1	0:00:08.065264
39920	798	591	0.743	0	0:00:08.079093
39940	798	798	0.244	1	0:00:08.091419
39960	799	799	0.8	1	0:00:07.981562
39980	799	-1	0.0	0	0:00:07.972465
40000	800	860	0.364	0	0:00:08.088011
40020	800	865	0.615	0	0:00:07.984821
40040	800	800	0.535	1	0:00:07.965879
40060	801	973	0.8	0	0:00:08.090052
40080	801	801	0.8	1	0:00:07.973607
40100	802	802	0.302	1	0:00:08.195220
40120	802	802	0.8	1	0:00:07.965806
40140	802	802	0.258	1	0:00:07.980821
40160	803	803	0.303	1	0:00:08.076543
40180	803	803	0.8	1	0:00:07.921626
40200	804	478	0.202	0	0:00:08.071149
40220	804	711	0.301	0	0:00:08.083285
40240	804	648	0.5	0	0:00:07.966757
40260	805	600	0.696	0	0:00:07.935925
40280	805	529	0.13	0	0:00:08.088929
40300	806	806	0.715	1	0:00:08.087747
40320	806	806	0.429	1	0:00:08.122818
40340	806	-1	0.0	0	0:00:07.971093
40360	807	517	0.538	0	0:00:07.970362
40380	807	807	0.764	1	0:00:08.085933
40400	808	710	0.0637	0	0:00:07.967336
40420	808	96	0.232	0	0:00:07.979392
40440	808	-1	0.0	0	0:00:08.102558
40460	809	927	0.8	0	0:00:07.960895
40480	809	544	0.333	0	0:00:08.256660
40500	810	878	0.8	0	0:00:07.980649
40520	810	878	0.8	0	0:00:07.970199
40540	810	878	0.0876	0	0:00:08.080671
40560	811	-1	0.0	0	0:00:07.963715
40580	811	-1	0.0	0	0:00:08.086884
40600	812	812	0.8	1	0:00:08.070255
40620	812	812	0.8	1	0:00:07.969902
40640	812	812	0.8	1	0:00:07.957737
40660	813	591	0.178	0	0:00:08.065351
40680	813	680	0.0788	0	0:00:08.078285
40700	814	554	0.0993	0	0:00:08.071831
40720	814	814	0.126	1	0:00:07.966477
40740	814	977	0.255	0	0:00:07.969270
40760	815	815	0.8	1	0:00:08.078291
40780	815	378	0.132	0	0:00:07.968266
40800	816	816	0.588	1	0:00:07.984898
40820	816	677	0.187	0	0:00:08.064119
40840	816	-1	0.0	0	0:00:07.957400
40860	817	751	0.434	0	0:00:08.205793
40880	817	817	0.612	1	0:00:07.980159
40900	818	745	0.244	0	0:00:07.973318
40920	818	644	0.164	0	0:00:08.129565
40940	818	111	0.642	0	0:00:07.968295
40960	819	819	0.426	1	0:00:08.092437
40980	819	718	0.58	0	0:00:08.073781
41000	820	867	0.00495	0	0:00:07.952498
41020	820	856	0.0719	0	0:00:07.958435
41040	820	-1	0.0	0	0:00:08.069966
41060	821	18	0.413	0	0:00:08.086474
41080	821	-1	0.0	0	0:00:08.083254
41100	822	822	0.8	1	0:00:07.971278
41120	822	822	0.651	1	0:00:07.985494
41140	822	424	0.297	0	0:00:08.088234
41160	823	850	0.13	0	0:00:07.978274
41180	823	518	0.0275	0	0:00:07.958456
41200	824	824	0.577	1	0:00:08.089966
41220	824	824	0.778	1	0:00:07.991784
41240	824	655	0.221	0	0:00:08.198439
41260	825	825	0.753	1	0:00:07.974854
41280	825	885	0.8	0	0:00:07.966315
41300	826	531	0.396	0	0:00:08.073074
41320	826	605	0.8	0	0:00:07.987070
41340	826	794	0.764	0	0:00:08.114641
41360	827	-1	0.0	0	0:00:08.071934
41380	827	909	0.318	0	0:00:07.983641
41400	828	971	0.0353	0	0:00:07.955394
41420	828	828	0.597	1	0:00:08.054157
41440	828	904	0.8	0	0:00:08.091891
41460	829	829	0.8	1	0:00:08.075254
41480	829	526	0.26	0	0:00:07.991199
41500	830	788	0.132	0	0:00:07.990705
41520	830	972	0.144	0	0:00:08.123542
41540	830	-1	0.0	0	0:00:07.955073
41560	831	842	0.42	0	0:00:07.987818
41580	831	519	0.191	0	0:00:08.095492
41600	832	832	0.8	1	0:00:07.968272
41620	832	832	0.451	1	0:00:08.166803
41640	832	-1	0.0	0	0:00:07.979886
41660	833	-1	0.0	0	0:00:07.995214
41680	833	833	0.8	1	0:00:08.068572
41700	834	417	0.00564	0	0:00:07.953085
41720	834	834	0.8	1	0:00:08.108113
41740	834	524	0.778	0	0:00:08.088472
41760	835	410	0.000188	0	0:00:07.985583
41780	835	30	0.0996	0	0:00:07.994730
41800	836	-1	0.0	0	0:00:08.093837
41820	836	-1	0.0	0	0:00:08.125089
41840	836	655	0.498	0	0:00:08.094916
41860	837	424	0.283	0	0:00:07.953719
41880	837	837	0.642	1	0:00:07.984972
41900	838	478	0.418	0	0:00:08.074397
41920	838	112	0.0858	0	0:00:07.963012
41940	838	898	0.8	0	0:00:07.953903
41960	839	833	0.192	0	0:00:08.117518
41980	839	634	0.464	0	0:00:07.994854
42000	840	551	0.176	0	0:00:08.220650
42020	840	-1	0.0	0	0:00:07.941520
42040	840	840	0.656	1	0:00:07.997548
42060	841	697	0.422	0	0:00:08.094184
42080	841	474	0.11	0	0:00:07.974539
42100	842	842	0.00577	1	0:00:08.110342
42120	842	842	0.247	1	0:00:08.044894
42140	842	515	0.0774	0	0:00:07.960522
42160	843	600	0.753	0	0:00:07.936039
42180	843	424	0.606	0	0:00:08.096678
42200	844	844	0.8	1	0:00:08.075984
42220	844	844	0.8	1	0:00:08.102028
42240	844	844	0.8	1	0:00:07.973866
42260	845	845	0.7	1	0:00:07.956959
42280	845	643	0.0183	0	0:00:08.048464
42300	846	786	0.0332	0	0:00:07.972292
42320	846	619	0.343	0	0:00:07.986367
42340	846	760	0.211	0	0:00:08.089878
42360	847	526	0.121	0	0:00:07.975572
42380	847	909	0.098	0	0:00:08.201060
42400	848	664	0.317	0	0:00:07.990381
42420	848	657	0.0752	0	0:00:07.950062
42440	848	848	0.656	1	0:00:08.085728
42460	849	150	0.00897	0	0:00:07.961607
42480	849	849	0.8	1	0:00:08.056312
42500	850	850	0.764	1	0:00:08.094496
42520	850	865	0.673	0	0:00:07.998333
42540	850	466	0.8	0	0:00:07.991530
42560	851	893	0.0407	0	0:00:08.095991
42580	851	527	0.778	0	0:00:08.093001
42600	852	852	0.8	1	0:00:08.047483
42620	852	733	0.0384	0	0:00:07.964816
42640	852	852	0.8	1	0:00:07.986354
42660	853	853	0.8	1	0:00:08.055231
42680	853	853	0.8	1	0:00:07.996422
42700	854	-1	0.0	0	0:00:07.942514
42720	854	893	0.0115	0	0:00:08.091392
42740	854	634	0.0844	0	0:00:07.992553
42760	855	468	0.0279	0	0:00:08.191277
42780	855	855	0.8	1	0:00:07.970355
42800	856	-1	0.0	0	0:00:07.961059
42820	856	856	0.659	1	0:00:08.078490
42840	856	595	0.721	0	0:00:07.973365
42860	857	857	0.8	1	0:00:08.087435
42880	857	857	0.778	1	0:00:08.112117
42900	858	549	0.128	0	0:00:07.936850
42920	858	858	0.8	1	0:00:08.016483
42940	858	-1	0.0	0	0:00:08.106031
42960	859	710	0.21	0	0:00:08.098233
42980	859	859	0.398	1	0:00:08.122719
43000	860	892	0.2	0	0:00:07.967349
43020	860	762	0.514	0	0:00:07.967920
43040	860	865	0.453	0	0:00:08.085857
43060	861	861	0.8	1	0:00:07.965584
43080	861	861	0.8	1	0:00:07.959627
43100	862	470	0.224	0	0:00:08.075311
43120	862	862	0.8	1	0:00:07.951922
43140	862	819	0.146	0	0:00:08.259224
43160	863	863	0.8	1	0:00:07.968706
43180	863	863	0.8	1	0:00:07.985421
43200	864	-1	0.0	0	0:00:08.101669
43220	864	864	0.283	1	0:00:07.934124
43240	864	864	0.735	1	0:00:08.103462
43260	865	865	0.8	1	0:00:08.096112
43280	865	865	0.8	1	0:00:07.969567
43300	866	971	0.359	0	0:00:07.984866
43320	866	670	0.447	0	0:00:08.109019
43340	866	665	0.00928	0	0:00:08.103116
43360	867	867	0.234	1	0:00:08.082839
43380	867	867	0.106	1	0:00:07.954942
43400	868	971	0.345	0	0:00:07.953960
43420	868	923	0.496	0	0:00:08.087177
43440	868	942	0.012	0	0:00:07.942285
43460	869	713	0.151	0	0:00:07.958963
43480	869	869	0.25	1	0:00:08.067588
43500	870	529	0.0653	0	0:00:07.961791
43520	870	870	0.537	1	0:00:08.209806
43540	870	870	0.189	1	0:00:07.948928
43560	871	871	0.8	1	0:00:07.973025
43580	871	484	0.753	0	0:00:08.065704
43600	872	-1	0.0	0	0:00:07.969817
43620	872	872	0.25	1	0:00:08.066225
43640	872	960	0.504	0	0:00:08.077469
43660	873	873	0.8	1	0:00:07.989246
43680	873	873	0.8	1	0:00:08.002590
43700	874	-1	0.0	0	0:00:08.084765
43720	874	874	0.638	1	0:00:08.081070
43740	874	874	0.8	1	0:00:08.080944
43760	875	865	0.8	0	0:00:07.954928
43780	875	513	0.541	0	0:00:07.950690
43800	876	453	0.123	0	0:00:08.091384
43820	876	-1	0.0	0	0:00:07.959668
43840	876	672	0.181	0	0:00:07.962045
43860	877	877	0.8	1	0:00:08.073831
43880	877	595	0.242	0	0:00:07.972144
43900	878	878	0.705	1	0:00:08.167941
43920	878	878	0.753	1	0:00:07.975540
43940	878	783	0.0222	0	0:00:07.968696
43960	879	-1	0.0	0	0:00:08.067855
43980	879	723	0.609	0	0:00:07.937925
44000	880	575	0.197	0	0:00:08.106401
44020	880	880	0.8	1	0:00:08.144618
44040	880	-1	0.0	0	0:00:07.964238
44060	881	853	0.426	0	0:00:07.974318
44080	881	634	0.392	0	0:00:08.054753
44100	882	760	0.509	0	0:00:08.051023
44120	882	526	0.232	0	0:00:08.074114
44140	882	811	0.131	0	0:00:07.982387
44160	883	883	0.603	1	0:00:07.964697
44180	883	738	0.8	0	0:00:08.109392
44200	884	884	0.586	1	0:00:07.975172
44220	884	884	0.8	1	0:00:08.000024
44240	884	884	0.467	1	0:00:08.069720
44260	885	911	0.137	0	0:00:07.995157
44280	885	643	0.408	0	0:00:08.189406
44300	886	865	0.0768	0	0:00:07.970073
44320	886	886	0.474	1	0:00:07.952938
44340	886	886	0.549	1	0:00:08.089778
44360	887	614	0.488	0	0:00:07.982752
44380	887	614	0.728	0	0:00:08.080363
44400	888	718	0.255	0	0:00:08.059761
44420	888	888	0.183	1	0:00:07.942618
44440	888	272	0.248	0	0:00:07.967196
44460	889	889	0.753	1	0:00:08.050477
44480	889	486	0.211	0	0:00:08.145580
44500	890	890	0.687	1	0:00:08.102601
44520	890	890	0.8	1	0:00:07.985291
44540	890	865	0.0376	0	0:00:08.004606
44560	891	-1	0.0	0	0:00:08.097965
44580	891	-1	0.0	0	0:00:07.930364
44600	892	483	0.621	0	0:00:07.993518
44620	892	633	0.205	0	0:00:08.149978
44640	892	892	0.597	1	0:00:07.980944
44660	893	794	0.273	0	0:00:08.202394
44680	893	446	0.108	0	0:00:07.977164
44700	894	894	0.362	1	0:00:07.995071
44720	894	648	0.251	0	0:00:08.059821
44740	894	894	0.195	1	0:00:08.007315
44760	895	895	0.8	1	0:00:08.076454
44780	895	895	0.491	1	0:00:08.055408
44800	896	804	0.069	0	0:00:07.987830
44820	896	896	0.612	1	0:00:07.963630
44840	896	999	0.525	0	0:00:08.075352
44860	897	794	0.8	0	0:00:08.080637
44880	897	897	0.419	1	0:00:08.114860
44900	898	549	0.735	0	0:00:07.971414
44920	898	595	0.101	0	0:00:08.003868
44940	898	-1	0.0	0	0:00:08.057665
44960	899	880	0.8	0	0:00:07.975350
44980	899	-1	0.0	0	0:00:07.983472
45000	900	900	0.8	1	0:00:08.070216
45020	900	900	0.231	1	0:00:07.953094
45040	900	900	0.8	1	0:00:08.217524
45060	901	653	0.8	0	0:00:07.985044
45080	901	549	0.0989	0	0:00:07.990657
45100	902	902	0.8	1	0:00:08.045913
45120	902	902	0.502	1	0:00:07.958687
45140	902	902	0.0434	1	0:00:08.058957
45160	903	834	0.345	0	0:00:08.067722
45180	903	903	0.446	1	0:00:07.966467
45200	904	738	0.418	0	0:00:07.942047
45220	904	904	0.8	1	0:00:08.101867
45240	904	904	0.764	1	0:00:08.087708
45260	905	894	0.11	0	0:00:08.060565
45280	905	48	0.131	0	0:00:07.937148
45300	906	906	0.52	1	0:00:07.965107
45320	906	906	0.221	1	0:00:08.063030
45340	906	834	0.285	0	0:00:07.963597
45360	907	907	0.8	1	0:00:07.972427
45380	907	907	0.392	1	0:00:08.106541
45400	908	908	0.315	1	0:00:07.974348
45420	908	908	0.052	1	0:00:08.173676
45440	908	404	0.8	0	0:00:07.998380
45460	909	909	0.8	1	0:00:07.990876
45480	909	-1	0.0	0	0:00:08.046830
45500	910	641	0.149	0	0:00:07.957071
45520	910	885	0.166	0	0:00:08.063848
45540	910	112	0.00696	0	0:00:08.070102
45560	911	431	0.0924	0	0:00:07.939997
45580	911	-1	0.0	0	0:00:07.966867
45600	912	788	0.0878	0	0:00:08.101298
45620	912	912	0.8	1	0:00:08.098653
45640	912	-1	0.0	0	0:00:08.131946
45660	913	51	0.195	0	0:00:07.950217
45680	913	913	0.62	1	0:00:07.942449
45700	914	914	0.569	1	0:00:08.069661
45720	914	914	0.8	1	0:00:07.964052
45740	914	914	0.0907	1	0:00:07.976783
45760	915	895	0.0198	0	0:00:08.097928
45780	915	915	0.618	1	0:00:07.959796
45800	916	-1	0.0	0	0:00:08.179758
45820	916	916	0.778	1	0:00:07.925064
45840	916	916	0.8	1	0:00:07.945348
45860	917	917	0.0348	1	0:00:08.085932
45880	917	917	0.778	1	0:00:07.964283
45900	918	918	0.8	1	0:00:08.060923
45920	918	646	0.294	0	0:00:08.104563
45940	918	918	0.8	1	0:00:07.959753
45960	919	118	0.107	0	0:00:07.970562
45980	919	919	0.8	1	0:00:08.074597
46000	920	738	0.0676	0	0:00:08.102182
46020	920	723	0.208	0	0:00:08.072160
46040	920	920	0.8	1	0:00:07.976452
46060	921	788	0.21	0	0:00:07.985903
46080	921	794	0.0583	0	0:00:08.083658
46100	922	922	0.385	1	0:00:08.001395
46120	922	922	0.735	1	0:00:07.980229
46140	922	922	0.449	1	0:00:08.118395
46160	923	-1	0.0	0	0:00:07.997642
46180	923	788	0.0777	0	0:00:08.215969
46200	924	936	0.0781	0	0:00:07.991833
46220	924	909	0.531	0	0:00:07.971777
46240	924	963	0.566	0	0:00:08.119585
46260	925	925	0.421	1	0:00:07.950126
46280	925	925	0.512	1	0:00:08.077693
46300	926	926	0.743	1	0:00:08.043995
46320	926	-1	0.0	0	0:00:07.976332
46340	926	963	0.8	0	0:00:07.954400
46360	927	927	0.8	1	0:00:08.086743
46380	927	927	0.8	1	0:00:08.078665
46400	928	927	0.311	0	0:00:08.080549
46420	928	964	0.0134	0	0:00:07.952297
46440	928	928	0.647	1	0:00:07.968952
46460	929	880	0.324	0	0:00:08.066212
46480	929	949	0.171	0	0:00:07.960984
46500	930	930	0.32	1	0:00:07.981514
46520	930	930	0.8	1	0:00:08.053222
46540	930	930	0.0464	1	0:00:07.980101
46560	931	766	0.0549	0	0:00:08.193393
46580	931	-1	0.0	0	0:00:07.986391
46600	932	932	0.448	1	0:00:07.986186
46620	932	932	0.415	1	0:00:08.110579
46640	932	932	0.8	1	0:00:07.962439
46660	933	933	0.649	1	0:00:08.093430
46680	933	965	0.623	0	0:00:08.078604
46700	934	934	0.016	1	0:00:07.982255
46720	934	-1	0.0	0	0:00:07.979176
46740	934	911	0.0977	0	0:00:08.052196
46760	935	-1	0.0	0	0:00:08.068080
46780	935	953	0.272	0	0:00:08.073594
46800	936	936	0.735	1	0:00:07.999295
46820	936	936	0.8	1	0:00:07.988481
46840	936	885	0.8	0	0:00:08.093525
46860	937	937	0.8	1	0:00:07.985023
46880	937	937	0.8	1	0:00:07.951152
46900	938	937	0.269	0	0:00:08.095399
46920	938	938	0.05	1	0:00:07.981836
46940	938	924	0.778	0	0:00:08.229662
46960	939	954	0.8	0	0:00:07.979525
46980	939	939	0.308	1	0:00:07.952946
47000	940	-1	0.0	0	0:00:08.091274
47020	940	940	0.385	1	0:00:07.942885
47040	940	953	0.412	0	0:00:08.090383
47060	941	-1	0.0	0	0:00:08.098520
47080	941	941	0.8	1	0:00:07.988964
47100	942	942	0.8	1	0:00:07.967468
47120	942	930	0.259	0	0:00:08.104240
47140	942	942	0.8	1	0:00:08.128298
47160	943	943	0.46	1	0:00:08.059831
47180	943	949	0.117	0	0:00:07.963196
47200	944	946	0.8	0	0:00:07.994099
47220	944	944	0.576	1	0:00:08.075357
47240	944	944	0.8	1	0:00:07.974631
47260	945	937	0.58	0	0:00:07.956434
47280	945	943	0.288	0	0:00:08.122468
47300	946	946	0.8	1	0:00:07.986420
47320	946	946	0.8	1	0:00:08.230878
47340	946	-1	0.0	0	0:00:07.992060
47360	947	947	0.8	1	0:00:07.983784
47380	947	947	0.8	1	0:00:08.079450
47400	948	948	0.8	1	0:00:07.977391
47420	948	948	0.43	1	0:00:08.069379
47440	948	948	0.687	1	0:00:08.090927
47460	949	953	0.326	0	0:00:07.968819
47480	949	949	0.8	1	0:00:07.979974
47500	950	950	0.165	1	0:00:08.076054
47520	950	951	0.8	0	0:00:08.054440
47540	950	957	0.198	0	0:00:08.055837
47560	951	950	0.8	0	0:00:07.953358
47580	951	988	0.677	0	0:00:07.994487
47600	952	90	0.8	0	0:00:08.100480
47620	952	952	0.8	1	0:00:07.974491
47640	952	948	0.659	0	0:00:07.967634
47660	953	953	0.38	1	0:00:08.058567
47680	953	953	0.165	1	0:00:07.976482
47700	954	853	0.086	0	0:00:08.222697
47720	954	990	0.3	0	0:00:07.964586
47740	954	-1	0.0	0	0:00:07.981162
47760	955	941	0.273	0	0:00:08.060834
47780	955	955	0.8	1	0:00:07.982837
47800	956	956	0.00351	1	0:00:08.085041
47820	956	956	0.778	1	0:00:08.085755
47840	956	-1	0.0	0	0:00:07.999635
47860	957	957	0.778	1	0:00:08.011891
47880	957	1	0.533	0	0:00:08.092816
47900	958	483	0.8	0	0:00:08.083471
47920	958	958	0.8	1	0:00:08.072779
47940	958	972	0.1	0	0:00:07.971879
47960	959	723	0.367	0	0:00:07.954549
47980	959	959	0.8	1	0:00:08.053632
48000	960	-1	0.0	0	0:00:07.956944
48020	960	960	0.00778	1	0:00:07.961192
48040	960	960	0.654	1	0:00:08.086226
48060	961	963	0.8	0	0:00:07.993532
48080	961	964	0.0221	0	0:00:08.184474
48100	962	118	0.184	0	0:00:07.982138
48120	962	-1	0.0	0	0:00:07.996221
48140	962	865	0.193	0	0:00:08.112789
48160	963	963	0.8	1	0:00:07.968337
48180	963	382	0.0463	0	0:00:08.134434
48200	964	961	0.0977	0	0:00:08.077674
48220	964	964	0.489	1	0:00:07.987603
48240	964	925	0.251	0	0:00:07.979572
48260	965	-1	0.0	0	0:00:08.083126
48280	965	971	0.0463	0	0:00:08.100155
48300	966	-1	0.0	0	0:00:08.146367
48320	966	636	0.203	0	0:00:07.930676
48340	966	966	0.642	1	0:00:07.955544
48360	967	967	0.566	1	0:00:08.102658
48380	967	967	0.8	1	0:00:07.955761
48400	968	723	0.435	0	0:00:07.969625
48420	968	441	0.321	0	0:00:08.066583
48440	968	120	0.0393	0	0:00:07.947072
48460	969	-1	0.0	0	0:00:08.232902
48480	969	490	0.104	0	0:00:07.978947
48500	970	970	0.0313	1	0:00:07.972433
48520	970	980	0.0452	0	0:00:08.066756
48540	970	970	0.0948	1	0:00:07.980058
48560	971	971	0.8	1	0:00:08.086181
48580	971	706	0.108	0	0:00:08.100722
48600	972	979	0.599	0	0:00:07.978945
48620	972	972	0.8	1	0:00:07.969759
48640	972	500	0.02	0	0:00:08.050720
48660	973	973	0.315	1	0:00:08.120868
48680	973	973	0.8	1	0:00:08.073062
48700	974	974	0.8	1	0:00:07.960812
48720	974	974	0.8	1	0:00:07.979164
48740	974	974	0.778	1	0:00:08.071136
48760	975	975	0.519	1	0:00:07.968823
48780	975	979	0.684	0	0:00:07.979163
48800	976	976	0.0783	1	0:00:08.075119
48820	976	976	0.437	1	0:00:07.956293
48840	976	976	0.8	1	0:00:08.199497
48860	977	977	0.687	1	0:00:07.944383
48880	977	976	0.8	0	0:00:07.980734
48900	978	665	0.193	0	0:00:08.147294
48920	978	974	0.778	0	0:00:07.973871
48940	978	977	0.778	0	0:00:08.075960
48960	979	979	0.8	1	0:00:08.091649
48980	979	970	0.654	0	0:00:07.975586
49000	980	980	0.8	1	0:00:07.980383
49020	980	614	0.735	0	0:00:08.105280
49040	980	980	0.71	1	0:00:08.076974
49060	981	981	0.743	1	0:00:08.117892
49080	981	981	0.0958	1	0:00:07.963655
49100	982	457	0.122	0	0:00:07.983441
49120	982	982	0.135	1	0:00:08.094870
49140	982	-1	0.0	0	0:00:07.975137
49160	983	103	0.302	0	0:00:07.975222
49180	983	983	0.8	1	0:00:08.039633
49200	984	984	0.8	1	0:00:07.971479
49220	984	984	0.592	1	0:00:08.168277
49240	984	984	0.8	1	0:00:07.979049
49260	985	985	0.351	1	0:00:07.957899
49280	985	985	0.8	1	0:00:08.047774
49300	986	986	0.8	1	0:00:07.945283
49320	986	986	0.8	1	0:00:08.070915
49340	986	986	0.0562	1	0:00:08.099974
49360	987	998	0.8	0	0:00:07.995947
49380	987	987	0.8	1	0:00:07.963644
49400	988	112	0.367	0	0:00:08.088984
49420	988	988	0.601	1	0:00:08.101347
49440	988	988	0.743	1	0:00:08.092868
49460	989	989	0.0136	1	0:00:07.974754
49480	989	989	0.735	1	0:00:07.962620
49500	990	364	0.55	0	0:00:08.097713
49520	990	783	0.14	0	0:00:07.968512
49540	990	990	0.8	1	0:00:07.987308
49560	991	991	0.8	1	0:00:08.070357
49580	991	991	0.8	1	0:00:07.969510
49600	992	992	0.8	1	0:00:08.213422
49620	992	947	0.258	0	0:00:07.972044
49640	992	947	0.514	0	0:00:07.966815
49660	993	993	0.8	1	0:00:08.094239
49680	993	993	0.753	1	0:00:08.000289
49700	994	994	0.8	1	0:00:08.061254
49720	994	994	0.8	1	0:00:08.072815
49740	994	-1	0.0	0	0:00:07.970692
49760	995	995	0.553	1	0:00:07.978354
49780	995	995	0.8	1	0:00:08.077636
49800	996	996	0.667	1	0:00:08.172459
49820	996	-1	0.0	0	0:00:08.101945
49840	996	996	0.696	1	0:00:07.971553
49860	997	947	0.0578	0	0:00:07.969241
49880	997	997	0.0797	1	0:00:08.081223
49900	998	987	0.101	0	0:00:07.962706
49920	998	998	0.586	1	0:00:07.968369
49940	998	987	0.577	0	0:00:08.138380
49960	999	999	0.764	1	0:00:07.984471
49980	999	-1	0.0	0	0:00:08.200840
