idx	label	predict	radius	correct	time
0	0	0	0.296	1	0:00:44.644626
20	0	0	0.8	1	0:00:12.406583
40	0	0	0.8	1	0:00:12.650181
60	1	1	0.274	1	0:00:12.654155
80	1	-1	0.0	0	0:00:12.712743
100	2	2	0.778	1	0:00:12.560752
120	2	2	0.8	1	0:00:12.642088
140	2	2	0.591	1	0:00:12.587136
160	3	3	0.426	1	0:00:12.854290
180	3	3	0.8	1	0:00:12.428941
200	4	-1	0.0	0	0:00:12.838355
220	4	3	0.038	0	0:00:12.558049
240	4	-1	0.0	0	0:00:12.738994
260	5	6	0.235	0	0:00:12.307335
280	5	5	0.8	1	0:00:12.653638
300	6	6	0.8	1	0:00:12.566303
320	6	6	0.128	1	0:00:12.669207
340	6	6	0.351	1	0:00:12.583338
360	7	-1	0.0	0	0:00:12.755240
380	7	7	0.8	1	0:00:12.566601
400	8	8	0.8	1	0:00:12.701578
420	8	8	0.241	1	0:00:12.612031
440	8	8	0.497	1	0:00:12.672110
460	9	9	0.778	1	0:00:12.745851
480	9	9	0.292	1	0:00:12.401025
500	10	10	0.57	1	0:00:12.332667
520	10	-1	0.0	0	0:00:12.577114
540	10	10	0.576	1	0:00:12.317421
560	11	11	0.233	1	0:00:12.355171
580	11	11	0.8	1	0:00:12.659520
600	12	12	0.246	1	0:00:12.664754
620	12	12	0.8	1	0:00:12.696874
640	12	12	0.173	1	0:00:12.494175
660	13	13	0.8	1	0:00:12.681853
680	13	13	0.0563	1	0:00:12.562744
700	14	14	0.8	1	0:00:12.496711
720	14	14	0.8	1	0:00:12.779306
740	14	14	0.8	1	0:00:12.368007
760	15	15	0.8	1	0:00:12.465021
780	15	15	0.351	1	0:00:12.588173
800	16	16	0.8	1	0:00:12.556132
820	16	16	0.468	1	0:00:12.698794
840	16	16	0.8	1	0:00:12.642838
860	17	17	0.8	1	0:00:12.602697
880	17	17	0.509	1	0:00:12.616291
900	18	-1	0.0	0	0:00:12.647879
920	18	18	0.705	1	0:00:12.789891
940	18	18	0.8	1	0:00:12.594857
960	19	-1	0.0	0	0:00:12.734197
980	19	19	0.595	1	0:00:12.353862
1000	20	20	0.585	1	0:00:12.615115
1020	20	20	0.8	1	0:00:12.587071
1040	20	20	0.8	1	0:00:12.751049
1060	21	379	0.0139	0	0:00:12.514459
1080	21	-1	0.0	0	0:00:12.507312
1100	22	21	0.433	0	0:00:12.661819
1120	22	22	0.8	1	0:00:12.604980
1140	22	22	0.8	1	0:00:12.372243
1160	23	23	0.735	1	0:00:12.729166
1180	23	23	0.8	1	0:00:12.591973
1200	24	24	0.8	1	0:00:12.667074
1220	24	24	0.443	1	0:00:12.622483
1240	24	24	0.8	1	0:00:12.595559
1260	25	103	0.0677	0	0:00:12.595544
1280	25	25	0.8	1	0:00:12.587123
1300	26	26	0.568	1	0:00:12.464991
1320	26	475	0.261	0	0:00:12.626086
1340	26	26	0.8	1	0:00:12.670662
1360	27	27	0.743	1	0:00:12.775303
1380	27	27	0.8	1	0:00:12.468014
1400	28	28	0.0398	1	0:00:12.765484
1420	28	28	0.8	1	0:00:12.770329
1440	28	28	0.743	1	0:00:12.523210
1460	29	29	0.8	1	0:00:12.669393
1480	29	384	0.0258	0	0:00:12.702598
1500	30	30	0.728	1	0:00:12.707584
1520	30	-1	0.0	0	0:00:12.656045
1540	30	32	0.11	0	0:00:12.761020
1560	31	31	0.553	1	0:00:12.476350
1580	31	31	0.8	1	0:00:12.614969
1600	32	-1	0.0	0	0:00:12.699388
1620	32	32	0.536	1	0:00:12.610491
1640	32	377	0.0108	0	0:00:12.618690
1660	33	33	0.198	1	0:00:12.778979
1680	33	33	0.764	1	0:00:12.558405
1700	34	34	0.361	1	0:00:12.531423
1720	34	-1	0.0	0	0:00:12.568407
1740	34	34	0.0306	1	0:00:12.805727
1760	35	35	0.8	1	0:00:12.586543
1780	35	306	0.152	0	0:00:12.475653
1800	36	-1	0.0	0	0:00:12.686146
1820	36	36	0.115	1	0:00:12.691992
1840	36	35	0.634	0	0:00:12.632246
1860	37	37	0.206	1	0:00:12.355794
1880	37	37	0.223	1	0:00:12.600519
1900	38	38	0.426	1	0:00:12.752042
1920	38	38	0.109	1	0:00:12.910717
1940	38	38	0.443	1	0:00:12.745256
1960	39	46	0.0554	0	0:00:12.606557
1980	39	39	0.299	1	0:00:12.624689
2000	40	40	0.369	1	0:00:12.627107
2020	40	40	0.404	1	0:00:12.670937
2040	40	46	0.333	0	0:00:12.606030
2060	41	41	0.8	1	0:00:12.519834
2080	41	41	0.125	1	0:00:12.619064
2100	42	-1	0.0	0	0:00:12.621288
2120	42	42	0.464	1	0:00:12.617313
2140	42	43	0.17	0	0:00:12.893820
2160	43	43	0.0858	1	0:00:12.653544
2180	43	-1	0.0	0	0:00:12.813680
2200	44	44	0.393	1	0:00:12.577137
2220	44	44	0.8	1	0:00:12.517099
2240	44	44	0.8	1	0:00:12.684610
2260	45	45	0.8	1	0:00:12.755773
2280	45	45	0.39	1	0:00:12.489452
2300	46	40	0.188	0	0:00:12.809924
2320	46	46	0.0703	1	0:00:12.526214
2340	46	46	0.42	1	0:00:12.699328
2360	47	26	0.199	0	0:00:12.361660
2380	47	47	0.735	1	0:00:12.510098
2400	48	48	0.0357	1	0:00:12.655837
2420	48	48	0.118	1	0:00:12.671880
2440	48	-1	0.0	0	0:00:12.601727
2460	49	50	0.328	0	0:00:12.784356
2480	49	-1	0.0	0	0:00:12.644589
2500	50	50	0.0214	1	0:00:12.739059
2520	50	50	0.282	1	0:00:12.669219
2540	50	-1	0.0	0	0:00:12.553482
2560	51	51	0.8	1	0:00:12.661043
2580	51	51	0.8	1	0:00:12.761791
2600	52	52	0.0643	1	0:00:12.302373
2620	52	52	0.177	1	0:00:12.519037
2640	52	53	0.71	0	0:00:12.667364
2660	53	53	0.0851	1	0:00:12.600807
2680	53	-1	0.0	0	0:00:12.562592
2700	54	57	0.8	0	0:00:12.621652
2720	54	57	0.8	0	0:00:12.645988
2740	54	54	0.8	1	0:00:12.564264
2760	55	506	0.0631	0	0:00:12.742989
2780	55	55	0.217	1	0:00:12.668795
2800	56	56	0.764	1	0:00:12.582978
2820	56	56	0.35	1	0:00:12.435842
2840	56	56	0.8	1	0:00:12.736303
2860	57	57	0.764	1	0:00:12.531560
2880	57	57	0.107	1	0:00:12.902338
2900	58	114	0.287	0	0:00:12.476838
2920	58	60	0.00784	0	0:00:12.677997
2940	58	-1	0.0	0	0:00:12.607061
2960	59	59	0.8	1	0:00:12.661849
2980	59	59	0.8	1	0:00:12.488976
3000	60	61	0.171	0	0:00:12.552291
3020	60	66	0.8	0	0:00:12.673168
3040	60	53	0.0297	0	0:00:12.794328
3060	61	59	0.016	0	0:00:12.554206
3080	61	61	0.8	1	0:00:12.840085
3100	62	62	0.778	1	0:00:12.724595
3120	62	-1	0.0	0	0:00:12.492778
3140	62	377	0.111	0	0:00:12.523292
3160	63	63	0.8	1	0:00:12.441631
3180	63	63	0.705	1	0:00:12.702875
3200	64	64	0.8	1	0:00:12.454845
3220	64	55	0.291	0	0:00:12.812171
3240	64	-1	0.0	0	0:00:12.477159
3260	65	65	0.113	1	0:00:12.710478
3280	65	65	0.193	1	0:00:12.533534
3300	66	66	0.257	1	0:00:12.744750
3320	66	66	0.0267	1	0:00:12.357973
3340	66	67	0.233	0	0:00:12.620720
3360	67	-1	0.0	0	0:00:12.649087
3380	67	67	0.8	1	0:00:12.783074
3400	68	-1	0.0	0	0:00:12.754540
3420	68	68	0.104	1	0:00:12.559829
3440	68	66	0.8	0	0:00:12.659290
3460	69	69	0.554	1	0:00:12.851910
3480	69	69	0.8	1	0:00:12.737582
3500	70	70	0.8	1	0:00:12.632281
3520	70	70	0.517	1	0:00:12.586441
3540	70	70	0.8	1	0:00:12.743669
3560	71	71	0.356	1	0:00:12.599107
3580	71	71	0.8	1	0:00:12.602593
3600	72	72	0.8	1	0:00:12.596525
3620	72	72	0.8	1	0:00:12.807692
3640	72	72	0.8	1	0:00:12.640420
3660	73	-1	0.0	0	0:00:12.548671
3680	73	815	0.626	0	0:00:12.542995
3700	74	74	0.116	1	0:00:12.564079
3720	74	74	0.481	1	0:00:12.613326
3740	74	-1	0.0	0	0:00:12.533054
3760	75	75	0.8	1	0:00:12.813225
3780	75	75	0.644	1	0:00:12.705638
3800	76	76	0.518	1	0:00:12.634121
3820	76	76	0.566	1	0:00:12.639046
3840	76	76	0.8	1	0:00:12.684300
3860	77	75	0.0499	0	0:00:12.605007
3880	77	-1	0.0	0	0:00:12.487700
3900	78	78	0.8	1	0:00:12.533459
3920	78	70	0.778	0	0:00:12.627410
3940	78	78	0.8	1	0:00:12.535308
3960	79	79	0.322	1	0:00:12.805902
3980	79	69	0.778	0	0:00:12.362364
4000	80	80	0.8	1	0:00:12.798851
4020	80	80	0.71	1	0:00:12.616320
4040	80	80	0.8	1	0:00:12.788824
4060	81	81	0.224	1	0:00:12.484233
4080	81	81	0.8	1	0:00:12.713178
4100	82	82	0.778	1	0:00:12.682916
4120	82	82	0.764	1	0:00:12.711525
4140	82	82	0.8	1	0:00:12.351525
4160	83	275	0.13	0	0:00:12.648454
4180	83	83	0.8	1	0:00:12.697527
4200	84	84	0.601	1	0:00:12.851977
4220	84	84	0.8	1	0:00:12.727549
4240	84	84	0.8	1	0:00:12.598888
4260	85	86	0.435	0	0:00:12.754576
4280	85	85	0.8	1	0:00:12.608898
4300	86	86	0.8	1	0:00:12.820435
4320	86	86	0.8	1	0:00:12.849844
4340	86	86	0.7	1	0:00:12.622962
4360	87	87	0.8	1	0:00:12.739003
4380	87	87	0.535	1	0:00:12.610779
4400	88	88	0.061	1	0:00:12.408597
4420	88	21	0.185	0	0:00:12.842870
4440	88	88	0.8	1	0:00:12.599874
4460	89	89	0.8	1	0:00:12.763070
4480	89	89	0.764	1	0:00:12.532750
4500	90	90	0.691	1	0:00:12.750470
4520	90	90	0.8	1	0:00:12.717150
4540	90	90	0.8	1	0:00:12.670251
4560	91	91	0.8	1	0:00:12.655392
4580	91	91	0.8	1	0:00:12.656859
4600	92	92	0.529	1	0:00:12.670328
4620	92	92	0.721	1	0:00:12.774352
4640	92	92	0.764	1	0:00:12.657097
4660	93	93	0.8	1	0:00:12.684169
4680	93	93	0.8	1	0:00:12.783271
4700	94	94	0.8	1	0:00:12.625209
4720	94	94	0.296	1	0:00:12.658872
4740	94	94	0.8	1	0:00:12.716888
4760	95	95	0.8	1	0:00:12.584121
4780	95	95	0.8	1	0:00:12.673358
4800	96	96	0.8	1	0:00:12.551645
4820	96	96	0.8	1	0:00:12.532229
4840	96	96	0.8	1	0:00:12.633988
4860	97	97	0.8	1	0:00:12.547235
4880	97	97	0.8	1	0:00:12.546983
4900	98	98	0.36	1	0:00:12.469332
4920	98	98	0.8	1	0:00:12.666473
4940	98	98	0.404	1	0:00:12.785205
4960	99	99	0.325	1	0:00:12.711473
4980	99	99	0.0493	1	0:00:12.639468
5000	100	100	0.8	1	0:00:12.643112
5020	100	100	0.8	1	0:00:12.679309
5040	100	-1	0.0	0	0:00:12.558856
5060	101	101	0.572	1	0:00:12.564300
5080	101	-1	0.0	0	0:00:12.515879
5100	102	102	0.735	1	0:00:12.677635
5120	102	102	0.8	1	0:00:12.737241
5140	102	102	0.8	1	0:00:12.696680
5160	103	103	0.743	1	0:00:12.556973
5180	103	103	0.586	1	0:00:12.555660
5200	104	104	0.409	1	0:00:12.686149
5220	104	-1	0.0	0	0:00:12.657079
5240	104	-1	0.0	0	0:00:12.903265
5260	105	105	0.623	1	0:00:12.721458
5280	105	105	0.616	1	0:00:12.723603
5300	106	106	0.638	1	0:00:12.651765
5320	106	106	0.0139	1	0:00:12.525494
5340	106	106	0.27	1	0:00:12.618726
5360	107	-1	0.0	0	0:00:12.538215
5380	107	-1	0.0	0	0:00:12.773822
5400	108	-1	0.0	0	0:00:12.635153
5420	108	108	0.62	1	0:00:12.631822
5440	108	108	0.612	1	0:00:12.781829
5460	109	109	0.316	1	0:00:12.671256
5480	109	109	0.277	1	0:00:12.908582
5500	110	110	0.8	1	0:00:12.552120
5520	110	110	0.8	1	0:00:12.439639
5540	110	110	0.8	1	0:00:12.684304
5560	111	111	0.493	1	0:00:12.636105
5580	111	111	0.317	1	0:00:12.540088
5600	112	-1	0.0	0	0:00:12.812643
5620	112	291	0.195	0	0:00:12.639765
5640	112	-1	0.0	0	0:00:12.577982
5660	113	114	0.0928	0	0:00:12.669393
5680	113	113	0.573	1	0:00:12.472557
5700	114	113	0.172	0	0:00:12.749770
5720	114	114	0.225	1	0:00:12.498500
5740	114	114	0.721	1	0:00:12.676831
5760	115	110	0.047	0	0:00:12.456563
5780	115	115	0.047	1	0:00:12.667234
5800	116	116	0.8	1	0:00:12.607763
5820	116	116	0.612	1	0:00:12.822625
5840	116	305	0.171	0	0:00:12.522194
5860	117	117	0.612	1	0:00:12.774565
5880	117	117	0.8	1	0:00:12.671409
5900	118	118	0.705	1	0:00:12.614361
5920	118	118	0.292	1	0:00:12.672675
5940	118	-1	0.0	0	0:00:12.600625
5960	119	119	0.127	1	0:00:12.494234
5980	119	-1	0.0	0	0:00:12.623161
6000	120	-1	0.0	0	0:00:12.611670
6020	120	120	0.0212	1	0:00:12.641261
6040	120	120	0.735	1	0:00:12.576050
6060	121	121	0.8	1	0:00:12.561426
6080	121	121	0.764	1	0:00:12.682868
6100	122	122	0.632	1	0:00:12.485241
6120	122	122	0.753	1	0:00:12.517338
6140	122	122	0.414	1	0:00:12.533398
6160	123	71	0.0219	0	0:00:12.756213
6180	123	123	0.778	1	0:00:12.786923
6200	124	119	0.0766	0	0:00:12.911641
6220	124	-1	0.0	0	0:00:12.879679
6240	124	-1	0.0	0	0:00:12.483091
6260	125	125	0.472	1	0:00:12.478279
6280	125	125	0.764	1	0:00:12.685486
6300	126	126	0.8	1	0:00:12.793467
6320	126	-1	0.0	0	0:00:12.477791
6340	126	107	0.268	0	0:00:12.535526
6360	127	127	0.8	1	0:00:12.526918
6380	127	-1	0.0	0	0:00:12.825199
6400	128	128	0.8	1	0:00:12.592189
6420	128	128	0.753	1	0:00:12.594084
6440	128	128	0.8	1	0:00:12.664058
6460	129	129	0.8	1	0:00:12.805320
6480	129	129	0.8	1	0:00:12.685418
6500	130	130	0.486	1	0:00:12.692624
6520	130	130	0.8	1	0:00:12.724423
6540	130	130	0.395	1	0:00:12.727020
6560	131	131	0.285	1	0:00:12.727987
6580	131	132	0.8	0	0:00:12.842560
6600	132	132	0.728	1	0:00:12.463282
6620	132	132	0.8	1	0:00:12.783782
6640	132	132	0.376	1	0:00:12.424933
6660	133	337	0.285	0	0:00:12.615352
6680	133	133	0.276	1	0:00:12.508135
6700	134	975	0.274	0	0:00:12.747314
6720	134	134	0.687	1	0:00:12.365915
6740	134	138	0.178	0	0:00:12.653702
6760	135	135	0.8	1	0:00:12.587813
6780	135	135	0.8	1	0:00:12.655825
6800	136	136	0.8	1	0:00:12.715588
6820	136	136	0.8	1	0:00:12.562329
6840	136	136	0.8	1	0:00:12.643222
6860	137	137	0.8	1	0:00:12.678821
6880	137	137	0.151	1	0:00:12.665269
6900	138	138	0.753	1	0:00:12.709428
6920	138	138	0.8	1	0:00:12.757381
6940	138	138	0.595	1	0:00:12.616853
6960	139	139	0.8	1	0:00:12.817634
6980	139	139	0.42	1	0:00:12.475551
7000	140	140	0.8	1	0:00:12.850269
7020	140	140	0.405	1	0:00:12.679663
7040	140	140	0.778	1	0:00:12.631583
7060	141	-1	0.0	0	0:00:12.613918
7080	141	141	0.426	1	0:00:12.578720
7100	142	142	0.297	1	0:00:12.554443
7120	142	142	0.8	1	0:00:12.850208
7140	142	142	0.542	1	0:00:12.442369
7160	143	839	0.19	0	0:00:12.728630
7180	143	143	0.623	1	0:00:12.771739
7200	144	-1	0.0	0	0:00:12.835311
7220	144	144	0.521	1	0:00:12.700272
7240	144	144	0.687	1	0:00:12.549534
7260	145	145	0.8	1	0:00:12.476116
7280	145	145	0.8	1	0:00:12.517015
7300	146	-1	0.0	0	0:00:12.740080
7320	146	-1	0.0	0	0:00:12.677076
7340	146	146	0.8	1	0:00:12.710112
7360	147	147	0.609	1	0:00:12.566432
7380	147	147	0.463	1	0:00:12.850005
7400	148	148	0.8	1	0:00:12.523646
7420	148	148	0.743	1	0:00:12.937853
7440	148	148	0.8	1	0:00:12.787228
7460	149	149	0.8	1	0:00:12.532042
7480	149	149	0.8	1	0:00:12.780225
7500	150	150	0.0622	1	0:00:12.581160
7520	150	149	0.169	0	0:00:12.690290
7540	150	-1	0.0	0	0:00:12.813491
7560	151	158	0.476	0	0:00:12.606432
7580	151	-1	0.0	0	0:00:12.752725
7600	152	152	0.538	1	0:00:12.682843
7620	152	152	0.217	1	0:00:12.807747
7640	152	152	0.346	1	0:00:12.812290
7660	153	153	0.415	1	0:00:12.766007
7680	153	153	0.194	1	0:00:12.677063
7700	154	154	0.187	1	0:00:12.527757
7720	154	154	0.342	1	0:00:12.712067
7740	154	154	0.0721	1	0:00:12.739143
7760	155	-1	0.0	0	0:00:12.646910
7780	155	155	0.178	1	0:00:12.652687
7800	156	156	0.8	1	0:00:12.687905
7820	156	156	0.764	1	0:00:12.579350
7840	156	156	0.334	1	0:00:12.415892
7860	157	157	0.211	1	0:00:12.520756
7880	157	157	0.677	1	0:00:12.618212
7900	158	158	0.394	1	0:00:12.639691
7920	158	195	0.513	0	0:00:12.610478
7940	158	158	0.406	1	0:00:12.426635
7960	159	159	0.483	1	0:00:12.702860
7980	159	159	0.564	1	0:00:12.550815
8000	160	160	0.8	1	0:00:12.606572
8020	160	-1	0.0	0	0:00:12.526943
8040	160	-1	0.0	0	0:00:12.705272
8060	161	161	0.753	1	0:00:12.469026
8080	161	-1	0.0	0	0:00:12.697678
8100	162	162	0.651	1	0:00:12.409754
8120	162	162	0.491	1	0:00:12.501363
8140	162	162	0.5	1	0:00:12.466865
8160	163	244	0.0298	0	0:00:12.571894
8180	163	281	0.0689	0	0:00:12.668863
8200	164	164	0.113	1	0:00:12.507183
8220	164	-1	0.0	0	0:00:12.573929
8240	164	164	0.8	1	0:00:12.761742
8260	165	-1	0.0	0	0:00:12.692580
8280	165	166	0.048	0	0:00:12.598049
8300	166	166	0.59	1	0:00:12.487315
8320	166	162	0.18	0	0:00:12.803229
8340	166	-1	0.0	0	0:00:12.711666
8360	167	-1	0.0	0	0:00:12.842277
8380	167	166	0.428	0	0:00:12.628924
8400	168	168	0.357	1	0:00:12.567345
8420	168	168	0.22	1	0:00:12.620453
8440	168	168	0.525	1	0:00:12.748511
8460	169	-1	0.0	0	0:00:12.900102
8480	169	169	0.67	1	0:00:12.386810
8500	170	246	0.109	0	0:00:12.794691
8520	170	202	0.0308	0	0:00:12.462064
8540	170	192	0.202	0	0:00:12.826157
8560	171	-1	0.0	0	0:00:12.560007
8580	171	-1	0.0	0	0:00:12.557693
8600	172	-1	0.0	0	0:00:12.734228
8620	172	172	0.613	1	0:00:12.365439
8640	172	253	0.375	0	0:00:12.558527
8660	173	173	0.778	1	0:00:12.772057
8680	173	173	0.358	1	0:00:12.671281
8700	174	174	0.564	1	0:00:12.760907
8720	174	174	0.495	1	0:00:12.526978
8740	174	174	0.753	1	0:00:12.718169
8760	175	208	0.4	0	0:00:12.488105
8780	175	-1	0.0	0	0:00:12.663178
8800	176	176	0.49	1	0:00:12.407839
8820	176	171	0.163	0	0:00:12.718485
8840	176	176	0.662	1	0:00:12.574399
8860	177	177	0.351	1	0:00:12.826893
8880	177	177	0.507	1	0:00:12.684373
8900	178	178	0.8	1	0:00:12.561776
8920	178	246	0.296	0	0:00:12.769465
8940	178	178	0.632	1	0:00:12.816094
8960	179	-1	0.0	0	0:00:12.881326
8980	179	179	0.538	1	0:00:12.837865
9000	180	180	0.289	1	0:00:12.624333
9020	180	-1	0.0	0	0:00:12.555503
9040	180	-1	0.0	0	0:00:12.621642
9060	181	-1	0.0	0	0:00:12.534811
9080	181	181	0.0433	1	0:00:12.621067
9100	182	760	0.0387	0	0:00:12.635801
9120	182	-1	0.0	0	0:00:12.665924
9140	182	182	0.168	1	0:00:12.829003
9160	183	256	0.00401	0	0:00:12.576223
9180	183	-1	0.0	0	0:00:12.501632
9200	184	-1	0.0	0	0:00:12.589101
9220	184	827	0.0679	0	0:00:12.521991
9240	184	184	0.491	1	0:00:12.739818
9260	185	185	0.715	1	0:00:12.677918
9280	185	185	0.607	1	0:00:12.734113
9300	186	186	0.0221	1	0:00:12.596370
9320	186	186	0.544	1	0:00:12.793285
9340	186	186	0.104	1	0:00:12.634837
9360	187	-1	0.0	0	0:00:12.735556
9380	187	-1	0.0	0	0:00:12.835703
9400	188	188	0.659	1	0:00:12.381193
9420	188	189	0.159	0	0:00:12.511464
9440	188	790	0.222	0	0:00:12.659993
9460	189	189	0.345	1	0:00:12.817891
9480	189	189	0.8	1	0:00:12.544270
9500	190	190	0.778	1	0:00:12.535314
9520	190	190	0.221	1	0:00:12.565389
9540	190	190	0.389	1	0:00:12.621914
9560	191	191	0.501	1	0:00:12.572773
9580	191	191	0.8	1	0:00:12.865563
9600	192	199	0.0632	0	0:00:12.876851
9620	192	-1	0.0	0	0:00:12.561430
9640	192	192	0.0216	1	0:00:12.680469
9660	193	-1	0.0	0	0:00:12.713210
9680	193	186	0.0145	0	0:00:12.429119
9700	194	-1	0.0	0	0:00:12.596958
9720	194	200	0.0684	0	0:00:12.531944
9740	194	194	0.49	1	0:00:12.698632
9760	195	195	0.8	1	0:00:12.629569
9780	195	195	0.8	1	0:00:12.672604
9800	196	199	0.673	0	0:00:12.811725
9820	196	198	0.0159	0	0:00:12.576349
9840	196	198	0.8	0	0:00:12.764402
9860	197	197	0.216	1	0:00:12.615128
9880	197	189	0.166	0	0:00:12.824929
9900	198	196	0.00928	0	0:00:12.757998
9920	198	198	0.764	1	0:00:12.723167
9940	198	196	0.715	0	0:00:12.500239
9960	199	203	0.566	0	0:00:12.637895
9980	199	199	0.8	1	0:00:12.422555
10000	200	244	0.163	0	0:00:12.503065
10020	200	202	0.167	0	0:00:12.644683
10040	200	200	0.597	1	0:00:12.857284
10060	201	201	0.628	1	0:00:12.638459
10080	201	219	0.175	0	0:00:12.635361
10100	202	202	0.197	1	0:00:12.501077
10120	202	-1	0.0	0	0:00:12.512769
10140	202	202	0.13	1	0:00:12.665143
10160	203	674	0.197	0	0:00:12.530102
10180	203	203	0.651	1	0:00:12.595277
10200	204	204	0.327	1	0:00:12.895416
10220	204	153	0.596	0	0:00:12.645829
10240	204	155	0.528	0	0:00:12.637952
10260	205	205	0.585	1	0:00:12.652522
10280	205	205	0.44	1	0:00:12.546204
10300	206	206	0.753	1	0:00:12.755124
10320	206	206	0.254	1	0:00:12.579334
10340	206	206	0.389	1	0:00:12.532516
10360	207	207	0.385	1	0:00:12.549911
10380	207	207	0.328	1	0:00:12.892166
10400	208	208	0.493	1	0:00:12.356969
10420	208	208	0.691	1	0:00:12.635122
10440	208	208	0.202	1	0:00:12.573347
10460	209	209	0.664	1	0:00:12.721792
10480	209	208	0.213	0	0:00:12.269071
10500	210	210	0.13	1	0:00:12.771691
10520	210	210	0.654	1	0:00:12.619631
10540	210	210	0.8	1	0:00:12.733006
10560	211	211	0.477	1	0:00:12.369379
10580	211	211	0.0334	1	0:00:12.592945
10600	212	212	0.308	1	0:00:12.650651
10620	212	-1	0.0	0	0:00:12.653346
10640	212	212	0.659	1	0:00:12.517071
10660	213	213	0.778	1	0:00:12.533899
10680	213	569	0.12	0	0:00:12.741126
10700	214	214	0.25	1	0:00:12.577739
10720	214	244	0.311	0	0:00:12.674256
10740	214	214	0.0913	1	0:00:12.655241
10760	215	208	0.29	0	0:00:12.596739
10780	215	216	0.229	0	0:00:12.460732
10800	216	216	0.379	1	0:00:12.486441
10820	216	216	0.778	1	0:00:12.689863
10840	216	216	0.202	1	0:00:12.770688
10860	217	217	0.8	1	0:00:12.639813
10880	217	217	0.8	1	0:00:12.607193
10900	218	218	0.8	1	0:00:12.511061
10920	218	218	0.615	1	0:00:12.621421
10940	218	218	0.753	1	0:00:12.934911
10960	219	219	0.466	1	0:00:12.393549
10980	219	219	0.0522	1	0:00:12.824887
11000	220	220	0.715	1	0:00:12.640123
11020	220	219	0.493	0	0:00:12.815954
11040	220	220	0.567	1	0:00:12.413965
11060	221	221	0.092	1	0:00:12.502093
11080	221	256	0.0376	0	0:00:12.703472
11100	222	270	0.0562	0	0:00:12.672677
11120	222	-1	0.0	0	0:00:12.592803
11140	222	257	0.0295	0	0:00:12.834986
11160	223	223	0.632	1	0:00:12.629706
11180	223	223	0.424	1	0:00:12.786376
11200	224	-1	0.0	0	0:00:12.600728
11220	224	224	0.753	1	0:00:12.520083
11240	224	224	0.547	1	0:00:12.730621
11260	225	225	0.275	1	0:00:12.671528
11280	225	225	0.778	1	0:00:12.702726
11300	226	226	0.394	1	0:00:12.582835
11320	226	226	0.8	1	0:00:12.570385
11340	226	-1	0.0	0	0:00:12.554874
11360	227	227	0.715	1	0:00:12.726290
11380	227	227	0.491	1	0:00:12.560280
11400	228	228	0.68	1	0:00:12.619988
11420	228	228	0.8	1	0:00:12.680974
11440	228	228	0.8	1	0:00:12.805097
11460	229	229	0.8	1	0:00:12.709059
11480	229	229	0.764	1	0:00:12.542254
11500	230	230	0.137	1	0:00:12.614463
11520	230	230	0.188	1	0:00:12.670426
11540	230	230	0.358	1	0:00:12.725747
11560	231	230	0.687	0	0:00:12.820817
11580	231	231	0.705	1	0:00:12.676324
11600	232	232	0.8	1	0:00:12.541999
11620	232	152	0.0479	0	0:00:12.477051
11640	232	232	0.167	1	0:00:12.720704
11660	233	-1	0.0	0	0:00:12.425367
11680	233	233	0.00238	1	0:00:12.807205
11700	234	234	0.197	1	0:00:12.427468
11720	234	234	0.511	1	0:00:12.729097
11740	234	234	0.8	1	0:00:12.705633
11760	235	235	0.157	1	0:00:12.756622
11780	235	235	0.141	1	0:00:12.574504
11800	236	-1	0.0	0	0:00:12.598896
11820	236	236	0.8	1	0:00:12.628445
11840	236	234	0.182	0	0:00:12.644383
11860	237	237	0.753	1	0:00:12.641224
11880	237	234	0.03	0	0:00:12.582128
11900	238	-1	0.0	0	0:00:12.730861
11920	238	238	0.443	1	0:00:12.448144
11940	238	238	0.16	1	0:00:12.698779
11960	239	239	0.199	1	0:00:12.698057
11980	239	239	0.126	1	0:00:12.642296
12000	240	238	0.532	0	0:00:12.794019
12020	240	241	0.467	0	0:00:12.602074
12040	240	-1	0.0	0	0:00:12.638641
12060	241	241	0.8	1	0:00:12.765192
12080	241	241	0.8	1	0:00:12.803511
12100	242	242	0.092	1	0:00:12.542152
12120	242	159	0.0221	0	0:00:12.373467
12140	242	-1	0.0	0	0:00:12.643114
12160	243	243	0.449	1	0:00:12.632479
12180	243	243	0.243	1	0:00:12.798860
12200	244	244	0.8	1	0:00:12.476916
12220	244	244	0.8	1	0:00:12.601707
12240	244	244	0.778	1	0:00:12.584075
12260	245	245	0.8	1	0:00:12.541777
12280	245	245	0.647	1	0:00:12.483885
12300	246	-1	0.0	0	0:00:12.638812
12320	246	159	0.0195	0	0:00:12.543690
12340	246	-1	0.0	0	0:00:12.623894
12360	247	247	0.218	1	0:00:12.408663
12380	247	156	0.112	0	0:00:12.707754
12400	248	248	0.357	1	0:00:12.588968
12420	248	249	0.306	0	0:00:12.470474
12440	248	248	0.25	1	0:00:12.597200
12460	249	249	0.401	1	0:00:12.592222
12480	249	249	0.61	1	0:00:12.533277
12500	250	257	0.0791	0	0:00:12.538161
12520	250	250	0.162	1	0:00:12.487368
12540	250	248	0.522	0	0:00:12.761749
12560	251	251	0.8	1	0:00:12.470490
12580	251	251	0.677	1	0:00:12.531066
12600	252	262	0.00244	0	0:00:12.773583
12620	252	266	0.0475	0	0:00:12.683522
12640	252	252	0.403	1	0:00:12.441218
12660	253	253	0.667	1	0:00:12.507040
12680	253	253	0.8	1	0:00:12.581838
12700	254	-1	0.0	0	0:00:12.640041
12720	254	254	0.594	1	0:00:12.729779
12740	254	254	0.8	1	0:00:12.512173
12760	255	255	0.8	1	0:00:12.746594
12780	255	255	0.764	1	0:00:12.518420
12800	256	256	0.642	1	0:00:12.591126
12820	256	256	0.67	1	0:00:12.563608
12840	256	256	0.68	1	0:00:12.614519
12860	257	257	0.382	1	0:00:12.677209
12880	257	257	0.252	1	0:00:12.664540
12900	258	258	0.527	1	0:00:12.451882
12920	258	-1	0.0	0	0:00:12.916525
12940	258	169	0.0844	0	0:00:12.678793
12960	259	259	0.8	1	0:00:12.605146
12980	259	259	0.7	1	0:00:12.710775
13000	260	260	0.8	1	0:00:12.738351
13020	260	260	0.8	1	0:00:12.563819
13040	260	260	0.225	1	0:00:12.645811
13060	261	-1	0.0	0	0:00:12.292596
13080	261	261	0.279	1	0:00:12.646568
13100	262	262	0.8	1	0:00:12.609144
13120	262	262	0.344	1	0:00:12.747656
13140	262	234	0.0168	0	0:00:12.537155
13160	263	-1	0.0	0	0:00:12.816980
13180	263	263	0.352	1	0:00:12.591363
13200	264	264	0.519	1	0:00:12.792675
13220	264	264	0.222	1	0:00:12.631412
13240	264	264	0.392	1	0:00:12.746109
13260	265	266	0.538	0	0:00:12.739537
13280	265	153	0.047	0	0:00:12.643521
13300	266	266	0.347	1	0:00:12.813907
13320	266	265	0.0708	0	0:00:12.724805
13340	266	266	0.465	1	0:00:12.435922
13360	267	266	0.318	0	0:00:12.539881
13380	267	267	0.13	1	0:00:12.505459
13400	268	268	0.0647	1	0:00:12.769234
13420	268	179	0.422	0	0:00:12.635305
13440	268	268	0.5	1	0:00:12.607763
13460	269	272	0.241	0	0:00:12.810255
13480	269	249	0.206	0	0:00:12.602940
13500	270	270	0.696	1	0:00:12.518178
13520	270	270	0.479	1	0:00:12.433306
13540	270	270	0.117	1	0:00:12.524471
13560	271	271	0.607	1	0:00:12.431411
13580	271	278	0.356	0	0:00:12.723126
13600	272	274	0.324	0	0:00:12.538249
13620	272	272	0.8	1	0:00:12.747319
13640	272	-1	0.0	0	0:00:12.548754
13660	273	273	0.705	1	0:00:12.632891
13680	273	273	0.492	1	0:00:12.650369
13700	274	274	0.8	1	0:00:12.682854
13720	274	274	0.0647	1	0:00:12.650720
13740	274	274	0.346	1	0:00:12.682810
13760	275	275	0.8	1	0:00:12.751572
13780	275	275	0.8	1	0:00:12.600422
13800	276	276	0.8	1	0:00:12.549045
13820	276	276	0.753	1	0:00:12.741691
13840	276	276	0.306	1	0:00:12.535644
13860	277	277	0.558	1	0:00:12.568308
13880	277	277	0.23	1	0:00:12.562289
13900	278	277	0.0748	0	0:00:12.685282
13920	278	272	0.0967	0	0:00:12.767306
13940	278	278	0.563	1	0:00:12.852767
13960	279	279	0.334	1	0:00:12.284783
13980	279	279	0.441	1	0:00:12.785889
14000	280	280	0.636	1	0:00:12.671557
14020	280	280	0.8	1	0:00:12.705236
14040	280	280	0.479	1	0:00:12.662605
14060	281	281	0.696	1	0:00:12.585754
14080	281	292	0.0332	0	0:00:12.595245
14100	282	285	0.03	0	0:00:12.638665
14120	282	292	0.49	0	0:00:12.536723
14140	282	281	0.0275	0	0:00:12.604386
14160	283	-1	0.0	0	0:00:12.548111
14180	283	283	0.446	1	0:00:12.625657
14200	284	284	0.8	1	0:00:12.381938
14220	284	281	0.358	0	0:00:12.808506
14240	284	284	0.71	1	0:00:12.797676
14260	285	285	0.0591	1	0:00:12.548671
14280	285	285	0.112	1	0:00:12.616391
14300	286	286	0.8	1	0:00:12.644576
14320	286	286	0.743	1	0:00:12.821225
14340	286	-1	0.0	0	0:00:12.423520
14360	287	287	0.8	1	0:00:12.712943
14380	287	293	0.743	0	0:00:12.479282
14400	288	288	0.229	1	0:00:12.686242
14420	288	288	0.296	1	0:00:12.824848
14440	288	288	0.8	1	0:00:12.681027
14460	289	289	0.0905	1	0:00:12.607845
14480	289	289	0.8	1	0:00:12.523137
14500	290	290	0.8	1	0:00:12.835665
14520	290	288	0.155	0	0:00:12.696741
14540	290	290	0.8	1	0:00:12.684714
14560	291	291	0.513	1	0:00:12.787374
14580	291	291	0.8	1	0:00:12.798974
14600	292	290	0.237	0	0:00:12.728590
14620	292	292	0.327	1	0:00:12.581426
14640	292	292	0.8	1	0:00:12.587675
14660	293	293	0.8	1	0:00:12.644475
14680	293	293	0.8	1	0:00:12.612659
14700	294	294	0.58	1	0:00:12.602992
14720	294	294	0.571	1	0:00:12.731716
14740	294	294	0.338	1	0:00:12.566065
14760	295	295	0.743	1	0:00:12.531274
14780	295	295	0.8	1	0:00:12.537402
14800	296	-1	0.0	0	0:00:12.571614
14820	296	296	0.8	1	0:00:12.855105
14840	296	-1	0.0	0	0:00:12.380188
14860	297	297	0.0188	1	0:00:12.813277
14880	297	297	0.8	1	0:00:12.557419
14900	298	-1	0.0	0	0:00:12.613810
14920	298	298	0.696	1	0:00:12.616450
14940	298	-1	0.0	0	0:00:12.776421
14960	299	299	0.121	1	0:00:12.650968
14980	299	-1	0.0	0	0:00:12.584566
15000	300	300	0.8	1	0:00:12.820567
15020	300	300	0.457	1	0:00:12.428421
15040	300	300	0.134	1	0:00:12.516057
15060	301	301	0.721	1	0:00:12.506461
15080	301	301	0.8	1	0:00:12.706156
15100	302	302	0.318	1	0:00:12.683776
15120	302	300	0.8	0	0:00:12.559570
15140	302	308	0.121	0	0:00:12.777989
15160	303	-1	0.0	0	0:00:12.739374
15180	303	303	0.721	1	0:00:12.792422
15200	304	301	0.715	0	0:00:12.658226
15220	304	304	0.0308	1	0:00:12.746265
15240	304	303	0.743	0	0:00:12.782854
15260	305	305	0.8	1	0:00:12.599532
15280	305	305	0.778	1	0:00:12.583490
15300	306	306	0.735	1	0:00:12.576334
15320	306	306	0.0304	1	0:00:12.653654
15340	306	306	0.8	1	0:00:12.610662
15360	307	307	0.728	1	0:00:12.778036
15380	307	-1	0.0	0	0:00:12.571906
15400	308	308	0.589	1	0:00:12.625119
15420	308	308	0.8	1	0:00:12.662246
15440	308	308	0.584	1	0:00:12.793797
15460	309	-1	0.0	0	0:00:12.797010
15480	309	309	0.8	1	0:00:12.717121
15500	310	310	0.8	1	0:00:12.592435
15520	310	-1	0.0	0	0:00:12.656599
15540	310	310	0.595	1	0:00:12.491841
15560	311	311	0.143	1	0:00:12.617895
15580	311	312	0.356	0	0:00:12.540052
15600	312	312	0.292	1	0:00:12.630059
15620	312	312	0.0139	1	0:00:12.574342
15640	312	312	0.406	1	0:00:12.710148
15660	313	313	0.8	1	0:00:12.707679
15680	313	313	0.171	1	0:00:12.671903
15700	314	314	0.778	1	0:00:12.337392
15720	314	-1	0.0	0	0:00:12.643220
15740	314	314	0.673	1	0:00:12.568691
15760	315	952	0.454	0	0:00:12.853807
15780	315	315	0.097	1	0:00:12.744384
15800	316	316	0.778	1	0:00:12.556037
15820	316	316	0.8	1	0:00:10.241902
15840	316	125	0.0581	0	0:00:11.733207
15860	317	317	0.8	1	0:00:11.358905
15880	317	317	0.8	1	0:00:11.604296
15900	318	318	0.625	1	0:00:11.618903
15920	318	318	0.429	1	0:00:11.759390
15940	318	318	0.764	1	0:00:11.588177
15960	319	-1	0.0	0	0:00:11.438914
15980	319	319	0.567	1	0:00:11.501555
16000	320	320	0.8	1	0:00:11.545394
16020	320	320	0.8	1	0:00:11.379147
16040	320	-1	0.0	0	0:00:11.599879
16060	321	321	0.8	1	0:00:11.745617
16080	321	321	0.764	1	0:00:10.925240
16100	322	322	0.392	1	0:00:12.030071
16120	322	322	0.8	1	0:00:12.440345
16140	322	-1	0.0	0	0:00:12.547889
16160	323	323	0.8	1	0:00:12.622828
16180	323	323	0.8	1	0:00:12.593516
16200	324	324	0.54	1	0:00:12.540025
16220	324	324	0.148	1	0:00:12.825602
16240	324	324	0.616	1	0:00:12.606466
16260	325	325	0.8	1	0:00:12.568292
16280	325	-1	0.0	0	0:00:12.686143
16300	326	326	0.302	1	0:00:12.456572
16320	326	326	0.288	1	0:00:12.668302
16340	326	326	0.64	1	0:00:12.456450
16360	327	327	0.8	1	0:00:12.764743
16380	327	327	0.743	1	0:00:12.594733
16400	328	328	0.8	1	0:00:12.797003
16420	328	328	0.8	1	0:00:12.585501
16440	328	-1	0.0	0	0:00:12.602220
16460	329	65	0.167	0	0:00:12.663403
16480	329	329	0.502	1	0:00:12.806038
16500	330	330	0.51	1	0:00:12.569676
16520	330	330	0.753	1	0:00:12.534361
16540	330	330	0.565	1	0:00:12.717344
16560	331	331	0.8	1	0:00:12.638863
16580	331	331	0.8	1	0:00:12.709242
16600	332	-1	0.0	0	0:00:12.658552
16620	332	332	0.552	1	0:00:12.812904
16640	332	332	0.523	1	0:00:12.847122
16660	333	333	0.8	1	0:00:12.608060
16680	333	333	0.735	1	0:00:12.535638
16700	334	334	0.8	1	0:00:12.799190
16720	334	334	0.687	1	0:00:12.733518
16740	334	-1	0.0	0	0:00:12.678653
16760	335	-1	0.0	0	0:00:12.599058
16780	335	335	0.243	1	0:00:12.444796
16800	336	336	0.284	1	0:00:12.783501
16820	336	-1	0.0	0	0:00:12.543355
16840	336	336	0.735	1	0:00:12.684805
16860	337	337	0.151	1	0:00:12.782774
16880	337	337	0.8	1	0:00:12.666966
16900	338	617	0.134	0	0:00:12.589430
16920	338	338	0.551	1	0:00:12.698235
16940	338	332	0.277	0	0:00:12.617404
16960	339	339	0.8	1	0:00:12.651917
16980	339	339	0.778	1	0:00:12.757804
17000	340	340	0.8	1	0:00:12.713634
17020	340	340	0.8	1	0:00:12.697353
17040	340	340	0.8	1	0:00:12.713249
17060	341	341	0.691	1	0:00:12.766088
17080	341	341	0.721	1	0:00:12.625546
17100	342	-1	0.0	0	0:00:12.675188
17120	342	350	0.0182	0	0:00:12.461574
17140	342	342	0.715	1	0:00:12.468282
17160	343	343	0.523	1	0:00:12.821781
17180	343	343	0.392	1	0:00:12.594273
17200	344	344	0.527	1	0:00:12.610132
17220	344	690	0.0622	0	0:00:12.809097
17240	344	344	0.403	1	0:00:12.421232
17260	345	690	0.4	0	0:00:12.776370
17280	345	345	0.0504	1	0:00:12.842087
17300	346	-1	0.0	0	0:00:12.682379
17320	346	346	0.8	1	0:00:12.412381
17340	346	346	0.8	1	0:00:12.697628
17360	347	347	0.377	1	0:00:12.720702
17380	347	347	0.8	1	0:00:12.467221
17400	348	-1	0.0	0	0:00:12.395277
17420	348	273	0.0522	0	0:00:12.767241
17440	348	349	0.555	0	0:00:12.573550
17460	349	349	0.8	1	0:00:12.407836
17480	349	349	0.764	1	0:00:12.772062
17500	350	350	0.8	1	0:00:12.725234
17520	350	350	0.8	1	0:00:12.590039
17540	350	350	0.764	1	0:00:12.735617
17560	351	351	0.628	1	0:00:12.588687
17580	351	351	0.8	1	0:00:12.376426
17600	352	352	0.473	1	0:00:12.551276
17620	352	352	0.0763	1	0:00:12.585741
17640	352	352	0.483	1	0:00:12.808695
17660	353	-1	0.0	0	0:00:12.807570
17680	353	-1	0.0	0	0:00:12.756697
17700	354	354	0.691	1	0:00:12.731728
17720	354	354	0.8	1	0:00:12.602392
17740	354	-1	0.0	0	0:00:12.624036
17760	355	355	0.8	1	0:00:12.541265
17780	355	355	0.8	1	0:00:12.569975
17800	356	-1	0.0	0	0:00:12.540360
17820	356	360	0.753	0	0:00:12.688343
17840	356	362	0.778	0	0:00:12.502275
17860	357	357	0.02	1	0:00:12.857791
17880	357	-1	0.0	0	0:00:12.456867
17900	358	358	0.46	1	0:00:12.752178
17920	358	356	0.471	0	0:00:12.529463
17940	358	358	0.764	1	0:00:12.576494
17960	359	-1	0.0	0	0:00:12.747846
17980	359	-1	0.0	0	0:00:12.712722
18000	360	360	0.18	1	0:00:12.724382
18020	360	360	0.221	1	0:00:12.662822
18040	360	357	0.0528	0	0:00:12.606232
18060	361	361	0.8	1	0:00:12.567549
18080	361	106	0.0202	0	0:00:12.718534
18100	362	362	0.8	1	0:00:12.438384
18120	362	-1	0.0	0	0:00:12.686534
18140	362	362	0.8	1	0:00:12.717556
18160	363	363	0.8	1	0:00:12.593190
18180	363	363	0.8	1	0:00:12.586052
18200	364	364	0.362	1	0:00:12.698441
18220	364	364	0.106	1	0:00:12.345269
18240	364	364	0.7	1	0:00:12.596654
18260	365	365	0.764	1	0:00:12.553085
18280	365	365	0.8	1	0:00:12.607383
18300	366	366	0.306	1	0:00:12.537879
18320	366	366	0.691	1	0:00:12.839591
18340	366	366	0.764	1	0:00:12.495279
18360	367	367	0.301	1	0:00:12.652570
18380	367	-1	0.0	0	0:00:12.430329
18400	368	368	0.735	1	0:00:12.597512
18420	368	368	0.535	1	0:00:12.547905
18440	368	368	0.687	1	0:00:12.630226
18460	369	-1	0.0	0	0:00:12.742457
18480	369	366	0.314	0	0:00:12.627335
18500	370	370	0.8	1	0:00:12.705829
18520	370	-1	0.0	0	0:00:12.519858
18540	370	370	0.181	1	0:00:12.341981
18560	371	372	0.6	0	0:00:12.548561
18580	371	371	0.8	1	0:00:12.538916
18600	372	372	0.547	1	0:00:12.661880
18620	372	-1	0.0	0	0:00:12.677402
18640	372	372	0.346	1	0:00:12.685514
18660	373	373	0.351	1	0:00:12.771110
18680	373	373	0.464	1	0:00:12.627163
18700	374	374	0.146	1	0:00:12.583565
18720	374	299	0.408	0	0:00:12.747698
18740	374	382	0.8	0	0:00:12.629774
18760	375	375	0.8	1	0:00:12.676083
18780	375	375	0.499	1	0:00:12.439943
18800	376	376	0.385	1	0:00:12.585301
18820	376	376	0.384	1	0:00:12.760520
18840	376	376	0.8	1	0:00:12.807545
18860	377	377	0.61	1	0:00:12.691371
18880	377	382	0.604	0	0:00:12.580028
18900	378	378	0.184	1	0:00:12.765140
18920	378	-1	0.0	0	0:00:12.437027
18940	378	378	0.477	1	0:00:12.687207
18960	379	379	0.588	1	0:00:12.537715
18980	379	379	0.8	1	0:00:12.695184
19000	380	380	0.477	1	0:00:12.665216
19020	380	380	0.512	1	0:00:12.417298
19040	380	380	0.315	1	0:00:12.725387
19060	381	381	0.413	1	0:00:12.609920
19080	381	-1	0.0	0	0:00:12.622344
19100	382	382	0.8	1	0:00:12.593235
19120	382	382	0.8	1	0:00:12.674806
19140	382	382	0.0776	1	0:00:12.586027
19160	383	383	0.8	1	0:00:12.720499
19180	383	-1	0.0	0	0:00:12.587473
19200	384	384	0.256	1	0:00:12.712794
19220	384	384	0.753	1	0:00:12.420719
19240	384	384	0.778	1	0:00:12.486914
19260	385	385	0.353	1	0:00:12.650365
19280	385	385	0.346	1	0:00:12.539442
19300	386	101	0.168	0	0:00:12.779593
19320	386	101	0.0511	0	0:00:12.647152
19340	386	101	0.234	0	0:00:12.749445
19360	387	387	0.8	1	0:00:12.442297
19380	387	387	0.469	1	0:00:12.534984
19400	388	388	0.523	1	0:00:12.639646
19420	388	388	0.8	1	0:00:12.841692
19440	388	388	0.544	1	0:00:12.335872
19460	389	395	0.109	0	0:00:12.457533
19480	389	389	0.234	1	0:00:12.711532
19500	390	390	0.778	1	0:00:12.656345
19520	390	390	0.8	1	0:00:12.671612
19540	390	6	0.444	0	0:00:12.596585
19560	391	-1	0.0	0	0:00:12.634242
19580	391	-1	0.0	0	0:00:12.645081
19600	392	397	0.167	0	0:00:12.614631
19620	392	392	0.8	1	0:00:12.512944
19640	392	392	0.8	1	0:00:12.516502
19660	393	393	0.271	1	0:00:12.801846
19680	393	393	0.8	1	0:00:12.628074
19700	394	-1	0.0	0	0:00:12.601721
19720	394	103	0.269	0	0:00:12.645820
19740	394	149	0.242	0	0:00:12.670951
19760	395	395	0.482	1	0:00:12.631764
19780	395	6	0.113	0	0:00:12.580956
19800	396	396	0.8	1	0:00:12.636255
19820	396	396	0.8	1	0:00:12.612495
19840	396	396	0.8	1	0:00:12.705354
19860	397	-1	0.0	0	0:00:12.769008
19880	397	397	0.8	1	0:00:12.642514
19900	398	398	0.8	1	0:00:12.592575
19920	398	398	0.8	1	0:00:12.663319
19940	398	784	0.00884	0	0:00:12.599925
19960	399	399	0.258	1	0:00:12.712838
19980	399	399	0.244	1	0:00:12.710063
20000	400	667	0.0348	0	0:00:12.745412
20020	400	667	0.0265	0	0:00:12.340882
20040	400	667	0.764	0	0:00:12.719970
20060	401	401	0.662	1	0:00:12.601922
20080	401	401	0.8	1	0:00:12.759103
20100	402	420	0.497	0	0:00:12.535170
20120	402	-1	0.0	0	0:00:12.723640
20140	402	402	0.743	1	0:00:12.503632
20160	403	403	0.8	1	0:00:12.735391
20180	403	403	0.0192	1	0:00:12.418786
20200	404	404	0.8	1	0:00:12.767751
20220	404	404	0.735	1	0:00:12.904079
20240	404	404	0.223	1	0:00:12.562994
20260	405	405	0.8	1	0:00:12.755537
20280	405	405	0.8	1	0:00:12.603992
20300	406	406	0.778	1	0:00:12.582921
20320	406	857	0.371	0	0:00:12.617396
20340	406	406	0.342	1	0:00:12.686127
20360	407	407	0.8	1	0:00:12.431153
20380	407	407	0.8	1	0:00:12.649601
20400	408	847	0.278	0	0:00:12.605212
20420	408	408	0.8	1	0:00:12.676567
20440	408	408	0.365	1	0:00:12.759917
20460	409	409	0.131	1	0:00:12.560076
20480	409	409	0.193	1	0:00:12.528727
20500	410	410	0.201	1	0:00:12.514725
20520	410	410	0.735	1	0:00:12.674792
20540	410	410	0.061	1	0:00:12.487618
20560	411	411	0.753	1	0:00:12.835524
20580	411	614	0.0232	0	0:00:12.639638
20600	412	412	0.00859	1	0:00:12.678052
20620	412	849	0.104	0	0:00:12.754623
20640	412	-1	0.0	0	0:00:12.654415
20660	413	413	0.507	1	0:00:12.727009
20680	413	-1	0.0	0	0:00:12.550007
20700	414	414	0.8	1	0:00:12.578486
20720	414	413	0.162	0	0:00:12.849680
20740	414	869	0.249	0	0:00:12.702922
20760	415	857	0.435	0	0:00:12.874546
20780	415	928	0.327	0	0:00:12.819594
20800	416	416	0.8	1	0:00:12.570310
20820	416	416	0.584	1	0:00:12.766861
20840	416	416	0.764	1	0:00:12.542467
20860	417	417	0.8	1	0:00:12.506493
20880	417	417	0.8	1	0:00:12.626135
20900	418	563	0.8	0	0:00:12.616514
20920	418	418	0.246	1	0:00:12.566991
20940	418	542	0.705	0	0:00:12.687826
20960	419	-1	0.0	0	0:00:12.701782
20980	419	902	0.0793	0	0:00:12.636802
21000	420	420	0.183	1	0:00:12.622090
21020	420	420	0.0813	1	0:00:12.573866
21040	420	-1	0.0	0	0:00:12.464307
21060	421	421	0.628	1	0:00:12.780794
21080	421	421	0.0384	1	0:00:12.471349
21100	422	543	0.117	0	0:00:12.676812
21120	422	422	0.579	1	0:00:12.745941
21140	422	422	0.778	1	0:00:12.346171
21160	423	423	0.667	1	0:00:12.695563
21180	423	424	0.715	0	0:00:12.591309
21200	424	415	0.424	0	0:00:12.648347
21220	424	439	0.0175	0	0:00:12.704912
21240	424	-1	0.0	0	0:00:12.832220
21260	425	425	0.0735	1	0:00:12.530789
21280	425	-1	0.0	0	0:00:12.579801
21300	426	426	0.8	1	0:00:12.763547
21320	426	426	0.8	1	0:00:12.492164
21340	426	426	0.8	1	0:00:12.698874
21360	427	427	0.8	1	0:00:12.572072
21380	427	-1	0.0	0	0:00:12.673929
21400	428	428	0.667	1	0:00:12.629881
21420	428	428	0.603	1	0:00:12.537244
21440	428	579	0.161	0	0:00:12.804750
21460	429	429	0.8	1	0:00:12.431118
21480	429	429	0.8	1	0:00:12.665274
21500	430	430	0.433	1	0:00:12.520849
21520	430	430	0.488	1	0:00:12.556725
21540	430	615	0.15	0	0:00:12.565304
21560	431	431	0.269	1	0:00:12.700533
21580	431	431	0.764	1	0:00:12.495697
21600	432	432	0.8	1	0:00:12.503277
21620	432	432	0.8	1	0:00:12.601229
21640	432	-1	0.0	0	0:00:12.620754
21660	433	433	0.508	1	0:00:12.651970
21680	433	433	0.8	1	0:00:12.740369
21700	434	-1	0.0	0	0:00:12.598222
21720	434	-1	0.0	0	0:00:12.634319
21740	434	434	0.53	1	0:00:12.551636
21760	435	435	0.0755	1	0:00:12.667289
21780	435	876	0.331	0	0:00:12.891546
21800	436	436	0.223	1	0:00:12.530638
21820	436	436	0.8	1	0:00:12.966318
21840	436	436	0.721	1	0:00:12.634793
21860	437	978	0.124	0	0:00:12.467984
21880	437	833	0.319	0	0:00:12.854061
21900	438	438	0.199	1	0:00:12.589599
21920	438	438	0.8	1	0:00:12.823259
21940	438	957	0.0793	0	0:00:12.718837
21960	439	439	0.8	1	0:00:12.432584
21980	439	541	0.544	0	0:00:12.605828
22000	440	737	0.0772	0	0:00:12.541840
22020	440	440	0.166	1	0:00:12.716069
22040	440	440	0.8	1	0:00:12.645841
22060	441	441	0.8	1	0:00:12.766286
22080	441	441	0.8	1	0:00:12.575038
22100	442	442	0.356	1	0:00:12.564307
22120	442	497	0.0179	0	0:00:12.775441
22140	442	-1	0.0	0	0:00:12.551313
22160	443	443	0.229	1	0:00:12.821632
22180	443	443	0.594	1	0:00:12.741261
22200	444	665	0.117	0	0:00:12.757195
22220	444	444	0.8	1	0:00:12.644275
22240	444	444	0.8	1	0:00:12.575697
22260	445	445	0.447	1	0:00:12.538934
22280	445	445	0.8	1	0:00:12.644589
22300	446	446	0.8	1	0:00:12.794801
22320	446	-1	0.0	0	0:00:12.735495
22340	446	478	0.27	0	0:00:12.415986
22360	447	447	0.8	1	0:00:12.352102
22380	447	-1	0.0	0	0:00:12.541215
22400	448	694	0.16	0	0:00:12.569239
22420	448	448	0.8	1	0:00:12.658286
22440	448	448	0.8	1	0:00:12.679909
22460	449	449	0.8	1	0:00:12.712337
22480	449	449	0.238	1	0:00:12.818801
22500	450	450	0.0855	1	0:00:12.799595
22520	450	450	0.8	1	0:00:12.505577
22540	450	450	0.71	1	0:00:12.556414
22560	451	451	0.206	1	0:00:12.471216
22580	451	451	0.8	1	0:00:12.708497
22600	452	452	0.22	1	0:00:12.644706
22620	452	-1	0.0	0	0:00:12.772979
22640	452	823	0.0395	0	0:00:12.633702
22660	453	453	0.8	1	0:00:12.680884
22680	453	453	0.8	1	0:00:12.669253
22700	454	454	0.764	1	0:00:12.659563
22720	454	454	0.106	1	0:00:12.671953
22740	454	-1	0.0	0	0:00:12.526113
22760	455	455	0.8	1	0:00:12.453245
22780	455	611	0.406	0	0:00:12.658009
22800	456	522	0.387	0	0:00:12.628170
22820	456	456	0.715	1	0:00:12.563721
22840	456	456	0.164	1	0:00:12.537751
22860	457	457	0.8	1	0:00:12.699971
22880	457	457	0.134	1	0:00:12.744844
22900	458	458	0.244	1	0:00:12.755309
22920	458	458	0.8	1	0:00:12.923689
22940	458	458	0.8	1	0:00:12.616760
22960	459	445	0.58	0	0:00:12.608896
22980	459	459	0.114	1	0:00:12.787529
23000	460	978	0.0563	0	0:00:12.603862
23020	460	-1	0.0	0	0:00:12.582101
23040	460	525	0.102	0	0:00:12.592634
23060	461	643	0.0862	0	0:00:12.711243
23080	461	787	0.8	0	0:00:12.736139
23100	462	462	0.529	1	0:00:12.641943
23120	462	462	0.556	1	0:00:12.601453
23140	462	462	0.636	1	0:00:12.866238
23160	463	463	0.687	1	0:00:12.432622
23180	463	-1	0.0	0	0:00:12.686215
23200	464	674	0.0302	0	0:00:12.684150
23220	464	464	0.0158	1	0:00:12.566645
23240	464	464	0.8	1	0:00:12.733474
23260	465	841	0.0197	0	0:00:12.346253
23280	465	830	0.376	0	0:00:12.661555
23300	466	466	0.8	1	0:00:12.501490
23320	466	466	0.8	1	0:00:12.768873
23340	466	466	0.8	1	0:00:12.612168
23360	467	467	0.8	1	0:00:12.751684
23380	467	467	0.445	1	0:00:12.691122
23400	468	468	0.8	1	0:00:12.554165
23420	468	468	0.8	1	0:00:12.773787
23440	468	468	0.483	1	0:00:12.539779
23460	469	469	0.778	1	0:00:12.728487
23480	469	-1	0.0	0	0:00:12.651116
23500	470	-1	0.0	0	0:00:12.792658
23520	470	725	0.0871	0	0:00:12.357996
23540	470	-1	0.0	0	0:00:12.781645
23560	471	-1	0.0	0	0:00:12.577248
23580	471	-1	0.0	0	0:00:12.714861
23600	472	472	0.8	1	0:00:12.518328
23620	472	472	0.531	1	0:00:12.693702
23640	472	472	0.348	1	0:00:12.716620
23660	473	473	0.56	1	0:00:12.533047
23680	473	777	0.0502	0	0:00:12.594807
23700	474	-1	0.0	0	0:00:12.738448
23720	474	474	0.8	1	0:00:12.792582
23740	474	474	0.226	1	0:00:12.726570
23760	475	545	0.131	0	0:00:12.498103
23780	475	475	0.8	1	0:00:12.693710
23800	476	476	0.8	1	0:00:12.458153
23820	476	476	0.8	1	0:00:12.668743
23840	476	476	0.753	1	0:00:12.982698
23860	477	477	0.721	1	0:00:12.584562
23880	477	-1	0.0	0	0:00:12.663152
23900	478	478	0.131	1	0:00:12.708191
23920	478	-1	0.0	0	0:00:12.779050
23940	478	-1	0.0	0	0:00:12.830994
23960	479	751	0.535	0	0:00:12.622315
23980	479	817	0.487	0	0:00:12.629733
24000	480	582	0.447	0	0:00:12.754423
24020	480	480	0.344	1	0:00:12.699873
24040	480	475	0.336	0	0:00:12.549339
24060	481	592	0.235	0	0:00:12.772238
24080	481	579	0.254	0	0:00:12.803801
24100	482	865	0.109	0	0:00:12.746654
24120	482	482	0.705	1	0:00:12.441753
24140	482	482	0.00596	1	0:00:12.623294
24160	483	483	0.8	1	0:00:12.688248
24180	483	698	0.482	0	0:00:12.592843
24200	484	484	0.0499	1	0:00:12.460464
24220	484	484	0.371	1	0:00:12.686593
24240	484	484	0.764	1	0:00:12.519918
24260	485	-1	0.0	0	0:00:12.756994
24280	485	754	0.31	0	0:00:12.500787
24300	486	486	0.8	1	0:00:12.701594
24320	486	486	0.8	1	0:00:12.523615
24340	486	-1	0.0	0	0:00:12.759519
24360	487	487	0.764	1	0:00:12.365212
24380	487	487	0.8	1	0:00:12.818904
24400	488	488	0.24	1	0:00:12.688830
24420	488	488	0.8	1	0:00:12.573322
24440	488	839	0.227	0	0:00:12.767133
24460	489	489	0.8	1	0:00:12.529680
24480	489	489	0.206	1	0:00:13.029643
24500	490	490	0.8	1	0:00:12.754349
24520	490	490	0.8	1	0:00:12.777670
24540	490	490	0.8	1	0:00:12.536434
24560	491	491	0.152	1	0:00:12.680130
24580	491	-1	0.0	0	0:00:12.638130
24600	492	492	0.308	1	0:00:12.831137
24620	492	519	0.443	0	0:00:12.596712
24640	492	-1	0.0	0	0:00:12.736344
24660	493	-1	0.0	0	0:00:12.715231
24680	493	789	0.441	0	0:00:12.631699
24700	494	907	0.395	0	0:00:12.538444
24720	494	494	0.311	1	0:00:12.391274
24740	494	494	0.8	1	0:00:12.709164
24760	495	495	0.8	1	0:00:12.531337
24780	495	495	0.8	1	0:00:12.840822
24800	496	496	0.519	1	0:00:12.755277
24820	496	496	0.613	1	0:00:12.481087
24840	496	496	0.8	1	0:00:12.676331
24860	497	497	0.476	1	0:00:12.528279
24880	497	497	0.632	1	0:00:12.735822
24900	498	498	0.8	1	0:00:12.738833
24920	498	781	0.218	0	0:00:12.567319
24940	498	598	0.0787	0	0:00:12.621599
24960	499	498	0.108	0	0:00:12.496259
24980	499	-1	0.0	0	0:00:12.589028
25000	500	500	0.435	1	0:00:12.693744
25020	500	825	0.392	0	0:00:12.672890
25040	500	500	0.399	1	0:00:12.473449
25060	501	501	0.0205	1	0:00:12.750888
25080	501	-1	0.0	0	0:00:12.713973
25100	502	502	0.623	1	0:00:12.530223
25120	502	502	0.656	1	0:00:12.466272
25140	502	502	0.362	1	0:00:12.625043
25160	503	503	0.609	1	0:00:12.550444
25180	503	722	0.0954	0	0:00:12.787555
25200	504	504	0.0228	1	0:00:12.288091
25220	504	762	0.222	0	0:00:12.586381
25240	504	967	0.193	0	0:00:12.504611
25260	505	505	0.8	1	0:00:12.522974
25280	505	-1	0.0	0	0:00:12.655264
25300	506	506	0.673	1	0:00:12.555616
25320	506	-1	0.0	0	0:00:12.675267
25340	506	-1	0.0	0	0:00:12.556745
25360	507	507	0.684	1	0:00:12.539649
25380	507	507	0.473	1	0:00:12.726981
25400	508	508	0.8	1	0:00:12.756665
25420	508	508	0.8	1	0:00:12.645836
25440	508	620	0.0943	0	0:00:12.358176
25460	509	509	0.603	1	0:00:12.640778
25480	509	582	0.361	0	0:00:12.529789
25500	510	510	0.8	1	0:00:12.541429
25520	510	510	0.705	1	0:00:12.541332
25540	510	510	0.8	1	0:00:12.590473
25560	511	436	0.0115	0	0:00:12.783441
25580	511	751	0.21	0	0:00:12.647404
25600	512	477	0.00727	0	0:00:12.390738
25620	512	512	0.8	1	0:00:12.653272
25640	512	512	0.8	1	0:00:12.581952
25660	513	513	0.0624	1	0:00:12.786700
25680	513	513	0.281	1	0:00:12.514504
25700	514	514	0.8	1	0:00:12.725894
25720	514	788	0.601	0	0:00:12.874454
25740	514	514	0.8	1	0:00:12.563977
25760	515	515	0.0562	1	0:00:12.702326
25780	515	-1	0.0	0	0:00:12.880547
25800	516	-1	0.0	0	0:00:12.720963
25820	516	516	0.8	1	0:00:12.656393
25840	516	431	0.387	0	0:00:12.768625
25860	517	540	0.0738	0	0:00:12.342920
25880	517	517	0.556	1	0:00:12.667631
25900	518	518	0.764	1	0:00:12.544698
25920	518	518	0.71	1	0:00:12.634757
25940	518	518	0.254	1	0:00:12.423362
25960	519	-1	0.0	0	0:00:12.678468
25980	519	569	0.0167	0	0:00:12.645131
26000	520	520	0.551	1	0:00:12.572994
26020	520	516	0.43	0	0:00:12.434783
26040	520	520	0.594	1	0:00:12.737858
26060	521	521	0.517	1	0:00:12.700491
26080	521	521	0.8	1	0:00:12.610255
26100	522	522	0.8	1	0:00:12.564981
26120	522	522	0.778	1	0:00:12.679379
26140	522	522	0.8	1	0:00:12.579627
26160	523	-1	0.0	0	0:00:12.678955
26180	523	-1	0.0	0	0:00:12.592158
26200	524	461	0.743	0	0:00:12.686430
26220	524	524	0.0069	1	0:00:12.647222
26240	524	577	0.0595	0	0:00:12.576509
26260	525	525	0.43	1	0:00:12.417270
26280	525	801	0.151	0	0:00:12.644617
26300	526	527	0.735	0	0:00:12.492790
26320	526	526	0.531	1	0:00:12.789895
26340	526	527	0.291	0	0:00:12.707221
26360	527	613	0.23	0	0:00:12.689505
26380	527	-1	0.0	0	0:00:12.656737
26400	528	-1	0.0	0	0:00:12.579765
26420	528	528	0.8	1	0:00:12.737320
26440	528	528	0.8	1	0:00:12.558458
26460	529	195	0.391	0	0:00:12.504928
26480	529	529	0.0294	1	0:00:12.701528
26500	530	530	0.0835	1	0:00:12.548606
26520	530	485	0.391	0	0:00:12.518006
26540	530	530	0.8	1	0:00:12.606419
26560	531	409	0.132	0	0:00:12.681731
26580	531	531	0.104	1	0:00:12.681785
26600	532	846	0.264	0	0:00:12.638995
26620	532	532	0.599	1	0:00:12.968991
26640	532	532	0.649	1	0:00:12.851028
26660	533	533	0.8	1	0:00:12.593953
26680	533	533	0.537	1	0:00:12.581477
26700	534	558	0.297	0	0:00:12.557872
26720	534	-1	0.0	0	0:00:12.677481
26740	534	-1	0.0	0	0:00:12.632387
26760	535	535	0.8	1	0:00:12.685143
26780	535	535	0.139	1	0:00:12.589957
26800	536	403	0.173	0	0:00:12.896143
26820	536	536	0.376	1	0:00:12.696548
26840	536	600	0.0146	0	0:00:12.379477
26860	537	537	0.8	1	0:00:12.705630
26880	537	537	0.8	1	0:00:12.678561
26900	538	538	0.8	1	0:00:12.594392
26920	538	483	0.25	0	0:00:12.482605
26940	538	-1	0.0	0	0:00:12.674547
26960	539	741	0.169	0	0:00:12.838306
26980	539	-1	0.0	0	0:00:12.476361
27000	540	540	0.8	1	0:00:12.719006
27020	540	540	0.8	1	0:00:12.688581
27040	540	540	0.7	1	0:00:12.526803
27060	541	-1	0.0	0	0:00:12.581738
27080	541	541	0.8	1	0:00:12.700691
27100	542	542	0.242	1	0:00:12.770715
27120	542	-1	0.0	0	0:00:12.433094
27140	542	822	0.101	0	0:00:12.850483
27160	543	422	0.105	0	0:00:12.718253
27180	543	543	0.381	1	0:00:12.578168
27200	544	926	0.424	0	0:00:12.587325
27220	544	544	0.644	1	0:00:12.629731
27240	544	-1	0.0	0	0:00:12.807954
27260	545	545	0.8	1	0:00:12.868888
27280	545	885	0.127	0	0:00:12.542488
27300	546	546	0.8	1	0:00:12.627731
27320	546	546	0.8	1	0:00:07.430312
27340	546	-1	0.0	0	0:00:07.433697
27360	547	547	0.343	1	0:00:07.629489
27380	547	821	0.273	0	0:00:07.703626
27400	548	548	0.735	1	0:00:07.675484
27420	548	548	0.8	1	0:00:07.651656
27440	548	548	0.8	1	0:00:07.555558
27460	549	-1	0.0	0	0:00:07.462140
27480	549	-1	0.0	0	0:00:07.433531
27500	550	505	0.187	0	0:00:07.432007
27520	550	556	0.0613	0	0:00:07.418181
27540	550	550	0.045	1	0:00:07.408114
27560	551	551	0.348	1	0:00:07.537039
27580	551	551	0.0805	1	0:00:07.570533
27600	552	552	0.8	1	0:00:07.487639
27620	552	470	0.247	0	0:00:07.489836
27640	552	-1	0.0	0	0:00:07.622178
27660	553	553	0.476	1	0:00:07.605748
27680	553	-1	0.0	0	0:00:07.559296
27700	554	554	0.673	1	0:00:07.712394
27720	554	554	0.7	1	0:00:07.914769
27740	554	554	0.0897	1	0:00:11.954391
27760	555	555	0.287	1	0:00:07.425882
27780	555	-1	0.0	0	0:00:07.439744
27800	556	516	0.215	0	0:00:07.529988
27820	556	827	0.373	0	0:00:07.544815
27840	556	556	0.0679	1	0:00:07.523992
27860	557	557	0.753	1	0:00:07.501290
27880	557	557	0.211	1	0:00:07.679318
27900	558	212	0.129	0	0:00:07.553310
27920	558	432	0.219	0	0:00:07.724176
27940	558	642	0.116	0	0:00:07.780081
27960	559	955	0.0839	0	0:00:12.996691
27980	559	559	0.8	1	0:00:15.359893
28000	560	560	0.8	1	0:00:15.093911
28020	560	560	0.8	1	0:00:15.182086
28040	560	560	0.8	1	0:00:15.366151
28060	561	-1	0.0	0	0:00:15.352504
28080	561	561	0.366	1	0:00:15.439723
28100	562	562	0.8	1	0:00:15.164636
28120	562	-1	0.0	0	0:00:15.453825
28140	562	562	0.172	1	0:00:15.138903
28160	563	563	0.2	1	0:00:15.201283
28180	563	563	0.8	1	0:00:15.276223
28200	564	564	0.389	1	0:00:15.324852
28220	564	564	0.743	1	0:00:15.390474
28240	564	564	0.8	1	0:00:15.365913
28260	565	565	0.8	1	0:00:15.190058
28280	565	565	0.8	1	0:00:15.281537
28300	566	566	0.8	1	0:00:15.172498
28320	566	566	0.48	1	0:00:15.361313
28340	566	566	0.21	1	0:00:15.345369
28360	567	567	0.659	1	0:00:15.362118
28380	567	567	0.365	1	0:00:15.223337
28400	568	568	0.13	1	0:00:15.238905
28420	568	208	0.0888	0	0:00:15.254071
28440	568	568	0.8	1	0:00:15.203374
28460	569	569	0.496	1	0:00:15.337505
28480	569	569	0.606	1	0:00:15.391303
28500	570	482	0.0879	0	0:00:15.320905
28520	570	570	0.8	1	0:00:15.367966
28540	570	570	0.636	1	0:00:15.333219
28560	571	571	0.728	1	0:00:15.340846
28580	571	-1	0.0	0	0:00:15.387281
28600	572	572	0.577	1	0:00:15.505101
28620	572	503	0.171	0	0:00:15.233968
28640	572	572	0.8	1	0:00:15.091685
28660	573	573	0.14	1	0:00:15.431478
28680	573	573	0.225	1	0:00:15.473650
28700	574	574	0.8	1	0:00:15.292899
28720	574	574	0.476	1	0:00:15.371782
28740	574	574	0.333	1	0:00:15.308787
28760	575	575	0.8	1	0:00:15.223102
28780	575	575	0.8	1	0:00:15.299031
28800	576	576	0.538	1	0:00:15.423107
28820	576	576	0.8	1	0:00:15.142292
28840	576	576	0.8	1	0:00:15.048767
28860	577	577	0.528	1	0:00:15.330693
28880	577	-1	0.0	0	0:00:15.322957
28900	578	578	0.249	1	0:00:15.306924
28920	578	578	0.543	1	0:00:15.334806
28940	578	578	0.187	1	0:00:15.083769
28960	579	579	0.167	1	0:00:15.380176
28980	579	423	0.0995	0	0:00:15.254336
29000	580	738	0.243	0	0:00:15.213726
29020	580	580	0.687	1	0:00:15.306188
29040	580	580	0.696	1	0:00:15.127777
29060	581	581	0.743	1	0:00:15.303091
29080	581	581	0.8	1	0:00:15.399822
29100	582	778	0.236	0	0:00:15.166858
29120	582	582	0.7	1	0:00:15.168409
29140	582	582	0.8	1	0:00:15.426492
29160	583	583	0.259	1	0:00:15.335640
29180	583	494	0.301	0	0:00:15.370149
29200	584	584	0.162	1	0:00:15.243753
29220	584	584	0.623	1	0:00:15.162494
29240	584	461	0.18	0	0:00:15.251345
29260	585	648	0.057	0	0:00:15.348324
29280	585	585	0.122	1	0:00:15.193455
29300	586	586	0.8	1	0:00:15.508923
29320	586	586	0.274	1	0:00:15.267451
29340	586	847	0.349	0	0:00:15.407976
29360	587	587	0.8	1	0:00:15.159405
29380	587	477	0.238	0	0:00:15.481480
29400	588	588	0.8	1	0:00:15.236274
29420	588	588	0.152	1	0:00:15.424162
29440	588	588	0.68	1	0:00:15.371652
29460	589	570	0.108	0	0:00:15.283584
29480	589	589	0.111	1	0:00:15.529625
29500	590	590	0.441	1	0:00:15.260755
29520	590	590	0.8	1	0:00:15.354016
29540	590	487	0.514	0	0:00:15.191017
29560	591	591	0.8	1	0:00:15.397466
29580	591	591	0.124	1	0:00:15.237203
29600	592	592	0.8	1	0:00:15.382651
29620	592	592	0.8	1	0:00:15.275137
29640	592	-1	0.0	0	0:00:15.429252
29660	593	593	0.266	1	0:00:15.235233
29680	593	593	0.222	1	0:00:15.408678
29700	594	594	0.215	1	0:00:15.130935
29720	594	594	0.8	1	0:00:15.515468
29740	594	594	0.0649	1	0:00:15.553702
29760	595	595	0.183	1	0:00:15.178830
29780	595	866	0.8	0	0:00:15.154488
29800	596	596	0.0655	1	0:00:15.375387
29820	596	-1	0.0	0	0:00:15.414825
29840	596	-1	0.0	0	0:00:15.440015
29860	597	597	0.715	1	0:00:15.340147
29880	597	763	0.607	0	0:00:15.238492
29900	598	598	0.0628	1	0:00:15.105646
29920	598	598	0.8	1	0:00:15.572397
29940	598	598	0.469	1	0:00:15.302173
29960	599	599	0.8	1	0:00:15.270664
29980	599	-1	0.0	0	0:00:15.247790
30000	600	600	0.368	1	0:00:15.357660
30020	600	882	0.00439	0	0:00:15.189302
30040	600	-1	0.0	0	0:00:15.301878
30060	601	-1	0.0	0	0:00:15.240788
30080	601	601	0.282	1	0:00:15.317791
30100	602	602	0.8	1	0:00:15.122164
30120	602	602	0.532	1	0:00:15.098918
30140	602	-1	0.0	0	0:00:15.516717
30160	603	612	0.433	0	0:00:15.355588
30180	603	603	0.231	1	0:00:15.404960
30200	604	604	0.346	1	0:00:15.473670
30220	604	604	0.667	1	0:00:15.161854
30240	604	604	0.705	1	0:00:15.616852
30260	605	605	0.0529	1	0:00:15.399174
30280	605	605	0.728	1	0:00:15.179870
30300	606	606	0.8	1	0:00:15.112422
30320	606	507	0.156	0	0:00:15.136734
30340	606	606	0.8	1	0:00:15.260973
30360	607	607	0.8	1	0:00:15.246352
30380	607	607	0.8	1	0:00:15.216860
30400	608	655	0.146	0	0:00:15.335489
30420	608	608	0.8	1	0:00:15.531505
30440	608	515	0.531	0	0:00:15.225820
30460	609	609	0.285	1	0:00:15.298203
30480	609	609	0.8	1	0:00:15.536204
30500	610	610	0.638	1	0:00:15.272690
30520	610	610	0.538	1	0:00:15.502465
30540	610	610	0.555	1	0:00:14.999987
30560	611	772	0.0214	0	0:00:15.094651
30580	611	-1	0.0	0	0:00:15.331873
30600	612	612	0.8	1	0:00:15.393744
30620	612	612	0.8	1	0:00:15.306755
30640	612	612	0.8	1	0:00:15.228469
30660	613	613	0.687	1	0:00:15.458036
30680	613	613	0.2	1	0:00:15.364567
30700	614	614	0.25	1	0:00:15.422703
30720	614	122	0.0173	0	0:00:15.341631
30740	614	614	0.513	1	0:00:15.265200
30760	615	615	0.764	1	0:00:15.346639
30780	615	615	0.8	1	0:00:15.450944
30800	616	822	0.253	0	0:00:15.201980
30820	616	-1	0.0	0	0:00:15.155437
30840	616	616	0.753	1	0:00:15.304850
30860	617	-1	0.0	0	0:00:15.304758
30880	617	617	0.313	1	0:00:15.492187
30900	618	-1	0.0	0	0:00:15.327112
30920	618	896	0.0864	0	0:00:15.390793
30940	618	-1	0.0	0	0:00:15.371716
30960	619	905	0.8	0	0:00:15.201152
30980	619	619	0.586	1	0:00:15.476920
31000	620	-1	0.0	0	0:00:15.328194
31020	620	527	0.778	0	0:00:15.429559
31040	620	620	0.584	1	0:00:15.291281
31060	621	621	0.8	1	0:00:15.254092
31080	621	-1	0.0	0	0:00:15.149540
31100	622	622	0.8	1	0:00:15.355638
31120	622	427	0.187	0	0:00:15.131270
31140	622	535	0.111	0	0:00:15.185138
31160	623	475	0.0887	0	0:00:15.396772
31180	623	917	0.0714	0	0:00:15.516710
31200	624	-1	0.0	0	0:00:15.233788
31220	624	822	0.0304	0	0:00:15.297679
31240	624	624	0.667	1	0:00:15.430754
31260	625	625	0.8	1	0:00:15.277745
31280	625	625	0.8	1	0:00:15.379165
31300	626	692	0.211	0	0:00:15.329651
31320	626	470	0.161	0	0:00:15.299145
31340	626	626	0.691	1	0:00:15.384194
31360	627	627	0.8	1	0:00:15.103750
31380	627	627	0.199	1	0:00:15.413165
31400	628	628	0.158	1	0:00:15.468815
31420	628	628	0.7	1	0:00:15.242536
31440	628	628	0.625	1	0:00:15.237837
31460	629	629	0.8	1	0:00:15.183076
31480	629	629	0.8	1	0:00:15.184530
31500	630	703	0.493	0	0:00:15.190912
31520	630	-1	0.0	0	0:00:15.277248
31540	630	464	0.122	0	0:00:15.225460
31560	631	631	0.8	1	0:00:15.011801
31580	631	585	0.398	0	0:00:15.401095
31600	632	632	0.642	1	0:00:15.327434
31620	632	481	0.161	0	0:00:15.516234
31640	632	819	0.157	0	0:00:15.176378
31660	633	633	0.0823	1	0:00:15.277654
31680	633	759	0.332	0	0:00:15.267924
31700	634	489	0.8	0	0:00:15.320508
31720	634	-1	0.0	0	0:00:15.275815
31740	634	634	0.279	1	0:00:15.375163
31760	635	635	0.583	1	0:00:15.186294
31780	635	635	0.283	1	0:00:15.221256
31800	636	636	0.8	1	0:00:15.146344
31820	636	636	0.735	1	0:00:15.384217
31840	636	-1	0.0	0	0:00:15.082837
31860	637	637	0.8	1	0:00:15.336102
31880	637	637	0.8	1	0:00:15.329514
31900	638	445	0.278	0	0:00:15.391360
31920	638	639	0.545	0	0:00:15.336453
31940	638	639	0.8	0	0:00:15.169056
31960	639	639	0.354	1	0:00:15.167891
31980	639	416	0.506	0	0:00:15.257592
32000	640	640	0.8	1	0:00:15.256460
32020	640	640	0.778	1	0:00:15.354428
32040	640	334	0.178	0	0:00:15.438853
32060	641	641	0.251	1	0:00:15.186933
32080	641	641	0.535	1	0:00:15.222585
32100	642	642	0.8	1	0:00:15.211813
32120	642	642	0.499	1	0:00:15.208057
32140	642	642	0.8	1	0:00:15.322149
32160	643	837	0.174	0	0:00:15.344223
32180	643	889	0.0385	0	0:00:15.285280
32200	644	644	0.8	1	0:00:15.478597
32220	644	644	0.0206	1	0:00:15.340076
32240	644	644	0.8	1	0:00:15.056077
32260	645	645	0.8	1	0:00:15.471504
32280	645	645	0.8	1	0:00:15.376844
32300	646	506	0.8	0	0:00:15.284346
32320	646	646	0.8	1	0:00:15.318277
32340	646	646	0.293	1	0:00:15.307957
32360	647	769	0.265	0	0:00:15.298123
32380	647	647	0.35	1	0:00:15.318418
32400	648	651	0.283	0	0:00:15.352915
32420	648	844	0.0587	0	0:00:15.359829
32440	648	648	0.235	1	0:00:15.333597
32460	649	649	0.8	1	0:00:15.222603
32480	649	649	0.778	1	0:00:15.349408
32500	650	-1	0.0	0	0:00:15.275301
32520	650	650	0.8	1	0:00:15.376609
32540	650	650	0.306	1	0:00:15.473074
32560	651	897	0.0232	0	0:00:15.283160
32580	651	851	0.0653	0	0:00:15.156803
32600	652	715	0.422	0	0:00:15.273733
32620	652	-1	0.0	0	0:00:15.232277
32640	652	652	0.502	1	0:00:15.342023
32660	653	849	0.142	0	0:00:15.306535
32680	653	653	0.8	1	0:00:15.204152
32700	654	656	0.103	0	0:00:15.373349
32720	654	609	0.0955	0	0:00:15.341223
32740	654	627	0.562	0	0:00:15.460856
32760	655	655	0.00646	1	0:00:15.157062
32780	655	655	0.428	1	0:00:15.380546
32800	656	656	0.17	1	0:00:15.239949
32820	656	654	0.147	0	0:00:15.273491
32840	656	656	0.446	1	0:00:15.541372
32860	657	795	0.0445	0	0:00:15.064409
32880	657	657	0.279	1	0:00:15.337629
32900	658	658	0.764	1	0:00:15.440931
32920	658	496	0.361	0	0:00:15.243921
32940	658	658	0.715	1	0:00:15.238622
32960	659	659	0.8	1	0:00:15.300773
32980	659	729	0.143	0	0:00:15.225745
33000	660	660	0.636	1	0:00:15.321768
33020	660	660	0.594	1	0:00:15.373940
33040	660	557	0.131	0	0:00:15.231086
33060	661	661	0.673	1	0:00:15.487360
33080	661	661	0.8	1	0:00:15.234562
33100	662	-1	0.0	0	0:00:15.095947
33120	662	662	0.778	1	0:00:15.310968
33140	662	662	0.8	1	0:00:15.337312
33160	663	-1	0.0	0	0:00:15.436480
33180	663	663	0.8	1	0:00:15.467757
33200	664	851	0.103	0	0:00:15.257749
33220	664	527	0.225	0	0:00:15.202462
33240	664	851	0.144	0	0:00:15.229636
33260	665	665	0.753	1	0:00:15.271583
33280	665	665	0.8	1	0:00:15.380101
33300	666	659	0.276	0	0:00:15.350444
33320	666	924	0.307	0	0:00:15.240990
33340	666	-1	0.0	0	0:00:15.249152
33360	667	400	0.164	0	0:00:15.079558
33380	667	667	0.8	1	0:00:15.210815
33400	668	668	0.303	1	0:00:15.273753
33420	668	668	0.8	1	0:00:15.175601
33440	668	668	0.276	1	0:00:15.501945
33460	669	669	0.412	1	0:00:15.477681
33480	669	-1	0.0	0	0:00:15.112813
33500	670	670	0.764	1	0:00:15.297946
33520	670	670	0.8	1	0:00:15.367106
33540	670	670	0.8	1	0:00:15.373338
33560	671	880	0.234	0	0:00:15.312937
33580	671	671	0.185	1	0:00:15.209425
33600	672	672	0.348	1	0:00:15.228526
33620	672	672	0.8	1	0:00:15.285884
33640	672	672	0.8	1	0:00:15.248075
33660	673	673	0.281	1	0:00:15.301447
33680	673	882	0.0811	0	0:00:15.468032
33700	674	674	0.581	1	0:00:15.282978
33720	674	674	0.8	1	0:00:15.273575
33740	674	-1	0.0	0	0:00:15.196846
33760	675	675	0.451	1	0:00:15.314630
33780	675	867	0.433	0	0:00:15.186314
33800	676	464	0.0239	0	0:00:15.483069
33820	676	676	0.705	1	0:00:15.328047
33840	676	676	0.293	1	0:00:15.215184
33860	677	-1	0.0	0	0:00:15.211264
33880	677	-1	0.0	0	0:00:15.173246
33900	678	678	0.8	1	0:00:15.352429
33920	678	-1	0.0	0	0:00:15.354969
33940	678	678	0.8	1	0:00:15.341978
33960	679	679	0.8	1	0:00:15.274889
33980	679	679	0.778	1	0:00:15.171638
34000	680	-1	0.0	0	0:00:15.292100
34020	680	680	0.735	1	0:00:15.398109
34040	680	680	0.351	1	0:00:15.306123
34060	681	681	0.48	1	0:00:15.245268
34080	681	620	0.458	0	0:00:15.175642
34100	682	682	0.00991	1	0:00:15.281089
34120	682	682	0.0805	1	0:00:14.982258
34140	682	682	0.8	1	0:00:15.175638
34160	683	558	0.296	0	0:00:15.229737
34180	683	413	0.298	0	0:00:15.376746
34200	684	-1	0.0	0	0:00:15.148977
34220	684	684	0.778	1	0:00:15.461300
34240	684	684	0.8	1	0:00:15.279438
34260	685	685	0.8	1	0:00:15.149236
34280	685	685	0.8	1	0:00:15.307510
34300	686	-1	0.0	0	0:00:15.322780
34320	686	-1	0.0	0	0:00:15.348118
34340	686	-1	0.0	0	0:00:15.181096
34360	687	687	0.8	1	0:00:15.410648
34380	687	687	0.8	1	0:00:15.322088
34400	688	688	0.8	1	0:00:15.334329
34420	688	590	0.239	0	0:00:15.156784
34440	688	688	0.8	1	0:00:15.306414
34460	689	689	0.0284	1	0:00:15.260844
34480	689	-1	0.0	0	0:00:15.338941
34500	690	690	0.162	1	0:00:15.360656
34520	690	917	0.638	0	0:00:15.259910
34540	690	634	0.0888	0	0:00:15.181077
34560	691	691	0.247	1	0:00:15.447406
34580	691	691	0.302	1	0:00:15.176204
34600	692	692	0.12	1	0:00:15.322622
34620	692	-1	0.0	0	0:00:15.536861
34640	692	692	0.52	1	0:00:15.002616
34660	693	693	0.705	1	0:00:15.526013
34680	693	801	0.112	0	0:00:15.396062
34700	694	694	0.8	1	0:00:15.497580
34720	694	694	0.8	1	0:00:15.206074
34740	694	694	0.8	1	0:00:15.410987
34760	695	695	0.396	1	0:00:15.180353
34780	695	600	0.292	0	0:00:15.251203
34800	696	797	0.265	0	0:00:15.210551
34820	696	-1	0.0	0	0:00:15.115881
34840	696	566	0.221	0	0:00:15.336400
34860	697	697	0.764	1	0:00:15.231479
34880	697	697	0.8	1	0:00:15.249111
34900	698	-1	0.0	0	0:00:15.385145
34920	698	483	0.0689	0	0:00:15.224638
34940	698	698	0.764	1	0:00:15.307350
34960	699	-1	0.0	0	0:00:15.453621
34980	699	-1	0.0	0	0:00:15.329830
35000	700	516	0.508	0	0:00:15.327127
35020	700	94	0.0589	0	0:00:15.515795
35040	700	-1	0.0	0	0:00:15.215019
35060	701	824	0.178	0	0:00:15.501155
35080	701	701	0.8	1	0:00:15.312527
35100	702	422	0.321	0	0:00:15.394029
35120	702	702	0.538	1	0:00:15.280890
35140	702	-1	0.0	0	0:00:15.267839
35160	703	-1	0.0	0	0:00:15.224674
35180	703	516	0.444	0	0:00:15.301040
35200	704	704	0.289	1	0:00:15.320503
35220	704	704	0.43	1	0:00:15.141833
35240	704	704	0.406	1	0:00:15.441051
35260	705	705	0.00251	1	0:00:15.374674
35280	705	874	0.8	0	0:00:15.114238
35300	706	536	0.00778	0	0:00:15.160820
35320	706	762	0.562	0	0:00:15.396974
35340	706	738	0.00508	0	0:00:15.265066
35360	707	707	0.778	1	0:00:15.325812
35380	707	707	0.8	1	0:00:15.082809
35400	708	682	0.414	0	0:00:15.334356
35420	708	708	0.8	1	0:00:15.373595
35440	708	708	0.8	1	0:00:15.304030
35460	709	709	0.115	1	0:00:15.366256
35480	709	709	0.203	1	0:00:15.349371
35500	710	710	0.137	1	0:00:15.317270
35520	710	587	0.441	0	0:00:15.290931
35540	710	-1	0.0	0	0:00:15.197407
35560	711	631	0.112	0	0:00:15.403925
35580	711	-1	0.0	0	0:00:15.291667
35600	712	544	0.057	0	0:00:15.557790
35620	712	-1	0.0	0	0:00:15.331203
35640	712	712	0.8	1	0:00:15.332241
35660	713	713	0.8	1	0:00:15.150873
35680	713	713	0.715	1	0:00:15.356025
35700	714	-1	0.0	0	0:00:15.225561
35720	714	451	0.0611	0	0:00:15.209491
35740	714	714	0.8	1	0:00:15.308835
35760	715	715	0.8	1	0:00:15.395740
35780	715	715	0.673	1	0:00:15.359562
35800	716	716	0.8	1	0:00:15.390796
35820	716	716	0.8	1	0:00:15.188190
35840	716	716	0.8	1	0:00:15.135764
35860	717	717	0.229	1	0:00:15.377099
35880	717	581	0.337	0	0:00:15.237892
35900	718	718	0.121	1	0:00:15.266812
35920	718	-1	0.0	0	0:00:15.059145
35940	718	718	0.173	1	0:00:15.388038
35960	719	-1	0.0	0	0:00:15.141884
35980	719	773	0.401	0	0:00:15.293119
36000	720	940	0.0227	0	0:00:15.290201
36020	720	720	0.147	1	0:00:15.493860
36040	720	720	0.743	1	0:00:15.237092
36060	721	721	0.354	1	0:00:15.183969
36080	721	721	0.375	1	0:00:15.296796
36100	722	722	0.8	1	0:00:15.363311
36120	722	722	0.8	1	0:00:15.151065
36140	722	722	0.8	1	0:00:15.442650
36160	723	723	0.8	1	0:00:15.232579
36180	723	723	0.632	1	0:00:15.330793
36200	724	780	0.8	0	0:00:15.227473
36220	724	536	0.2	0	0:00:15.328925
36240	724	724	0.395	1	0:00:15.217583
36260	725	725	0.107	1	0:00:15.499296
36280	725	-1	0.0	0	0:00:15.294423
36300	726	726	0.8	1	0:00:15.382106
36320	726	726	0.8	1	0:00:15.175765
36340	726	-1	0.0	0	0:00:15.222071
36360	727	727	0.8	1	0:00:15.131584
36380	727	727	0.573	1	0:00:15.307716
36400	728	570	0.0943	0	0:00:15.224365
36420	728	-1	0.0	0	0:00:15.288288
36440	728	728	0.263	1	0:00:15.275538
36460	729	729	0.332	1	0:00:15.373929
36480	729	659	0.8	0	0:00:15.328539
36500	730	856	0.0934	0	0:00:15.070862
36520	730	730	0.472	1	0:00:15.330571
36540	730	730	0.8	1	0:00:15.558477
36560	731	-1	0.0	0	0:00:15.374714
36580	731	577	0.0726	0	0:00:15.360358
36600	732	732	0.667	1	0:00:15.585132
36620	732	732	0.0225	1	0:00:15.317693
36640	732	732	0.8	1	0:00:15.291550
36660	733	498	0.0878	0	0:00:15.316250
36680	733	887	0.0902	0	0:00:15.064121
36700	734	734	0.8	1	0:00:15.173120
36720	734	734	0.565	1	0:00:15.498599
36740	734	734	0.328	1	0:00:15.233778
36760	735	735	0.8	1	0:00:15.579031
36780	735	735	0.0275	1	0:00:15.153067
36800	736	736	0.778	1	0:00:15.248836
36820	736	736	0.0346	1	0:00:15.455812
36840	736	736	0.8	1	0:00:15.393759
36860	737	440	0.604	0	0:00:15.287592
36880	737	760	0.365	0	0:00:15.354502
36900	738	-1	0.0	0	0:00:15.460494
36920	738	738	0.8	1	0:00:15.251251
36940	738	738	0.778	1	0:00:15.352376
36960	739	739	0.0732	1	0:00:15.288960
36980	739	739	0.8	1	0:00:15.413891
37000	740	796	0.0408	0	0:00:15.191564
37020	740	-1	0.0	0	0:00:15.140239
37040	740	740	0.8	1	0:00:15.318865
37060	741	762	0.00734	0	0:00:15.297851
37080	741	887	0.0487	0	0:00:15.353528
37100	742	-1	0.0	0	0:00:15.419828
37120	742	742	0.0764	1	0:00:15.227808
37140	742	713	0.753	0	0:00:15.192892
37160	743	-1	0.0	0	0:00:15.123504
37180	743	743	0.58	1	0:00:15.314648
37200	744	657	0.411	0	0:00:15.396574
37220	744	744	0.239	1	0:00:15.394029
37240	744	657	0.402	0	0:00:15.129123
37260	745	745	0.491	1	0:00:15.442468
37280	745	745	0.649	1	0:00:15.300425
37300	746	746	0.8	1	0:00:15.324742
37320	746	746	0.728	1	0:00:15.155273
37340	746	746	0.8	1	0:00:15.334118
37360	747	747	0.0835	1	0:00:15.392594
37380	747	747	0.8	1	0:00:15.102286
37400	748	748	0.59	1	0:00:15.360196
37420	748	902	0.349	0	0:00:15.327251
37440	748	748	0.8	1	0:00:15.287616
37460	749	749	0.313	1	0:00:15.354042
37480	749	-1	0.0	0	0:00:15.527843
37500	750	-1	0.0	0	0:00:15.383194
37520	750	750	0.8	1	0:00:15.284907
37540	750	-1	0.0	0	0:00:15.160564
37560	751	751	0.8	1	0:00:15.346412
37580	751	751	0.395	1	0:00:15.376365
37600	752	-1	0.0	0	0:00:15.359149
37620	752	752	0.197	1	0:00:15.170303
37640	752	752	0.715	1	0:00:15.549161
37660	753	586	0.011	0	0:00:15.208412
37680	753	753	0.26	1	0:00:15.499690
37700	754	-1	0.0	0	0:00:15.024385
37720	754	754	0.322	1	0:00:15.344797
37740	754	844	0.059	0	0:00:15.197598
37760	755	755	0.8	1	0:00:15.316010
37780	755	755	0.8	1	0:00:15.387887
37800	756	882	0.0562	0	0:00:15.202652
37820	756	463	0.255	0	0:00:15.342165
37840	756	756	0.422	1	0:00:15.344378
37860	757	757	0.107	1	0:00:15.385417
37880	757	757	0.145	1	0:00:15.192065
37900	758	758	0.359	1	0:00:15.283500
37920	758	541	0.197	0	0:00:15.192676
37940	758	758	0.49	1	0:00:15.442190
37960	759	759	0.71	1	0:00:15.243364
37980	759	-1	0.0	0	0:00:15.231733
38000	760	-1	0.0	0	0:00:15.374968
38020	760	729	0.297	0	0:00:15.339910
38040	760	-1	0.0	0	0:00:15.312279
38060	761	761	0.535	1	0:00:15.264738
38080	761	761	0.221	1	0:00:15.404546
38100	762	762	0.607	1	0:00:15.346546
38120	762	762	0.778	1	0:00:15.402955
38140	762	-1	0.0	0	0:00:15.261102
38160	763	763	0.398	1	0:00:15.432098
38180	763	763	0.753	1	0:00:15.454842
38200	764	650	0.225	0	0:00:15.032723
38220	764	764	0.166	1	0:00:15.275474
38240	764	764	0.171	1	0:00:15.412451
38260	765	765	0.8	1	0:00:15.291826
38280	765	765	0.433	1	0:00:15.460337
38300	766	766	0.31	1	0:00:15.193568
38320	766	-1	0.0	0	0:00:15.303325
38340	766	766	0.638	1	0:00:15.296609
38360	767	584	0.113	0	0:00:15.268630
38380	767	-1	0.0	0	0:00:15.374530
38400	768	768	0.133	1	0:00:15.433893
38420	768	768	0.8	1	0:00:15.380421
38440	768	768	0.753	1	0:00:15.373184
38460	769	769	0.429	1	0:00:15.104427
38480	769	769	0.565	1	0:00:15.318583
38500	770	560	0.137	0	0:00:15.512212
38520	770	916	0.0529	0	0:00:15.370339
38540	770	770	0.0895	1	0:00:15.259468
38560	771	771	0.213	1	0:00:15.373479
38580	771	771	0.8	1	0:00:15.385275
38600	772	772	0.764	1	0:00:15.135476
38620	772	748	0.0286	0	0:00:15.304955
38640	772	-1	0.0	0	0:00:15.288639
38660	773	773	0.569	1	0:00:15.168130
38680	773	773	0.626	1	0:00:15.641859
38700	774	774	0.642	1	0:00:15.234753
38720	774	774	0.495	1	0:00:15.173456
38740	774	-1	0.0	0	0:00:15.163499
38760	775	843	0.453	0	0:00:15.395285
38780	775	775	0.524	1	0:00:15.354607
38800	776	558	0.143	0	0:00:15.221953
38820	776	776	0.8	1	0:00:15.236421
38840	776	916	0.186	0	0:00:15.520283
38860	777	777	0.8	1	0:00:15.392239
38880	777	777	0.111	1	0:00:15.182930
38900	778	571	0.355	0	0:00:15.255503
38920	778	778	0.137	1	0:00:15.117552
38940	778	778	0.547	1	0:00:15.266870
38960	779	779	0.0341	1	0:00:15.207744
38980	779	779	0.8	1	0:00:15.176658
39000	780	-1	0.0	0	0:00:15.259532
39020	780	780	0.654	1	0:00:15.469217
39040	780	780	0.276	1	0:00:15.320773
39060	781	781	0.8	1	0:00:15.223456
39080	781	-1	0.0	0	0:00:15.208626
39100	782	598	0.404	0	0:00:15.273926
39120	782	-1	0.0	0	0:00:15.411850
39140	782	664	0.462	0	0:00:15.293695
39160	783	429	0.069	0	0:00:15.362943
39180	783	-1	0.0	0	0:00:15.303176
39200	784	926	0.378	0	0:00:15.275653
39220	784	784	0.612	1	0:00:15.246738
39240	784	784	0.303	1	0:00:15.091363
39260	785	-1	0.0	0	0:00:15.302037
39280	785	785	0.299	1	0:00:15.492876
39300	786	-1	0.0	0	0:00:15.159857
39320	786	786	0.71	1	0:00:15.377697
39340	786	414	0.00784	0	0:00:15.366731
39360	787	787	0.8	1	0:00:15.287268
39380	787	-1	0.0	0	0:00:15.334081
39400	788	788	0.052	1	0:00:15.401695
39420	788	788	0.8	1	0:00:15.390220
39440	788	788	0.705	1	0:00:15.315750
39460	789	789	0.8	1	0:00:15.244972
39480	789	789	0.8	1	0:00:15.344270
39500	790	791	0.8	0	0:00:15.517586
39520	790	-1	0.0	0	0:00:15.374665
39540	790	790	0.721	1	0:00:15.325715
39560	791	790	0.134	0	0:00:15.194486
39580	791	791	0.753	1	0:00:15.301059
39600	792	792	0.778	1	0:00:15.307994
39620	792	792	0.353	1	0:00:15.418178
39640	792	792	0.558	1	0:00:15.302946
39660	793	433	0.29	0	0:00:15.359224
39680	793	-1	0.0	0	0:00:15.413031
39700	794	794	0.422	1	0:00:15.303698
39720	794	-1	0.0	0	0:00:15.267274
39740	794	-1	0.0	0	0:00:14.926311
39760	795	970	0.238	0	0:00:15.175806
39780	795	795	0.0797	1	0:00:15.264529
39800	796	796	0.8	1	0:00:15.328928
39820	796	851	0.00721	0	0:00:15.491456
39840	796	643	0.0682	0	0:00:15.299631
39860	797	-1	0.0	0	0:00:15.341033
39880	797	797	0.424	1	0:00:15.360403
39900	798	426	0.345	0	0:00:15.387846
39920	798	798	0.168	1	0:00:15.249127
39940	798	798	0.417	1	0:00:15.465053
39960	799	799	0.656	1	0:00:15.355283
39980	799	519	0.0104	0	0:00:15.448718
40000	800	800	0.8	1	0:00:15.191473
40020	800	800	0.735	1	0:00:15.324593
40040	800	800	0.8	1	0:00:15.522101
40060	801	973	0.232	0	0:00:15.220410
40080	801	801	0.642	1	0:00:15.292168
40100	802	802	0.51	1	0:00:15.228888
40120	802	802	0.565	1	0:00:15.249978
40140	802	802	0.8	1	0:00:15.258244
40160	803	803	0.257	1	0:00:15.332765
40180	803	803	0.8	1	0:00:15.318493
40200	804	804	0.37	1	0:00:15.204368
40220	804	711	0.251	0	0:00:15.399957
40240	804	804	0.0811	1	0:00:15.365862
40260	805	-1	0.0	0	0:00:15.237853
40280	805	-1	0.0	0	0:00:15.312712
40300	806	806	0.662	1	0:00:15.185881
40320	806	806	0.8	1	0:00:15.376739
40340	806	-1	0.0	0	0:00:15.272725
40360	807	517	0.616	0	0:00:15.332041
40380	807	807	0.8	1	0:00:15.128137
40400	808	808	0.753	1	0:00:15.459572
40420	808	96	0.032	0	0:00:15.449951
40440	808	-1	0.0	0	0:00:15.215780
40460	809	925	0.0809	0	0:00:15.264226
40480	809	926	0.468	0	0:00:15.365767
40500	810	810	0.8	1	0:00:15.151887
40520	810	878	0.8	0	0:00:15.254558
40540	810	810	0.589	1	0:00:15.319911
40560	811	827	0.0854	0	0:00:15.458799
40580	811	553	0.182	0	0:00:15.342400
40600	812	812	0.8	1	0:00:15.362503
40620	812	812	0.8	1	0:00:15.459028
40640	812	812	0.8	1	0:00:15.270889
40660	813	813	0.473	1	0:00:15.133748
40680	813	473	0.109	0	0:00:15.395670
40700	814	814	0.442	1	0:00:15.145421
40720	814	814	0.705	1	0:00:15.305551
40740	814	814	0.565	1	0:00:15.144324
40760	815	815	0.8	1	0:00:15.095159
40780	815	-1	0.0	0	0:00:15.226410
40800	816	816	0.8	1	0:00:15.094316
40820	816	816	0.381	1	0:00:15.391479
40840	816	816	0.294	1	0:00:15.360541
40860	817	751	0.314	0	0:00:15.264433
40880	817	817	0.8	1	0:00:15.478063
40900	818	745	0.422	0	0:00:15.338050
40920	818	818	0.413	1	0:00:15.244072
40940	818	818	0.036	1	0:00:15.083398
40960	819	819	0.262	1	0:00:15.188928
40980	819	839	0.186	0	0:00:15.317280
41000	820	820	0.221	1	0:00:15.302905
41020	820	820	0.436	1	0:00:15.084693
41040	820	820	0.572	1	0:00:15.159503
41060	821	821	0.8	1	0:00:15.356681
41080	821	-1	0.0	0	0:00:15.153242
41100	822	822	0.8	1	0:00:15.252311
41120	822	822	0.8	1	0:00:15.124284
41140	822	822	0.8	1	0:00:15.263087
41160	823	-1	0.0	0	0:00:15.225635
41180	823	823	0.344	1	0:00:15.412863
41200	824	824	0.383	1	0:00:15.438265
41220	824	636	0.656	0	0:00:15.366829
41240	824	655	0.141	0	0:00:15.421785
41260	825	825	0.609	1	0:00:15.246660
41280	825	-1	0.0	0	0:00:15.466565
41300	826	826	0.043	1	0:00:15.228233
41320	826	605	0.8	0	0:00:15.243432
41340	826	685	0.155	0	0:00:15.146800
41360	827	827	0.8	1	0:00:15.197008
41380	827	909	0.561	0	0:00:15.455242
41400	828	828	0.0692	1	0:00:15.312645
41420	828	828	0.8	1	0:00:15.217846
41440	828	904	0.8	0	0:00:15.379065
41460	829	829	0.8	1	0:00:15.315087
41480	829	-1	0.0	0	0:00:15.536589
41500	830	830	0.206	1	0:00:15.344397
41520	830	792	0.0897	0	0:00:15.340336
41540	830	830	0.193	1	0:00:15.254565
41560	831	831	0.8	1	0:00:15.458141
41580	831	564	0.0973	0	0:00:15.479150
41600	832	698	0.163	0	0:00:15.263976
41620	832	832	0.764	1	0:00:15.247545
41640	832	832	0.6	1	0:00:15.219783
41660	833	833	0.616	1	0:00:15.300796
41680	833	833	0.8	1	0:00:15.264950
41700	834	834	0.359	1	0:00:15.345539
41720	834	834	0.526	1	0:00:15.381930
41740	834	869	0.234	0	0:00:15.368840
41760	835	-1	0.0	0	0:00:15.200969
41780	835	-1	0.0	0	0:00:15.240875
41800	836	-1	0.0	0	0:00:15.293461
41820	836	838	0.136	0	0:00:15.482812
41840	836	639	0.298	0	0:00:15.440383
41860	837	-1	0.0	0	0:00:15.379283
41880	837	-1	0.0	0	0:00:15.137131
41900	838	631	0.284	0	0:00:15.281090
41920	838	-1	0.0	0	0:00:15.148871
41940	838	838	0.359	1	0:00:15.223129
41960	839	718	0.29	0	0:00:15.154198
41980	839	-1	0.0	0	0:00:15.184873
42000	840	507	0.0706	0	0:00:15.456630
42020	840	840	0.256	1	0:00:15.372310
42040	840	840	0.623	1	0:00:15.044190
42060	841	-1	0.0	0	0:00:15.524937
42080	841	570	0.0864	0	0:00:15.191008
42100	842	752	0.0507	0	0:00:15.150491
42120	842	842	0.8	1	0:00:15.415006
42140	842	-1	0.0	0	0:00:15.449125
42160	843	488	0.8	0	0:00:15.140316
42180	843	762	0.00477	0	0:00:15.128074
42200	844	844	0.8	1	0:00:15.158976
42220	844	844	0.426	1	0:00:15.368631
42240	844	844	0.8	1	0:00:15.269646
42260	845	845	0.234	1	0:00:15.191358
42280	845	845	0.687	1	0:00:15.117733
42300	846	-1	0.0	0	0:00:15.224214
42320	846	619	0.272	0	0:00:15.219254
42340	846	-1	0.0	0	0:00:15.244626
42360	847	634	0.256	0	0:00:15.398863
42380	847	722	0.128	0	0:00:15.237614
42400	848	732	0.195	0	0:00:15.155902
42420	848	-1	0.0	0	0:00:15.358974
42440	848	848	0.609	1	0:00:15.390644
42460	849	849	0.728	1	0:00:15.101903
42480	849	849	0.638	1	0:00:15.336796
42500	850	850	0.612	1	0:00:15.364073
42520	850	865	0.54	0	0:00:15.273027
42540	850	-1	0.0	0	0:00:15.235812
42560	851	851	0.134	1	0:00:15.278242
42580	851	-1	0.0	0	0:00:15.233244
42600	852	852	0.8	1	0:00:15.348462
42620	852	558	0.0876	0	0:00:15.388145
42640	852	852	0.315	1	0:00:15.218742
42660	853	853	0.696	1	0:00:15.243634
42680	853	853	0.764	1	0:00:15.495707
42700	854	-1	0.0	0	0:00:15.421562
42720	854	-1	0.0	0	0:00:15.280801
42740	854	-1	0.0	0	0:00:15.221566
42760	855	855	0.728	1	0:00:15.385775
42780	855	855	0.8	1	0:00:15.345085
42800	856	-1	0.0	0	0:00:15.065080
42820	856	856	0.582	1	0:00:15.047411
42840	856	565	0.133	0	0:00:15.650795
42860	857	857	0.71	1	0:00:15.458244
42880	857	857	0.8	1	0:00:15.124027
42900	858	857	0.179	0	0:00:15.379977
42920	858	858	0.16	1	0:00:15.170524
42940	858	698	0.427	0	0:00:15.258277
42960	859	859	0.778	1	0:00:15.212478
42980	859	464	0.132	0	0:00:15.371771
43000	860	409	0.18	0	0:00:15.290011
43020	860	-1	0.0	0	0:00:15.240952
43040	860	-1	0.0	0	0:00:15.278831
43060	861	861	0.721	1	0:00:15.278332
43080	861	861	0.64	1	0:00:15.542892
43100	862	862	0.603	1	0:00:15.251716
43120	862	862	0.8	1	0:00:15.361811
43140	862	862	0.662	1	0:00:15.194168
43160	863	863	0.8	1	0:00:15.280500
43180	863	863	0.8	1	0:00:15.156328
43200	864	407	0.211	0	0:00:15.187399
43220	864	864	0.169	1	0:00:15.300342
43240	864	864	0.332	1	0:00:15.385118
43260	865	865	0.743	1	0:00:15.369176
43280	865	865	0.753	1	0:00:15.260048
43300	866	866	0.257	1	0:00:15.218841
43320	866	866	0.584	1	0:00:15.131295
43340	866	-1	0.0	0	0:00:15.302996
43360	867	867	0.753	1	0:00:15.262468
43380	867	867	0.14	1	0:00:15.224355
43400	868	925	0.156	0	0:00:15.371470
43420	868	962	0.485	0	0:00:15.325011
43440	868	723	0.053	0	0:00:15.254570
43460	869	869	0.0847	1	0:00:15.189647
43480	869	869	0.547	1	0:00:15.167728
43500	870	870	0.393	1	0:00:15.471198
43520	870	870	0.7	1	0:00:15.199929
43540	870	-1	0.0	0	0:00:15.553826
43560	871	871	0.447	1	0:00:15.226763
43580	871	871	0.279	1	0:00:15.236291
43600	872	872	0.568	1	0:00:15.161652
43620	872	872	0.8	1	0:00:15.203568
43640	872	872	0.286	1	0:00:15.379755
43660	873	873	0.8	1	0:00:15.249531
43680	873	873	0.8	1	0:00:15.308079
43700	874	874	0.607	1	0:00:15.336861
43720	874	874	0.568	1	0:00:15.317635
43740	874	874	0.8	1	0:00:15.318183
43760	875	875	0.597	1	0:00:15.308143
43780	875	875	0.8	1	0:00:15.301223
43800	876	-1	0.0	0	0:00:15.233238
43820	876	536	0.0397	0	0:00:15.179878
43840	876	876	0.376	1	0:00:15.047703
43860	877	877	0.8	1	0:00:15.196905
43880	877	877	0.574	1	0:00:15.334065
43900	878	878	0.8	1	0:00:15.256321
43920	878	878	0.8	1	0:00:15.235927
43940	878	810	0.289	0	0:00:15.353521
43960	879	-1	0.0	0	0:00:15.280827
43980	879	875	0.021	0	0:00:15.235272
44000	880	880	0.14	1	0:00:15.313428
44020	880	880	0.8	1	0:00:15.338218
44040	880	880	0.282	1	0:00:15.133248
44060	881	-1	0.0	0	0:00:15.110193
44080	881	881	0.715	1	0:00:15.305910
44100	882	-1	0.0	0	0:00:15.309274
44120	882	711	0.0277	0	0:00:15.136437
44140	882	-1	0.0	0	0:00:15.144479
44160	883	-1	0.0	0	0:00:15.294660
44180	883	883	0.177	1	0:00:15.215287
44200	884	884	0.662	1	0:00:15.148634
44220	884	884	0.37	1	0:00:15.206725
44240	884	884	0.0947	1	0:00:15.432776
44260	885	885	0.098	1	0:00:15.242911
44280	885	885	0.197	1	0:00:15.410923
44300	886	886	0.615	1	0:00:15.630252
44320	886	886	0.8	1	0:00:15.092226
44340	886	886	0.8	1	0:00:15.223075
44360	887	614	0.139	0	0:00:15.298352
44380	887	887	0.572	1	0:00:15.198128
44400	888	718	0.329	0	0:00:15.340270
44420	888	888	0.603	1	0:00:15.270907
44440	888	-1	0.0	0	0:00:15.235838
44460	889	889	0.684	1	0:00:15.252906
44480	889	889	0.0649	1	0:00:15.267486
44500	890	890	0.321	1	0:00:15.283720
44520	890	890	0.8	1	0:00:15.330235
44540	890	890	0.764	1	0:00:15.337395
44560	891	-1	0.0	0	0:00:15.409848
44580	891	891	0.41	1	0:00:15.217218
44600	892	442	0.0647	0	0:00:15.206593
44620	892	409	0.00859	0	0:00:15.284801
44640	892	892	0.8	1	0:00:15.368172
44660	893	893	0.495	1	0:00:15.321480
44680	893	893	0.58	1	0:00:15.347532
44700	894	894	0.778	1	0:00:15.326852
44720	894	-1	0.0	0	0:00:15.195293
44740	894	495	0.36	0	0:00:15.346163
44760	895	895	0.8	1	0:00:15.384644
44780	895	404	0.507	0	0:00:15.288381
44800	896	896	0.778	1	0:00:15.136649
44820	896	896	0.8	1	0:00:15.427908
44840	896	-1	0.0	0	0:00:15.186505
44860	897	-1	0.0	0	0:00:15.056190
44880	897	897	0.367	1	0:00:15.226203
44900	898	-1	0.0	0	0:00:15.313274
44920	898	737	0.574	0	0:00:15.146597
44940	898	503	0.0406	0	0:00:15.396908
44960	899	-1	0.0	0	0:00:15.328671
44980	899	-1	0.0	0	0:00:15.199184
45000	900	900	0.8	1	0:00:15.239367
45020	900	900	0.691	1	0:00:15.336713
45040	900	900	0.8	1	0:00:15.331892
45060	901	653	0.549	0	0:00:15.169354
45080	901	901	0.735	1	0:00:15.479064
45100	902	902	0.8	1	0:00:15.234061
45120	902	902	0.8	1	0:00:15.174327
45140	902	902	0.8	1	0:00:15.129788
45160	903	903	0.728	1	0:00:15.134229
45180	903	459	0.17	0	0:00:15.227639
45200	904	905	0.139	0	0:00:15.255205
45220	904	904	0.8	1	0:00:15.315727
45240	904	904	0.71	1	0:00:15.311538
45260	905	-1	0.0	0	0:00:15.212960
45280	905	-1	0.0	0	0:00:15.196502
45300	906	906	0.696	1	0:00:15.305756
45320	906	616	0.119	0	0:00:15.313244
45340	906	834	0.8	0	0:00:15.274980
45360	907	907	0.522	1	0:00:15.092381
45380	907	966	0.159	0	0:00:15.235526
45400	908	895	0.507	0	0:00:15.274384
45420	908	908	0.35	1	0:00:15.273521
45440	908	404	0.8	0	0:00:15.193697
45460	909	-1	0.0	0	0:00:15.424541
45480	909	745	0.414	0	0:00:15.460459
45500	910	641	0.753	0	0:00:15.126017
45520	910	930	0.443	0	0:00:15.251698
45540	910	910	0.673	1	0:00:15.351615
45560	911	431	0.142	0	0:00:15.348067
45580	911	911	0.551	1	0:00:15.149457
45600	912	912	0.125	1	0:00:15.263815
45620	912	912	0.684	1	0:00:15.324914
45640	912	912	0.202	1	0:00:15.222753
45660	913	51	0.148	0	0:00:15.270260
45680	913	913	0.8	1	0:00:15.302435
45700	914	914	0.8	1	0:00:15.216767
45720	914	914	0.8	1	0:00:15.364707
45740	914	914	0.778	1	0:00:15.372080
45760	915	915	0.0615	1	0:00:15.307551
45780	915	915	0.8	1	0:00:15.382423
45800	916	916	0.728	1	0:00:15.340750
45820	916	916	0.8	1	0:00:15.316878
45840	916	916	0.8	1	0:00:15.375324
45860	917	917	0.764	1	0:00:15.209846
45880	917	917	0.344	1	0:00:15.059925
45900	918	918	0.8	1	0:00:15.174937
45920	918	918	0.778	1	0:00:15.286134
45940	918	918	0.8	1	0:00:15.410231
45960	919	-1	0.0	0	0:00:15.285128
45980	919	919	0.8	1	0:00:15.216373
46000	920	-1	0.0	0	0:00:15.223778
46020	920	920	0.147	1	0:00:15.217254
46040	920	920	0.458	1	0:00:15.245168
46060	921	921	0.02	1	0:00:15.267633
46080	921	424	0.279	0	0:00:15.309422
46100	922	922	0.166	1	0:00:15.248389
46120	922	922	0.778	1	0:00:15.276856
46140	922	922	0.0941	1	0:00:15.299377
46160	923	923	0.427	1	0:00:15.357342
46180	923	926	0.764	0	0:00:15.085638
46200	924	924	0.626	1	0:00:15.231151
46220	924	937	0.112	0	0:00:15.437928
46240	924	924	0.71	1	0:00:15.175572
46260	925	925	0.8	1	0:00:15.242317
46280	925	925	0.728	1	0:00:15.062848
46300	926	926	0.8	1	0:00:15.317744
46320	926	926	0.8	1	0:00:15.124727
46340	926	926	0.8	1	0:00:15.316426
46360	927	927	0.8	1	0:00:15.215278
46380	927	927	0.519	1	0:00:14.974457
46400	928	927	0.618	0	0:00:15.185295
46420	928	935	0.0533	0	0:00:15.347559
46440	928	928	0.00658	1	0:00:15.331993
46460	929	975	0.176	0	0:00:15.448229
46480	929	-1	0.0	0	0:00:15.158881
46500	930	-1	0.0	0	0:00:15.242113
46520	930	930	0.642	1	0:00:15.262570
46540	930	930	0.52	1	0:00:15.140839
46560	931	931	0.16	1	0:00:15.157283
46580	931	931	0.362	1	0:00:15.327115
46600	932	932	0.453	1	0:00:15.364842
46620	932	967	0.0188	0	0:00:15.098468
46640	932	932	0.8	1	0:00:15.362551
46660	933	933	0.187	1	0:00:15.192180
46680	933	965	0.58	0	0:00:15.531152
46700	934	934	0.8	1	0:00:15.384742
46720	934	-1	0.0	0	0:00:15.191155
46740	934	934	0.8	1	0:00:15.091680
46760	935	940	0.0609	0	0:00:15.194091
46780	935	935	0.0999	1	0:00:15.305958
46800	936	936	0.435	1	0:00:15.274246
46820	936	936	0.8	1	0:00:15.336091
46840	936	936	0.8	1	0:00:15.158048
46860	937	937	0.8	1	0:00:15.354735
46880	937	937	0.8	1	0:00:15.187825
46900	938	937	0.108	0	0:00:15.156786
46920	938	938	0.8	1	0:00:15.221641
46940	938	924	0.19	0	0:00:15.260257
46960	939	954	0.163	0	0:00:15.135348
46980	939	939	0.743	1	0:00:15.388036
47000	940	-1	0.0	0	0:00:15.178458
47020	940	940	0.8	1	0:00:15.342008
47040	940	940	0.401	1	0:00:15.214874
47060	941	941	0.31	1	0:00:15.289278
47080	941	941	0.8	1	0:00:15.255924
47100	942	942	0.8	1	0:00:15.330400
47120	942	-1	0.0	0	0:00:14.974132
47140	942	942	0.8	1	0:00:15.374452
47160	943	943	0.778	1	0:00:15.266741
47180	943	943	0.8	1	0:00:15.337948
47200	944	946	0.8	0	0:00:15.318965
47220	944	944	0.778	1	0:00:15.171464
47240	944	944	0.8	1	0:00:15.348884
47260	945	945	0.778	1	0:00:15.255916
47280	945	945	0.659	1	0:00:15.457238
47300	946	946	0.8	1	0:00:15.370522
47320	946	946	0.192	1	0:00:15.072203
47340	946	946	0.356	1	0:00:15.235549
47360	947	947	0.8	1	0:00:15.187486
47380	947	947	0.705	1	0:00:15.066165
47400	948	948	0.8	1	0:00:15.047396
47420	948	-1	0.0	0	0:00:15.243131
47440	948	948	0.728	1	0:00:15.183184
47460	949	949	0.274	1	0:00:15.357542
47480	949	949	0.8	1	0:00:15.152254
47500	950	950	0.721	1	0:00:15.395565
47520	950	951	0.8	0	0:00:15.179867
47540	950	951	0.412	0	0:00:15.450110
47560	951	950	0.8	0	0:00:15.248557
47580	951	951	0.8	1	0:00:15.314747
47600	952	90	0.8	0	0:00:15.106761
47620	952	952	0.8	1	0:00:15.493205
47640	952	948	0.518	0	0:00:15.251703
47660	953	953	0.647	1	0:00:15.165589
47680	953	953	0.778	1	0:00:15.266165
47700	954	124	0.0242	0	0:00:15.388336
47720	954	987	0.0274	0	0:00:15.402096
47740	954	940	0.0679	0	0:00:15.197631
47760	955	-1	0.0	0	0:00:15.146135
47780	955	955	0.8	1	0:00:15.304193
47800	956	956	0.735	1	0:00:15.331476
47820	956	956	0.485	1	0:00:15.180537
47840	956	936	0.06	0	0:00:15.287796
47860	957	949	0.21	0	0:00:15.372380
47880	957	945	0.0047	0	0:00:15.345445
47900	958	483	0.477	0	0:00:15.410002
47920	958	958	0.8	1	0:00:15.462985
47940	958	958	0.0631	1	0:00:15.287233
47960	959	-1	0.0	0	0:00:15.248660
47980	959	959	0.8	1	0:00:15.177445
48000	960	107	0.0725	0	0:00:15.237123
48020	960	923	0.372	0	0:00:15.266203
48040	960	960	0.0214	1	0:00:15.245951
48060	961	963	0.8	0	0:00:15.293101
48080	961	-1	0.0	0	0:00:15.364945
48100	962	962	0.353	1	0:00:15.172059
48120	962	962	0.753	1	0:00:15.158968
48140	962	582	0.044	0	0:00:15.224589
48160	963	963	0.257	1	0:00:15.186315
48180	963	335	0.157	0	0:00:15.440998
48200	964	964	0.638	1	0:00:15.287991
48220	964	964	0.525	1	0:00:15.346002
48240	964	455	0.0281	0	0:00:15.223590
48260	965	-1	0.0	0	0:00:15.225554
48280	965	-1	0.0	0	0:00:15.515409
48300	966	795	0.0232	0	0:00:15.370911
48320	966	966	0.659	1	0:00:15.414296
48340	966	966	0.8	1	0:00:15.295846
48360	967	967	0.452	1	0:00:15.294542
48380	967	967	0.8	1	0:00:15.375781
48400	968	968	0.496	1	0:00:15.372182
48420	968	504	0.404	0	0:00:15.313139
48440	968	968	0.585	1	0:00:15.283175
48460	969	504	0.0854	0	0:00:15.473612
48480	969	-1	0.0	0	0:00:15.290586
48500	970	795	0.644	0	0:00:15.349261
48520	970	-1	0.0	0	0:00:15.145534
48540	970	979	0.15	0	0:00:15.180548
48560	971	971	0.8	1	0:00:15.285788
48580	971	971	0.217	1	0:00:15.336579
48600	972	979	0.362	0	0:00:15.220686
48620	972	972	0.492	1	0:00:15.207208
48640	972	972	0.14	1	0:00:15.588742
48660	973	973	0.623	1	0:00:15.434236
48680	973	-1	0.0	0	0:00:15.155182
48700	974	974	0.8	1	0:00:15.350288
48720	974	974	0.743	1	0:00:15.525522
48740	974	974	0.393	1	0:00:15.266633
48760	975	975	0.8	1	0:00:15.269698
48780	975	975	0.282	1	0:00:15.046521
48800	976	-1	0.0	0	0:00:15.337982
48820	976	976	0.325	1	0:00:15.234458
48840	976	976	0.8	1	0:00:15.353432
48860	977	977	0.589	1	0:00:15.355179
48880	977	976	0.8	0	0:00:15.128755
48900	978	573	0.164	0	0:00:15.350727
48920	978	976	0.137	0	0:00:15.102977
48940	978	-1	0.0	0	0:00:15.269318
48960	979	979	0.8	1	0:00:15.284286
48980	979	970	0.304	0	0:00:15.275394
49000	980	980	0.8	1	0:00:15.583961
49020	980	-1	0.0	0	0:00:15.204598
49040	980	970	0.156	0	0:00:15.263412
49060	981	981	0.8	1	0:00:15.316247
49080	981	981	0.397	1	0:00:15.239410
49100	982	982	0.8	1	0:00:15.097895
49120	982	982	0.8	1	0:00:15.387775
49140	982	457	0.0487	0	0:00:15.338263
49160	983	983	0.042	1	0:00:15.278692
49180	983	983	0.8	1	0:00:15.152336
49200	984	984	0.8	1	0:00:15.324325
49220	984	984	0.8	1	0:00:15.343243
49240	984	984	0.8	1	0:00:15.575610
49260	985	985	0.8	1	0:00:15.401946
49280	985	985	0.8	1	0:00:15.106098
49300	986	986	0.8	1	0:00:15.247195
49320	986	986	0.8	1	0:00:15.427737
49340	986	986	0.8	1	0:00:15.412387
49360	987	998	0.57	0	0:00:15.363584
49380	987	987	0.341	1	0:00:15.330025
49400	988	988	0.464	1	0:00:15.141584
49420	988	988	0.387	1	0:00:15.309108
49440	988	988	0.778	1	0:00:15.188077
49460	989	989	0.241	1	0:00:15.278749
49480	989	989	0.455	1	0:00:15.389969
49500	990	990	0.276	1	0:00:15.301878
49520	990	113	0.0647	0	0:00:15.211503
49540	990	990	0.778	1	0:00:15.251618
49560	991	991	0.8	1	0:00:15.238238
49580	991	991	0.8	1	0:00:15.556864
49600	992	992	0.8	1	0:00:15.339299
49620	992	947	0.743	0	0:00:15.254428
49640	992	947	0.445	0	0:00:15.238459
49660	993	993	0.8	1	0:00:15.378765
49680	993	993	0.8	1	0:00:15.302711
49700	994	994	0.8	1	0:00:15.216408
49720	994	994	0.8	1	0:00:15.439634
49740	994	994	0.163	1	0:00:15.310720
49760	995	995	0.402	1	0:00:15.467432
49780	995	995	0.8	1	0:00:15.360158
49800	996	996	0.8	1	0:00:15.375680
49820	996	996	0.366	1	0:00:15.161625
49840	996	996	0.8	1	0:00:15.343841
49860	997	997	0.181	1	0:00:15.347949
49880	997	997	0.256	1	0:00:15.284382
49900	998	987	0.8	0	0:00:15.567809
49920	998	998	0.556	1	0:00:15.248379
49940	998	987	0.8	0	0:00:15.282537
49960	999	-1	0.0	0	0:00:15.365678
49980	999	-1	0.0	0	0:00:15.192922
