idx	label	predict	radius	correct	time
0	0	0	0.0527	1	0:02:03.903612
20	0	0	0.778	1	0:00:31.197156
40	0	0	0.8	1	0:00:30.950914
60	1	1	0.8	1	0:00:30.468706
80	1	1	0.326	1	0:00:33.053060
100	2	2	0.216	1	0:00:32.910870
120	2	2	0.764	1	0:00:33.020396
140	2	2	0.735	1	0:00:33.326652
160	3	3	0.442	1	0:00:32.907091
180	3	3	0.8	1	0:00:32.856718
200	4	395	0.00765	0	0:00:32.445605
220	4	-1	0.0	0	0:00:30.583055
240	4	-1	0.0	0	0:00:31.995759
260	5	6	0.654	0	0:00:31.712829
280	5	5	0.527	1	0:00:31.827476
300	6	6	0.662	1	0:00:27.555369
320	6	-1	0.0	0	0:00:22.831625
340	6	6	0.198	1	0:00:22.674204
360	7	7	0.411	1	0:00:22.718191
380	7	7	0.383	1	0:00:22.747214
400	8	8	0.778	1	0:00:22.780049
420	8	8	0.123	1	0:00:22.726381
440	8	7	0.182	0	0:00:22.696655
460	9	9	0.594	1	0:00:22.892423
480	9	-1	0.0	0	0:00:22.688189
500	10	10	0.656	1	0:00:22.816771
520	10	-1	0.0	0	0:00:22.950579
540	10	-1	0.0	0	0:00:24.632619
560	11	-1	0.0	0	0:00:41.698221
580	11	11	0.8	1	0:00:43.916013
600	12	-1	0.0	0	0:00:43.854569
620	12	12	0.8	1	0:00:43.700450
640	12	12	0.186	1	0:00:43.996501
660	13	13	0.8	1	0:00:43.665703
680	13	13	0.0263	1	0:00:43.835241
700	14	14	0.8	1	0:00:43.781570
720	14	14	0.8	1	0:00:44.016705
740	14	14	0.67	1	0:00:43.970938
760	15	15	0.8	1	0:00:43.901381
780	15	15	0.0234	1	0:00:43.846347
800	16	16	0.477	1	0:00:43.664845
820	16	16	0.753	1	0:00:43.970161
840	16	16	0.8	1	0:00:43.746869
860	17	17	0.8	1	0:00:43.949625
880	17	16	0.0422	0	0:00:43.818521
900	18	18	0.297	1	0:00:43.701829
920	18	18	0.735	1	0:00:43.923376
940	18	18	0.778	1	0:00:44.067323
960	19	-1	0.0	0	0:00:46.977788
980	19	-1	0.0	0	0:00:56.852727
1000	20	20	0.8	1	0:00:58.222726
1020	20	20	0.8	1	0:00:57.412578
1040	20	20	0.8	1	0:00:57.476953
1060	21	23	0.145	0	0:00:57.254970
1080	21	-1	0.0	0	0:00:57.730127
1100	22	21	0.437	0	0:00:57.664782
1120	22	22	0.8	1	0:00:57.762506
1140	22	22	0.8	1	0:00:57.477473
1160	23	23	0.778	1	0:00:57.726286
1180	23	23	0.705	1	0:00:57.405582
1200	24	24	0.8	1	0:00:58.047033
1220	24	83	0.00451	0	0:00:57.805012
1240	24	24	0.8	1	0:00:58.491155
1260	25	103	0.273	0	0:00:58.613102
1280	25	25	0.43	1	0:00:58.417285
1300	26	394	0.114	0	0:00:58.712679
1320	26	475	0.0936	0	0:00:59.363905
1340	26	26	0.8	1	0:00:59.377269
1360	27	27	0.8	1	0:00:59.388790
1380	27	27	0.8	1	0:00:59.124113
1400	28	-1	0.0	0	0:00:59.098313
1420	28	28	0.8	1	0:00:59.184811
1440	28	28	0.272	1	0:00:59.248156
1460	29	29	0.8	1	0:00:59.262158
1480	29	29	0.235	1	0:00:59.320655
1500	30	30	0.8	1	0:00:59.194387
1520	30	815	0.166	0	0:00:58.882921
1540	30	32	0.0694	0	0:00:59.297066
1560	31	31	0.509	1	0:00:58.924455
1580	31	31	0.8	1	0:00:59.337814
1600	32	-1	0.0	0	0:00:59.112594
1620	32	32	0.183	1	0:00:59.168155
1640	32	-1	0.0	0	0:00:59.291867
1660	33	33	0.107	1	0:00:59.435617
1680	33	33	0.8	1	0:00:59.185202
1700	34	-1	0.0	0	0:00:59.179010
1720	34	842	0.314	0	0:00:58.870081
1740	34	34	0.0531	1	0:00:59.487954
1760	35	35	0.753	1	0:00:59.167053
1780	35	35	0.351	1	0:00:59.025683
1800	36	35	0.345	0	0:00:59.565042
1820	36	34	0.141	0	0:00:59.229071
1840	36	35	0.409	0	0:00:59.206474
1860	37	35	0.326	0	0:00:59.496176
1880	37	-1	0.0	0	0:00:58.987666
1900	38	38	0.0797	1	0:00:59.133776
1920	38	32	0.462	0	0:00:59.086133
1940	38	38	0.311	1	0:00:59.047186
1960	39	39	0.0449	1	0:00:59.071197
1980	39	39	0.22	1	0:00:59.444976
2000	40	-1	0.0	0	0:00:59.083954
2020	40	40	0.1	1	0:00:59.183763
2040	40	46	0.518	0	0:00:59.252478
2060	41	41	0.8	1	0:00:59.381260
2080	41	-1	0.0	0	0:00:59.241271
2100	42	-1	0.0	0	0:00:59.070780
2120	42	42	0.0873	1	0:00:59.201147
2140	42	71	0.185	0	0:00:59.098075
2160	43	43	0.352	1	0:00:59.040405
2180	43	-1	0.0	0	0:00:59.170742
2200	44	44	0.0294	1	0:00:59.226451
2220	44	44	0.778	1	0:00:59.512285
2240	44	44	0.8	1	0:00:58.954021
2260	45	45	0.8	1	0:00:59.191866
2280	45	45	0.141	1	0:00:59.229487
2300	46	46	0.8	1	0:00:59.295244
2320	46	489	0.118	0	0:00:59.156188
2340	46	46	0.285	1	0:00:59.416844
2360	47	39	0.0586	0	0:00:59.278226
2380	47	47	0.696	1	0:00:59.159352
2400	48	50	0.177	0	0:00:59.236329
2420	48	48	0.142	1	0:00:59.345942
2440	48	-1	0.0	0	0:00:58.881127
2460	49	50	0.616	0	0:00:59.472296
2480	49	425	0.048	0	0:00:59.081549
2500	50	50	0.357	1	0:00:59.301341
2520	50	50	0.0598	1	0:00:59.127411
2540	50	458	0.216	0	0:00:59.221577
2560	51	51	0.392	1	0:00:59.367286
2580	51	51	0.764	1	0:00:59.270768
2600	52	111	0.244	0	0:00:59.151302
2620	52	-1	0.0	0	0:00:59.053300
2640	52	58	0.0869	0	0:00:59.314581
2660	53	52	0.0392	0	0:00:59.168727
2680	53	96	0.0209	0	0:00:59.149277
2700	54	57	0.8	0	0:00:59.129616
2720	54	57	0.8	0	0:00:59.083860
2740	54	54	0.8	1	0:00:59.413609
2760	55	55	0.502	1	0:00:59.220227
2780	55	-1	0.0	0	0:00:58.761500
2800	56	65	0.23	0	0:00:59.355961
2820	56	56	0.126	1	0:00:59.170973
2840	56	56	0.329	1	0:00:59.252650
2860	57	57	0.8	1	0:00:58.921947
2880	57	58	0.151	0	0:00:59.064167
2900	58	-1	0.0	0	0:00:59.145631
2920	58	61	0.125	0	0:00:59.385976
2940	58	65	0.342	0	0:00:58.502713
2960	59	59	0.728	1	0:00:57.981336
2980	59	59	0.8	1	0:00:57.992857
3000	60	62	0.303	0	0:00:56.071352
3020	60	66	0.8	0	0:00:45.545411
3040	60	-1	0.0	0	0:00:45.605502
3060	61	61	0.417	1	0:00:54.914160
3080	61	61	0.264	1	0:00:54.895339
3100	62	62	0.0466	1	0:00:55.256358
3120	62	621	0.137	0	0:00:54.932407
3140	62	-1	0.0	0	0:00:55.099040
3160	63	63	0.8	1	0:00:55.237720
3180	63	63	0.71	1	0:00:55.074275
3200	64	64	0.715	1	0:00:54.920113
3220	64	64	0.0334	1	0:00:54.674892
3240	64	64	0.183	1	0:00:54.744540
3260	65	801	0.00219	0	0:00:54.919571
3280	65	973	0.41	0	0:00:54.896835
3300	66	-1	0.0	0	0:00:54.645094
3320	66	-1	0.0	0	0:00:55.212249
3340	66	66	0.461	1	0:00:54.717178
3360	67	859	0.0666	0	0:00:54.600694
3380	67	-1	0.0	0	0:00:48.790635
3400	68	60	0.322	0	0:00:44.558671
3420	68	68	0.778	1	0:00:44.490406
3440	68	66	0.358	0	0:00:44.353671
3460	69	69	0.448	1	0:00:44.202466
3480	69	69	0.8	1	0:00:43.792015
3500	70	70	0.8	1	0:00:42.363255
3520	70	70	0.106	1	0:00:44.108795
3540	70	70	0.8	1	0:00:44.079018
3560	71	305	0.0102	0	0:00:44.145588
3580	71	71	0.378	1	0:00:44.275446
3600	72	72	0.743	1	0:00:44.199554
3620	72	72	0.378	1	0:00:44.197548
3640	72	72	0.8	1	0:00:44.189217
3660	73	78	0.0878	0	0:00:44.235183
3680	73	501	0.0156	0	0:00:44.263156
3700	74	78	0.256	0	0:00:44.367989
3720	74	74	0.253	1	0:00:44.992179
3740	74	73	0.337	0	0:00:45.076516
3760	75	75	0.8	1	0:00:44.993641
3780	75	75	0.8	1	0:00:45.045273
3800	76	76	0.252	1	0:00:45.082899
3820	76	76	0.677	1	0:00:44.990594
3840	76	76	0.743	1	0:00:44.988064
3860	77	77	0.107	1	0:00:44.943097
3880	77	-1	0.0	0	0:00:45.065239
3900	78	78	0.8	1	0:00:44.996114
3920	78	70	0.495	0	0:00:45.137974
3940	78	78	0.778	1	0:00:45.099206
3960	79	79	0.0888	1	0:00:44.867819
3980	79	126	0.142	0	0:00:45.069865
4000	80	80	0.8	1	0:00:45.188580
4020	80	80	0.677	1	0:00:45.503592
4040	80	80	0.8	1	0:00:45.479077
4060	81	81	0.0672	1	0:00:45.395874
4080	81	81	0.8	1	0:00:45.430798
4100	82	82	0.778	1	0:00:45.436416
4120	82	82	0.764	1	0:00:45.648715
4140	82	82	0.735	1	0:00:45.531223
4160	83	-1	0.0	0	0:00:45.370938
4180	83	83	0.8	1	0:00:45.581937
4200	84	84	0.178	1	0:00:45.612219
4220	84	84	0.8	1	0:00:45.560589
4240	84	84	0.8	1	0:00:45.666240
4260	85	86	0.146	0	0:00:45.359760
4280	85	85	0.8	1	0:00:45.586557
4300	86	86	0.8	1	0:00:45.649150
4320	86	86	0.8	1	0:00:45.422795
4340	86	86	0.662	1	0:00:45.489396
4360	87	87	0.8	1	0:00:45.474536
4380	87	-1	0.0	0	0:00:45.240217
4400	88	88	0.405	1	0:00:45.439561
4420	88	21	0.375	0	0:00:45.658523
4440	88	88	0.8	1	0:00:45.428193
4460	89	89	0.8	1	0:00:45.559298
4480	89	-1	0.0	0	0:00:45.586663
4500	90	90	0.606	1	0:00:45.170297
4520	90	90	0.8	1	0:00:45.245525
4540	90	90	0.8	1	0:00:45.355727
4560	91	91	0.8	1	0:00:45.138253
4580	91	91	0.8	1	0:00:45.621599
4600	92	-1	0.0	0	0:00:45.455393
4620	92	92	0.8	1	0:00:45.063406
4640	92	92	0.505	1	0:00:44.363429
4660	93	93	0.8	1	0:00:44.295884
4680	93	93	0.778	1	0:00:44.545424
4700	94	94	0.8	1	0:00:44.007744
4720	94	94	0.35	1	0:00:44.546815
4740	94	94	0.8	1	0:00:44.593162
4760	95	95	0.8	1	0:00:44.423967
4780	95	95	0.8	1	0:00:44.298958
4800	96	96	0.8	1	0:00:44.656183
4820	96	96	0.8	1	0:00:45.054170
4840	96	96	0.8	1	0:00:45.154331
4860	97	97	0.8	1	0:00:45.127998
4880	97	-1	0.0	0	0:00:44.984592
4900	98	98	0.612	1	0:00:45.123336
4920	98	98	0.8	1	0:00:45.496190
4940	98	139	0.0042	0	0:00:45.385127
4960	99	99	0.203	1	0:00:44.711348
4980	99	99	0.417	1	0:00:44.642848
5000	100	100	0.8	1	0:00:44.398064
5020	100	100	0.778	1	0:00:44.318906
5040	100	-1	0.0	0	0:00:44.294393
5060	101	101	0.638	1	0:00:44.175120
5080	101	-1	0.0	0	0:00:44.647381
5100	102	102	0.778	1	0:00:44.612167
5120	102	102	0.8	1	0:00:44.355062
5140	102	102	0.8	1	0:00:44.529119
5160	103	103	0.753	1	0:00:44.908879
5180	103	103	0.187	1	0:00:44.641201
5200	104	104	0.363	1	0:00:44.969198
5220	104	-1	0.0	0	0:00:44.779346
5240	104	104	0.0581	1	0:00:44.845345
5260	105	105	0.6	1	0:00:44.931286
5280	105	103	0.0135	0	0:00:44.954241
5300	106	-1	0.0	0	0:00:45.020539
5320	106	342	0.0722	0	0:00:45.129903
5340	106	-1	0.0	0	0:00:45.439142
5360	107	-1	0.0	0	0:00:45.476578
5380	107	107	0.175	1	0:00:45.432236
5400	108	-1	0.0	0	0:00:45.135404
5420	108	108	0.233	1	0:00:45.516902
5440	108	108	0.0676	1	0:00:45.271566
5460	109	973	0.55	0	0:00:45.153862
5480	109	109	0.8	1	0:00:45.317435
5500	110	115	0.0896	0	0:00:45.013431
5520	110	110	0.8	1	0:00:45.151453
5540	110	110	0.133	1	0:00:44.944208
5560	111	111	0.677	1	0:00:44.900240
5580	111	111	0.202	1	0:00:45.086150
5600	112	112	0.445	1	0:00:45.250436
5620	112	-1	0.0	0	0:00:45.211277
5640	112	113	0.195	0	0:00:45.409507
5660	113	113	0.102	1	0:00:45.171675
5680	113	51	0.0687	0	0:00:45.691297
5700	114	-1	0.0	0	0:00:45.715055
5720	114	114	0.467	1	0:00:45.647832
5740	114	114	0.764	1	0:00:45.740835
5760	115	111	0.141	0	0:00:45.835579
5780	115	-1	0.0	0	0:00:45.635771
5800	116	116	0.8	1	0:00:45.674240
5820	116	116	0.8	1	0:00:45.803274
5840	116	124	0.0443	0	0:00:45.576156
5860	117	-1	0.0	0	0:00:45.784949
5880	117	117	0.778	1	0:00:45.811404
5900	118	118	0.8	1	0:00:45.678795
5920	118	118	0.514	1	0:00:45.837000
5940	118	118	0.0255	1	0:00:45.758330
5960	119	119	0.0719	1	0:00:45.788299
5980	119	125	0.272	0	0:00:45.791064
6000	120	118	0.186	0	0:00:45.403864
6020	120	-1	0.0	0	0:00:45.677536
6040	120	120	0.764	1	0:00:45.456699
6060	121	121	0.715	1	0:00:45.370904
6080	121	121	0.28	1	0:00:45.721351
6100	122	-1	0.0	0	0:00:45.735239
6120	122	-1	0.0	0	0:00:45.719011
6140	122	124	0.318	0	0:00:45.737111
6160	123	124	0.636	0	0:00:45.651115
6180	123	123	0.0755	1	0:00:45.757208
6200	124	124	0.214	1	0:00:45.732162
6220	124	124	0.288	1	0:00:45.649807
6240	124	416	0.137	0	0:00:45.725253
6260	125	125	0.573	1	0:00:45.597462
6280	125	125	0.764	1	0:00:45.500843
6300	126	126	0.474	1	0:00:45.464573
6320	126	304	0.021	0	0:00:45.186279
6340	126	107	0.315	0	0:00:44.757997
6360	127	127	0.8	1	0:00:44.745805
6380	127	-1	0.0	0	0:00:44.668919
6400	128	128	0.68	1	0:00:44.720700
6420	128	128	0.397	1	0:00:44.763754
6440	128	128	0.8	1	0:00:44.804630
6460	129	129	0.8	1	0:00:44.648839
6480	129	129	0.8	1	0:00:44.842580
6500	130	130	0.318	1	0:00:44.501723
6520	130	130	0.8	1	0:00:44.393179
6540	130	-1	0.0	0	0:00:44.459990
6560	131	131	0.358	1	0:00:44.823985
6580	131	132	0.8	0	0:00:45.386929
6600	132	132	0.8	1	0:00:45.711760
6620	132	132	0.8	1	0:00:45.420414
6640	132	132	0.721	1	0:00:45.557996
6660	133	133	0.458	1	0:00:45.675868
6680	133	133	0.296	1	0:00:45.601604
6700	134	132	0.174	0	0:00:45.157055
6720	134	134	0.63	1	0:00:44.963830
6740	134	134	0.656	1	0:00:44.690980
6760	135	135	0.8	1	0:00:44.894256
6780	135	135	0.8	1	0:00:44.997736
6800	136	136	0.8	1	0:00:45.036594
6820	136	136	0.753	1	0:00:44.935306
6840	136	136	0.62	1	0:00:44.795326
6860	137	137	0.8	1	0:00:45.042761
6880	137	148	0.249	0	0:00:45.350513
6900	138	138	0.636	1	0:00:45.189025
6920	138	138	0.8	1	0:00:44.962527
6940	138	138	0.254	1	0:00:44.811942
6960	139	139	0.8	1	0:00:45.288441
6980	139	139	0.0367	1	0:00:44.577259
7000	140	140	0.684	1	0:00:44.248485
7020	140	-1	0.0	0	0:00:44.481152
7040	140	140	0.721	1	0:00:44.583061
7060	141	-1	0.0	0	0:00:44.680560
7080	141	141	0.236	1	0:00:44.527705
7100	142	142	0.8	1	0:00:44.599941
7120	142	142	0.8	1	0:00:44.804139
7140	142	142	0.664	1	0:00:45.248365
7160	143	143	0.497	1	0:00:45.392282
7180	143	143	0.416	1	0:00:45.354597
7200	144	331	0.271	0	0:00:45.231702
7220	144	144	0.0813	1	0:00:45.131317
7240	144	144	0.501	1	0:00:45.372908
7260	145	145	0.8	1	0:00:45.400863
7280	145	145	0.313	1	0:00:45.183907
7300	146	-1	0.0	0	0:00:45.221260
7320	146	-1	0.0	0	0:00:45.366563
7340	146	146	0.8	1	0:00:45.249052
7360	147	147	0.735	1	0:00:45.227475
7380	147	147	0.2	1	0:00:45.249394
7400	148	148	0.8	1	0:00:45.008685
7420	148	148	0.565	1	0:00:45.155272
7440	148	148	0.8	1	0:00:45.195054
7460	149	149	0.778	1	0:00:45.382761
7480	149	149	0.8	1	0:00:45.168010
7500	150	360	0.388	0	0:00:45.297478
7520	150	150	0.42	1	0:00:45.447336
7540	150	-1	0.0	0	0:00:45.169931
7560	151	151	0.524	1	0:00:45.291907
7580	151	-1	0.0	0	0:00:45.325066
7600	152	152	0.532	1	0:00:45.257684
7620	152	152	0.0706	1	0:00:45.115633
7640	152	154	0.05	0	0:00:45.268929
7660	153	153	0.306	1	0:00:45.151477
7680	153	-1	0.0	0	0:00:45.517397
7700	154	259	0.12	0	0:00:45.797460
7720	154	154	0.743	1	0:00:46.068021
7740	154	154	0.743	1	0:00:45.881900
7760	155	153	0.241	0	0:00:45.831669
7780	155	155	0.479	1	0:00:46.014675
7800	156	156	0.8	1	0:00:45.878486
7820	156	156	0.778	1	0:00:45.931328
7840	156	156	0.0127	1	0:00:45.806169
7860	157	157	0.219	1	0:00:45.932728
7880	157	157	0.687	1	0:00:45.908656
7900	158	158	0.454	1	0:00:45.926312
7920	158	195	0.764	0	0:00:45.540276
7940	158	237	0.577	0	0:00:45.862617
7960	159	159	0.222	1	0:00:46.029061
7980	159	159	0.24	1	0:00:45.637154
8000	160	160	0.753	1	0:00:45.437521
8020	160	160	0.136	1	0:00:45.607308
8040	160	-1	0.0	0	0:00:45.413772
8060	161	161	0.705	1	0:00:46.793561
8080	161	18	0.0785	0	0:00:46.487338
8100	162	162	0.8	1	0:00:46.402146
8120	162	162	0.177	1	0:00:46.601399
8140	162	162	0.8	1	0:00:46.118439
8160	163	-1	0.0	0	0:00:45.243442
8180	163	-1	0.0	0	0:00:45.467236
8200	164	164	0.0746	1	0:00:45.251707
8220	164	-1	0.0	0	0:00:49.351313
8240	164	164	0.8	1	0:00:51.184170
8260	165	-1	0.0	0	0:00:51.713177
8280	165	-1	0.0	0	0:00:52.361680
8300	166	162	0.0294	0	0:00:51.277987
8320	166	162	0.589	0	0:00:51.334926
8340	166	162	0.00646	0	0:00:51.389568
8360	167	-1	0.0	0	0:00:52.442496
8380	167	-1	0.0	0	0:00:53.049737
8400	168	-1	0.0	0	0:00:52.642786
8420	168	168	0.362	1	0:00:52.665309
8440	168	168	0.743	1	0:00:52.697912
8460	169	169	0.474	1	0:00:52.590513
8480	169	169	0.513	1	0:00:53.464762
8500	170	-1	0.0	0	0:00:52.530598
8520	170	202	0.301	0	0:00:50.846853
8540	170	192	0.336	0	0:00:48.275584
8560	171	-1	0.0	0	0:00:51.993723
8580	171	-1	0.0	0	0:00:46.281857
8600	172	-1	0.0	0	0:00:52.803578
8620	172	172	0.522	1	0:00:52.514018
8640	172	253	0.764	0	0:00:52.388281
8660	173	173	0.8	1	0:00:52.769361
8680	173	173	0.0478	1	0:00:53.154926
8700	174	254	0.236	0	0:00:52.674026
8720	174	174	0.0638	1	0:00:52.028954
8740	174	174	0.347	1	0:00:52.433451
8760	175	-1	0.0	0	0:00:52.676391
8780	175	-1	0.0	0	0:00:53.060255
8800	176	176	0.8	1	0:00:52.835063
8820	176	-1	0.0	0	0:00:52.706609
8840	176	176	0.538	1	0:00:51.175261
8860	177	177	0.649	1	0:00:51.299024
8880	177	177	0.609	1	0:00:51.864320
8900	178	178	0.8	1	0:00:50.780322
8920	178	178	0.246	1	0:00:51.264436
8940	178	178	0.8	1	0:00:51.126362
8960	179	-1	0.0	0	0:00:51.823539
8980	179	179	0.764	1	0:00:51.567856
9000	180	179	0.0511	0	0:00:50.927479
9020	180	237	0.00282	0	0:00:51.034467
9040	180	168	0.0715	0	0:00:50.881821
9060	181	-1	0.0	0	0:00:51.963982
9080	181	181	0.561	1	0:00:52.470903
9100	182	760	0.609	0	0:00:51.873539
9120	182	-1	0.0	0	0:00:52.161308
9140	182	182	0.208	1	0:00:51.916393
9160	183	-1	0.0	0	0:00:53.292613
9180	183	183	0.125	1	0:00:52.341464
9200	184	-1	0.0	0	0:00:51.857283
9220	184	556	0.0765	0	0:00:51.775745
9240	184	184	0.425	1	0:00:52.184108
9260	185	185	0.555	1	0:00:53.507806
9280	185	185	0.441	1	0:00:51.650518
9300	186	-1	0.0	0	0:00:51.808065
9320	186	186	0.432	1	0:00:51.779645
9340	186	202	0.0696	0	0:00:52.171189
9360	187	-1	0.0	0	0:00:53.119227
9380	187	-1	0.0	0	0:00:51.896657
9400	188	188	0.553	1	0:00:52.043497
9420	188	-1	0.0	0	0:00:51.962476
9440	188	463	0.136	0	0:00:52.368648
9460	189	189	0.381	1	0:00:53.069017
9480	189	189	0.8	1	0:00:52.144525
9500	190	190	0.8	1	0:00:51.777732
9520	190	190	0.0369	1	0:00:52.066859
9540	190	190	0.8	1	0:00:52.544262
9560	191	191	0.591	1	0:00:52.552941
9580	191	191	0.8	1	0:00:51.873419
9600	192	199	0.62	0	0:00:51.706265
9620	192	182	0.234	0	0:00:52.073094
9640	192	192	0.478	1	0:00:52.744664
9660	193	-1	0.0	0	0:00:53.058956
9680	193	193	0.104	1	0:00:54.336594
9700	194	-1	0.0	0	0:00:54.373046
9720	194	194	0.535	1	0:00:54.294982
9740	194	194	0.743	1	0:00:54.221830
9760	195	195	0.8	1	0:00:54.176305
9780	195	195	0.8	1	0:00:54.180902
9800	196	199	0.192	0	0:00:54.153893
9820	196	196	0.574	1	0:00:53.727362
9840	196	198	0.656	0	0:00:54.303329
9860	197	-1	0.0	0	0:00:52.126168
9880	197	197	0.0202	1	0:00:51.655702
9900	198	196	0.127	0	0:00:50.944342
9920	198	198	0.474	1	0:00:51.291046
9940	198	196	0.453	0	0:00:51.131459
9960	199	203	0.59	0	0:00:51.764732
9980	199	199	0.8	1	0:00:51.648926
10000	200	200	0.179	1	0:00:50.955884
10020	200	-1	0.0	0	0:00:51.196682
10040	200	200	0.212	1	0:00:51.295789
10060	201	201	0.527	1	0:00:52.359763
10080	201	201	0.237	1	0:00:52.748166
10100	202	-1	0.0	0	0:00:52.380218
10120	202	-1	0.0	0	0:00:52.154220
10140	202	-1	0.0	0	0:00:52.618067
10160	203	203	0.0325	1	0:00:52.373977
10180	203	203	0.8	1	0:00:52.737757
10200	204	204	0.204	1	0:00:52.339664
10220	204	153	0.547	0	0:00:52.147768
10240	204	155	0.431	0	0:00:52.723150
10260	205	205	0.32	1	0:00:52.169504
10280	205	205	0.764	1	0:00:52.793612
10300	206	206	0.24	1	0:00:52.125853
10320	206	206	0.157	1	0:00:52.189372
10340	206	206	0.559	1	0:00:52.910980
10360	207	207	0.302	1	0:00:52.344151
10380	207	-1	0.0	0	0:00:52.861791
10400	208	208	0.778	1	0:00:52.353672
10420	208	205	0.0112	0	0:00:52.169292
10440	208	205	0.219	0	0:00:52.735765
10460	209	209	0.735	1	0:00:52.143456
10480	209	208	0.000501	0	0:00:52.728965
10500	210	210	0.339	1	0:00:51.983750
10520	210	210	0.299	1	0:00:52.646698
10540	210	210	0.8	1	0:00:52.435844
10560	211	237	0.0759	0	0:00:52.070326
10580	211	211	0.0809	1	0:00:52.846424
10600	212	194	0.206	0	0:00:52.333417
10620	212	-1	0.0	0	0:00:53.549896
10640	212	212	0.778	1	0:00:52.455639
10660	213	213	0.7	1	0:00:51.015708
10680	213	555	0.0807	0	0:00:51.538945
10700	214	214	0.118	1	0:00:51.094517
10720	214	219	0.0782	0	0:00:52.011606
10740	214	214	0.52	1	0:00:51.016094
10760	215	-1	0.0	0	0:00:51.535631
10780	215	216	0.225	0	0:00:51.606275
10800	216	216	0.214	1	0:00:51.617857
10820	216	216	0.687	1	0:00:51.642088
10840	216	212	0.124	0	0:00:51.709512
10860	217	217	0.705	1	0:00:52.502209
10880	217	217	0.728	1	0:00:52.341584
10900	218	218	0.778	1	0:00:52.662607
10920	218	218	0.8	1	0:00:52.324784
10940	218	218	0.303	1	0:00:51.939676
10960	219	219	0.225	1	0:00:52.582510
10980	219	-1	0.0	0	0:00:52.412229
11000	220	220	0.341	1	0:00:52.704500
11020	220	219	0.532	0	0:00:52.245778
11040	220	220	0.612	1	0:00:51.914608
11060	221	221	0.201	1	0:00:52.503820
11080	221	256	0.255	0	0:00:52.242649
11100	222	296	0.315	0	0:00:53.129234
11120	222	978	0.0801	0	0:00:52.006960
11140	222	222	0.00213	1	0:00:52.193625
11160	223	223	0.519	1	0:00:52.985369
11180	223	223	0.232	1	0:00:52.478674
11200	224	-1	0.0	0	0:00:52.512382
11220	224	224	0.588	1	0:00:51.952757
11240	224	224	0.378	1	0:00:51.985504
11260	225	225	0.319	1	0:00:52.963637
11280	225	225	0.595	1	0:00:52.657203
11300	226	226	0.0527	1	0:00:52.426829
11320	226	226	0.292	1	0:00:52.256437
11340	226	-1	0.0	0	0:00:52.625574
11360	227	227	0.8	1	0:00:52.944237
11380	227	227	0.413	1	0:00:52.884665
11400	228	228	0.778	1	0:00:51.984456
11420	228	228	0.534	1	0:00:52.219787
11440	228	228	0.8	1	0:00:52.542542
11460	229	229	0.585	1	0:00:45.992905
11480	229	229	0.8	1	0:00:45.529397
11500	230	230	0.481	1	0:00:45.215235
11520	230	230	0.562	1	0:00:46.317409
11540	230	230	0.673	1	0:00:46.934376
11560	231	230	0.705	0	0:00:47.556781
11580	231	231	0.753	1	0:00:46.902123
11600	232	232	0.8	1	0:00:46.430200
11620	232	152	0.0797	0	0:00:46.643827
11640	232	-1	0.0	0	0:00:46.154801
11660	233	-1	0.0	0	0:00:44.733014
11680	233	233	0.267	1	0:00:44.029070
11700	234	214	0.00138	0	0:00:43.960518
11720	234	234	0.55	1	0:00:44.016132
11740	234	234	0.445	1	0:00:45.200698
11760	235	235	0.599	1	0:00:44.366456
11780	235	235	0.316	1	0:00:43.994614
11800	236	234	0.197	0	0:00:44.246424
11820	236	236	0.467	1	0:00:44.338324
11840	236	-1	0.0	0	0:00:45.276541
11860	237	237	0.314	1	0:00:43.943484
11880	237	-1	0.0	0	0:00:44.046915
11900	238	238	0.547	1	0:00:44.344217
11920	238	238	0.0833	1	0:00:44.959996
11940	238	-1	0.0	0	0:00:51.917084
11960	239	239	0.117	1	0:00:47.182768
11980	239	239	0.0442	1	0:00:44.984298
12000	240	238	0.691	0	0:00:45.206576
12020	240	241	0.191	0	0:00:47.459419
12040	240	-1	0.0	0	0:00:46.502097
12060	241	241	0.71	1	0:00:46.573169
12080	241	241	0.764	1	0:00:46.616781
12100	242	242	0.162	1	0:00:46.918003
12120	242	-1	0.0	0	0:00:47.514255
12140	242	245	0.283	0	0:00:45.815787
12160	243	262	0.00715	0	0:00:43.905136
12180	243	242	0.128	0	0:00:43.838074
12200	244	244	0.8	1	0:00:46.892588
12220	244	244	0.753	1	0:00:46.480973
12240	244	244	0.8	1	0:00:46.442950
12260	245	245	0.8	1	0:00:46.491937
12280	245	245	0.764	1	0:00:45.981591
12300	246	251	0.253	0	0:00:45.845353
12320	246	246	0.109	1	0:00:45.494962
12340	246	-1	0.0	0	0:00:44.942782
12360	247	247	0.0325	1	0:00:44.693925
12380	247	156	0.33	0	0:00:44.185082
12400	248	248	0.399	1	0:00:45.136666
12420	248	249	0.509	0	0:00:45.136476
12440	248	248	0.288	1	0:00:50.900279
12460	249	248	0.362	0	0:00:52.685578
12480	249	249	0.0673	1	0:00:52.342386
12500	250	-1	0.0	0	0:00:52.008988
12520	250	250	0.0334	1	0:00:51.885772
12540	250	273	0.302	0	0:00:51.843383
12560	251	251	0.8	1	0:00:51.730791
12580	251	251	0.8	1	0:00:51.806058
12600	252	252	0.0325	1	0:00:52.658449
12620	252	252	0.348	1	0:00:52.905818
12640	252	252	0.431	1	0:00:52.602079
12660	253	253	0.8	1	0:00:52.405636
12680	253	253	0.778	1	0:00:52.630491
12700	254	254	0.0976	1	0:00:52.977413
12720	254	254	0.743	1	0:00:53.690684
12740	254	254	0.8	1	0:00:53.218218
12760	255	255	0.8	1	0:00:53.274100
12780	255	255	0.778	1	0:00:53.436252
12800	256	256	0.148	1	0:00:53.217452
12820	256	256	0.418	1	0:00:53.607654
12840	256	256	0.477	1	0:00:53.678229
12860	257	257	0.25	1	0:00:53.683804
12880	257	257	0.0431	1	0:00:52.893748
12900	258	258	0.236	1	0:00:53.690107
12920	258	104	0.112	0	0:00:53.652765
12940	258	-1	0.0	0	0:00:53.281741
12960	259	259	0.696	1	0:00:53.301018
12980	259	259	0.496	1	0:00:53.213213
13000	260	260	0.673	1	0:00:53.306988
13020	260	260	0.8	1	0:00:53.803785
13040	260	279	0.137	0	0:00:53.648410
13060	261	-1	0.0	0	0:00:53.638132
13080	261	261	0.715	1	0:00:52.998392
13100	262	262	0.687	1	0:00:53.384159
13120	262	262	0.103	1	0:00:53.782901
13140	262	-1	0.0	0	0:00:53.149600
13160	263	153	0.0558	0	0:00:53.836881
13180	263	264	0.0904	0	0:00:53.152701
13200	264	264	0.544	1	0:00:53.117688
13220	264	264	0.684	1	0:00:53.563309
13240	264	264	0.715	1	0:00:53.390749
13260	265	266	0.476	0	0:00:53.642916
13280	265	266	0.159	0	0:00:53.579912
13300	266	266	0.603	1	0:00:53.971633
13320	266	265	0.151	0	0:00:54.043413
13340	266	266	0.545	1	0:00:54.099409
13360	267	267	0.137	1	0:00:53.694608
13380	267	265	0.135	0	0:00:53.854141
13400	268	268	0.109	1	0:00:53.600576
13420	268	-1	0.0	0	0:00:53.898862
13440	268	268	0.613	1	0:00:53.949862
13460	269	272	0.488	0	0:00:53.979214
13480	269	249	0.032	0	0:00:53.995507
13500	270	270	0.8	1	0:00:53.707954
13520	270	270	0.474	1	0:00:53.900941
13540	270	270	0.659	1	0:00:53.933259
13560	271	271	0.479	1	0:00:53.848076
13580	271	271	0.0402	1	0:00:53.917348
13600	272	274	0.184	0	0:00:54.088269
13620	272	272	0.778	1	0:00:53.424903
13640	272	272	0.0479	1	0:00:53.996994
13660	273	273	0.347	1	0:00:53.547276
13680	273	273	0.691	1	0:00:53.778569
13700	274	274	0.479	1	0:00:53.782190
13720	274	274	0.166	1	0:00:54.065763
13740	274	272	0.0671	0	0:00:53.890304
13760	275	275	0.577	1	0:00:53.826452
13780	275	275	0.8	1	0:00:53.648313
13800	276	276	0.778	1	0:00:53.915966
13820	276	276	0.8	1	0:00:53.886582
13840	276	276	0.268	1	0:00:53.500190
13860	277	277	0.8	1	0:00:53.908972
13880	277	277	0.297	1	0:00:54.008912
13900	278	277	0.0733	0	0:00:53.919490
13920	278	-1	0.0	0	0:00:53.878360
13940	278	277	0.656	0	0:00:54.120502
13960	279	279	0.163	1	0:00:53.673597
13980	279	279	0.251	1	0:00:53.967811
14000	280	280	0.71	1	0:00:54.115734
14020	280	280	0.192	1	0:00:53.723547
14040	280	280	0.143	1	0:00:53.864933
14060	281	281	0.26	1	0:00:53.811963
14080	281	281	0.543	1	0:00:53.877714
14100	282	281	0.743	0	0:00:53.703731
14120	282	292	0.216	0	0:00:53.733545
14140	282	285	0.0976	0	0:00:54.261451
14160	283	-1	0.0	0	0:00:54.093486
14180	283	283	0.591	1	0:00:53.888504
14200	284	284	0.8	1	0:00:54.314352
14220	284	281	0.18	0	0:00:53.945704
14240	284	284	0.8	1	0:00:53.502263
14260	285	237	0.19	0	0:00:52.784717
14280	285	281	0.236	0	0:00:52.698567
14300	286	286	0.8	1	0:00:52.848602
14320	286	286	0.347	1	0:00:52.463786
14340	286	-1	0.0	0	0:00:52.441885
14360	287	287	0.8	1	0:00:52.064228
14380	287	293	0.764	0	0:00:51.766721
14400	288	288	0.621	1	0:00:51.710003
14420	288	290	0.169	0	0:00:52.028386
14440	288	288	0.8	1	0:00:51.803394
14460	289	289	0.451	1	0:00:52.422935
14480	289	289	0.438	1	0:00:52.935095
14500	290	290	0.753	1	0:00:52.700290
14520	290	290	0.00809	1	0:00:52.361349
14540	290	290	0.566	1	0:00:52.630662
14560	291	291	0.0417	1	0:00:52.762874
14580	291	291	0.8	1	0:00:53.340070
14600	292	290	0.409	0	0:00:53.501285
14620	292	292	0.397	1	0:00:53.494618
14640	292	292	0.8	1	0:00:53.380422
14660	293	293	0.8	1	0:00:53.124877
14680	293	293	0.8	1	0:00:53.780676
14700	294	294	0.516	1	0:00:53.789422
14720	294	294	0.469	1	0:00:53.391385
14740	294	294	0.183	1	0:00:52.963382
14760	295	295	0.753	1	0:00:53.591718
14780	295	295	0.8	1	0:00:53.617121
14800	296	296	0.551	1	0:00:53.802649
14820	296	296	0.8	1	0:00:53.340690
14840	296	296	0.128	1	0:00:53.380433
14860	297	297	0.461	1	0:00:53.318472
14880	297	297	0.8	1	0:00:53.561266
14900	298	274	0.137	0	0:00:53.783619
14920	298	298	0.205	1	0:00:53.679449
14940	298	69	0.165	0	0:00:52.883766
14960	299	-1	0.0	0	0:00:53.133791
14980	299	-1	0.0	0	0:00:53.446523
15000	300	300	0.8	1	0:00:53.583711
15020	300	300	0.764	1	0:00:53.226541
15040	300	-1	0.0	0	0:00:53.242795
15060	301	301	0.8	1	0:00:53.466434
15080	301	301	0.728	1	0:00:53.411930
15100	302	302	0.0579	1	0:00:53.939371
15120	302	300	0.778	0	0:00:53.709846
15140	302	308	0.218	0	0:00:53.512937
15160	303	-1	0.0	0	0:00:53.187291
15180	303	303	0.29	1	0:00:53.266403
15200	304	301	0.376	0	0:00:53.658229
15220	304	25	0.0885	0	0:00:53.851279
15240	304	303	0.67	0	0:00:53.874770
15260	305	305	0.544	1	0:00:53.920563
15280	305	305	0.52	1	0:00:53.803082
15300	306	306	0.56	1	0:00:53.920437
15320	306	306	0.473	1	0:00:53.890334
15340	306	306	0.8	1	0:00:53.924485
15360	307	307	0.705	1	0:00:53.780571
15380	307	307	0.312	1	0:00:53.814334
15400	308	308	0.443	1	0:00:53.772496
15420	308	308	0.254	1	0:00:53.718247
15440	308	308	0.728	1	0:00:53.732961
15460	309	316	0.346	0	0:00:53.886552
15480	309	309	0.623	1	0:00:53.906849
15500	310	310	0.8	1	0:00:53.911963
15520	310	310	0.0534	1	0:00:53.719706
15540	310	310	0.302	1	0:00:53.827708
15560	311	313	0.107	0	0:00:53.881847
15580	311	311	0.055	1	0:00:53.979717
15600	312	-1	0.0	0	0:00:53.917264
15620	312	311	0.155	0	0:00:53.547364
15640	312	312	0.498	1	0:00:53.638860
15660	313	313	0.459	1	0:00:53.542482
15680	313	313	0.397	1	0:00:54.026704
15700	314	314	0.16	1	0:00:53.895143
15720	314	-1	0.0	0	0:00:53.961880
15740	314	314	0.42	1	0:00:53.768947
15760	315	955	0.0373	0	0:00:53.774444
15780	315	46	0.201	0	0:00:53.858292
15800	316	316	0.8	1	0:00:53.823484
15820	316	316	0.8	1	0:00:53.803176
15840	316	78	0.338	0	0:00:53.665091
15860	317	317	0.8	1	0:00:53.647011
15880	317	317	0.8	1	0:00:53.771144
15900	318	318	0.263	1	0:00:53.934479
15920	318	318	0.0872	1	0:00:53.800033
15940	318	318	0.559	1	0:00:53.744192
15960	319	77	0.266	0	0:00:53.141852
15980	319	320	0.021	0	0:00:52.470465
16000	320	320	0.764	1	0:00:52.540152
16020	320	320	0.8	1	0:00:52.416257
16040	320	-1	0.0	0	0:00:52.536324
16060	321	321	0.211	1	0:00:52.236749
16080	321	321	0.644	1	0:00:52.303386
16100	322	-1	0.0	0	0:00:52.453379
16120	322	322	0.8	1	0:00:52.309564
16140	322	-1	0.0	0	0:00:52.348532
16160	323	323	0.8	1	0:00:51.984612
16180	323	323	0.8	1	0:00:47.195750
16200	324	324	0.743	1	0:00:47.235832
16220	324	324	0.309	1	0:00:46.653983
16240	324	324	0.0823	1	0:00:47.218439
16260	325	325	0.778	1	0:00:47.322604
16280	325	-1	0.0	0	0:00:46.825399
16300	326	326	0.728	1	0:00:47.277977
16320	326	-1	0.0	0	0:00:47.079017
16340	326	326	0.543	1	0:00:46.994794
16360	327	327	0.8	1	0:00:47.233625
16380	327	327	0.8	1	0:00:47.010896
16400	328	328	0.8	1	0:00:48.175773
16420	328	328	0.8	1	0:00:47.625774
16440	328	996	0.0261	0	0:00:47.438194
16460	329	973	0.497	0	0:00:48.049545
16480	329	-1	0.0	0	0:00:47.619345
16500	330	330	0.0323	1	0:00:48.163239
16520	330	330	0.057	1	0:00:47.844024
16540	330	331	0.183	0	0:00:47.142251
16560	331	331	0.8	1	0:00:48.368000
16580	331	331	0.8	1	0:00:47.588050
16600	332	333	0.0668	0	0:00:48.166996
16620	332	332	0.667	1	0:00:47.544192
16640	332	-1	0.0	0	0:00:47.348803
16660	333	333	0.8	1	0:00:47.818647
16680	333	333	0.642	1	0:00:47.529322
16700	334	334	0.8	1	0:00:48.255807
16720	334	334	0.163	1	0:00:47.572448
16740	334	334	0.0819	1	0:00:47.534017
16760	335	-1	0.0	0	0:00:47.849703
16780	335	335	0.199	1	0:00:48.154206
16800	336	336	0.721	1	0:00:47.732641
16820	336	-1	0.0	0	0:00:48.131707
16840	336	336	0.753	1	0:00:47.674739
16860	337	337	0.172	1	0:00:47.594539
16880	337	337	0.8	1	0:00:48.271920
16900	338	617	0.266	0	0:00:48.056596
16920	338	338	0.378	1	0:00:47.747007
16940	338	338	0.507	1	0:00:47.694951
16960	339	339	0.8	1	0:00:47.750199
16980	339	603	0.0278	0	0:00:48.335139
17000	340	340	0.8	1	0:00:48.137767
17020	340	340	0.8	1	0:00:47.862366
17040	340	340	0.8	1	0:00:47.711273
17060	341	341	0.715	1	0:00:47.899403
17080	341	-1	0.0	0	0:00:47.933398
17100	342	269	0.327	0	0:00:48.092805
17120	342	342	0.262	1	0:00:47.928388
17140	342	342	0.71	1	0:00:47.354168
17160	343	343	0.644	1	0:00:47.838128
17180	343	343	0.372	1	0:00:47.761822
17200	344	-1	0.0	0	0:00:48.205739
17220	344	-1	0.0	0	0:00:47.936570
17240	344	344	0.477	1	0:00:47.541578
17260	345	603	0.0531	0	0:00:47.757260
17280	345	346	0.62	0	0:00:47.806349
17300	346	137	0.21	0	0:00:48.120739
17320	346	346	0.442	1	0:00:47.979369
17340	346	346	0.8	1	0:00:47.606524
17360	347	343	0.133	0	0:00:47.820495
17380	347	347	0.8	1	0:00:47.743292
17400	348	348	0.621	1	0:00:48.570625
17420	348	350	0.249	0	0:00:48.071153
17440	348	349	0.538	0	0:00:47.680336
17460	349	349	0.387	1	0:00:47.715851
17480	349	349	0.778	1	0:00:47.696110
17500	350	350	0.8	1	0:00:48.471870
17520	350	350	0.8	1	0:00:48.362336
17540	350	350	0.346	1	0:00:47.672838
17560	351	351	0.121	1	0:00:47.678231
17580	351	351	0.8	1	0:00:47.650070
17600	352	352	0.347	1	0:00:48.316823
17620	352	352	0.172	1	0:00:48.271222
17640	352	353	0.175	0	0:00:47.992482
17660	353	355	0.286	0	0:00:48.030910
17680	353	351	0.135	0	0:00:48.031265
17700	354	354	0.684	1	0:00:48.310933
17720	354	354	0.8	1	0:00:48.508844
17740	354	-1	0.0	0	0:00:45.489766
17760	355	355	0.8	1	0:00:45.527134
17780	355	355	0.8	1	0:00:45.658984
17800	356	-1	0.0	0	0:00:46.081280
17820	356	360	0.764	0	0:00:46.445588
17840	356	362	0.778	0	0:00:45.932186
17860	357	-1	0.0	0	0:00:44.123784
17880	357	103	0.0911	0	0:00:42.846865
17900	358	359	0.0898	0	0:00:43.350918
17920	358	356	0.576	0	0:00:43.343226
17940	358	358	0.21	1	0:00:43.827276
17960	359	-1	0.0	0	0:00:43.910747
17980	359	-1	0.0	0	0:00:44.031317
18000	360	360	0.8	1	0:00:43.970759
18020	360	360	0.155	1	0:00:44.035145
18040	360	356	0.273	0	0:00:44.380062
18060	361	361	0.329	1	0:00:44.774225
18080	361	361	0.193	1	0:00:44.735721
18100	362	362	0.8	1	0:00:44.323810
18120	362	103	0.126	0	0:00:43.487906
18140	362	362	0.8	1	0:00:43.693545
18160	363	363	0.481	1	0:00:43.829907
18180	363	363	0.495	1	0:00:43.652102
18200	364	-1	0.0	0	0:00:44.116887
18220	364	-1	0.0	0	0:00:44.111167
18240	364	364	0.8	1	0:00:43.773434
18260	365	365	0.475	1	0:00:43.818693
18280	365	365	0.317	1	0:00:43.845192
18300	366	366	0.422	1	0:00:43.953969
18320	366	366	0.466	1	0:00:44.150691
18340	366	366	0.8	1	0:00:43.981810
18360	367	367	0.175	1	0:00:44.338307
18380	367	367	0.35	1	0:00:44.287414
18400	368	368	0.764	1	0:00:44.185911
18420	368	368	0.112	1	0:00:44.783304
18440	368	368	0.0268	1	0:00:44.729592
18460	369	369	0.446	1	0:00:44.817210
18480	369	369	0.638	1	0:00:44.795436
18500	370	370	0.673	1	0:00:44.823686
18520	370	377	0.132	0	0:00:44.962629
18540	370	374	0.349	0	0:00:44.976258
18560	371	372	0.684	0	0:00:44.713940
18580	371	371	0.735	1	0:00:44.566362
18600	372	-1	0.0	0	0:00:44.513483
18620	372	372	0.0342	1	0:00:44.354976
18640	372	372	0.625	1	0:00:44.810980
18660	373	367	0.171	0	0:00:44.909210
18680	373	373	0.281	1	0:00:44.852393
18700	374	-1	0.0	0	0:00:44.709589
18720	374	-1	0.0	0	0:00:44.720915
18740	374	382	0.8	0	0:00:44.810540
18760	375	375	0.8	1	0:00:44.639297
18780	375	375	0.182	1	0:00:44.711951
18800	376	376	0.566	1	0:00:44.744978
18820	376	376	0.573	1	0:00:44.702360
18840	376	376	0.8	1	0:00:44.668378
18860	377	341	0.156	0	0:00:50.431992
18880	377	382	0.5	0	0:00:48.913451
18900	378	-1	0.0	0	0:00:45.049999
18920	378	379	0.137	0	0:00:44.960769
18940	378	-1	0.0	0	0:00:44.921288
18960	379	379	0.778	1	0:00:45.039456
18980	379	379	0.71	1	0:00:45.619046
19000	380	380	0.493	1	0:00:45.765078
19020	380	379	0.00815	0	0:00:45.469309
19040	380	-1	0.0	0	0:00:45.002433
19060	381	369	0.229	0	0:00:45.121355
19080	381	489	0.000251	0	0:00:45.457738
19100	382	382	0.691	1	0:00:45.234738
19120	382	382	0.345	1	0:00:53.813118
19140	382	380	0.219	0	0:00:55.607968
19160	383	383	0.8	1	0:00:54.185374
19180	383	383	0.632	1	0:00:54.300869
19200	384	384	0.208	1	0:00:54.219265
19220	384	384	0.575	1	0:00:54.192316
19240	384	384	0.525	1	0:00:54.068019
19260	385	-1	0.0	0	0:00:53.834929
19280	385	101	0.479	0	0:00:53.876862
19300	386	386	0.366	1	0:00:53.868929
19320	386	101	0.535	0	0:00:53.927396
19340	386	386	0.217	1	0:00:54.582335
19360	387	387	0.8	1	0:00:54.394223
19380	387	387	0.217	1	0:00:54.535313
19400	388	388	0.351	1	0:00:54.397529
19420	388	388	0.8	1	0:00:54.752100
19440	388	388	0.228	1	0:00:54.656497
19460	389	2	0.372	0	0:00:54.582290
19480	389	-1	0.0	0	0:00:54.746370
19500	390	390	0.474	1	0:00:54.245566
19520	390	390	0.113	1	0:00:54.490824
19540	390	6	0.667	0	0:00:54.265881
19560	391	391	0.071	1	0:00:54.307396
19580	391	391	0.435	1	0:00:54.773484
19600	392	397	0.104	0	0:00:54.796665
19620	392	392	0.8	1	0:00:54.586278
19640	392	392	0.8	1	0:00:54.748727
19660	393	973	0.109	0	0:00:54.578488
19680	393	393	0.618	1	0:00:54.684157
19700	394	-1	0.0	0	0:00:54.589292
19720	394	103	0.42	0	0:00:54.365609
19740	394	149	0.51	0	0:00:54.334860
19760	395	395	0.8	1	0:00:54.446532
19780	395	6	0.376	0	0:00:54.192105
19800	396	396	0.8	1	0:00:54.551654
19820	396	396	0.8	1	0:00:54.565577
19840	396	396	0.8	1	0:00:54.677864
19860	397	973	0.101	0	0:00:54.868789
19880	397	397	0.8	1	0:00:54.082964
19900	398	398	0.133	1	0:00:45.740680
19920	398	398	0.474	1	0:00:45.902776
19940	398	845	0.0636	0	0:00:45.932090
19960	399	399	0.226	1	0:00:45.784793
19980	399	399	0.0534	1	0:00:45.709258
20000	400	-1	0.0	0	0:00:45.833602
20020	400	400	0.0416	1	0:00:45.565967
20040	400	667	0.551	0	0:00:45.986711
20060	401	401	0.386	1	0:00:46.183957
20080	401	401	0.8	1	0:00:46.227221
20100	402	420	0.295	0	0:00:46.080895
20120	402	448	0.121	0	0:00:46.055468
20140	402	402	0.514	1	0:00:46.153280
20160	403	403	0.8	1	0:00:45.894828
20180	403	833	0.13	0	0:00:46.131189
20200	404	404	0.8	1	0:00:45.919492
20220	404	404	0.705	1	0:00:45.980733
20240	404	895	0.321	0	0:00:45.768917
20260	405	405	0.8	1	0:00:45.744732
20280	405	405	0.576	1	0:00:45.984857
20300	406	562	0.529	0	0:00:46.263886
20320	406	857	0.735	0	0:00:45.957451
20340	406	406	0.42	1	0:00:46.134942
20360	407	407	0.243	1	0:00:45.807852
20380	407	407	0.8	1	0:00:46.346951
20400	408	847	0.322	0	0:00:46.014090
20420	408	408	0.494	1	0:00:45.813361
20440	408	408	0.591	1	0:00:45.859536
20460	409	442	0.141	0	0:00:45.879948
20480	409	409	0.8	1	0:00:45.918716
20500	410	-1	0.0	0	0:00:46.371822
20520	410	410	0.687	1	0:00:46.328468
20540	410	-1	0.0	0	0:00:46.091378
20560	411	411	0.00884	1	0:00:46.271226
20580	411	614	0.0966	0	0:00:46.149739
20600	412	-1	0.0	0	0:00:46.081505
20620	412	412	0.565	1	0:00:46.091353
20640	412	877	0.00194	0	0:00:46.116552
20660	413	413	0.721	1	0:00:45.962101
20680	413	491	0.0355	0	0:00:45.885996
20700	414	414	0.331	1	0:00:46.133822
20720	414	-1	0.0	0	0:00:46.002119
20740	414	414	0.259	1	0:00:45.993148
20760	415	857	0.735	0	0:00:46.106570
20780	415	-1	0.0	0	0:00:46.146806
20800	416	416	0.667	1	0:00:45.914775
20820	416	-1	0.0	0	0:00:46.227027
20840	416	842	0.149	0	0:00:45.619268
20860	417	417	0.8	1	0:00:45.058621
20880	417	417	0.0353	1	0:00:45.058945
20900	418	563	0.254	0	0:00:44.995432
20920	418	767	0.131	0	0:00:44.995477
20940	418	542	0.425	0	0:00:45.089792
20960	419	419	0.222	1	0:00:45.133665
20980	419	419	0.575	1	0:00:45.049411
21000	420	420	0.239	1	0:00:45.179960
21020	420	-1	0.0	0	0:00:44.967693
21040	420	-1	0.0	0	0:00:45.197827
21060	421	421	0.8	1	0:00:45.418117
21080	421	421	0.309	1	0:00:45.500502
21100	422	543	0.13	0	0:00:45.370603
21120	422	422	0.548	1	0:00:45.222401
21140	422	422	0.15	1	0:00:45.252906
21160	423	423	0.548	1	0:00:45.405564
21180	423	-1	0.0	0	0:00:45.282540
21200	424	788	0.195	0	0:00:45.343963
21220	424	-1	0.0	0	0:00:45.497631
21240	424	-1	0.0	0	0:00:45.643794
21260	425	425	0.00696	1	0:00:45.494186
21280	425	-1	0.0	0	0:00:45.559744
21300	426	426	0.778	1	0:00:45.649316
21320	426	426	0.464	1	0:00:45.443270
21340	426	426	0.664	1	0:00:45.355013
21360	427	427	0.346	1	0:00:45.267155
21380	427	-1	0.0	0	0:00:45.386246
21400	428	428	0.687	1	0:00:45.478252
21420	428	428	0.121	1	0:00:45.654055
21440	428	428	0.421	1	0:00:45.758267
21460	429	429	0.8	1	0:00:45.454951
21480	429	429	0.8	1	0:00:45.566142
21500	430	430	0.158	1	0:00:45.434930
21520	430	430	0.196	1	0:00:45.412487
21540	430	917	0.00972	0	0:00:45.175790
21560	431	-1	0.0	0	0:00:45.542694
21580	431	431	0.124	1	0:00:45.310899
21600	432	432	0.595	1	0:00:45.317829
21620	432	432	0.8	1	0:00:45.431408
21640	432	-1	0.0	0	0:00:45.762486
21660	433	433	0.295	1	0:00:48.330315
21680	433	433	0.8	1	0:00:54.574989
21700	434	-1	0.0	0	0:00:47.146222
21720	434	735	0.122	0	0:00:45.733881
21740	434	419	0.216	0	0:00:45.847602
21760	435	435	0.397	1	0:00:45.677459
21780	435	876	0.432	0	0:00:45.560979
21800	436	436	0.778	1	0:00:45.672673
21820	436	436	0.662	1	0:00:45.545694
21840	436	436	0.411	1	0:00:45.776182
21860	437	980	0.258	0	0:00:45.775139
21880	437	833	0.442	0	0:00:46.198693
21900	438	739	0.0331	0	0:00:46.185871
21920	438	-1	0.0	0	0:00:46.092222
21940	438	957	0.279	0	0:00:46.075902
21960	439	439	0.8	1	0:00:46.238223
21980	439	541	0.8	0	0:00:46.079276
22000	440	788	0.0161	0	0:00:46.021868
22020	440	440	0.018	1	0:00:45.723347
22040	440	440	0.594	1	0:00:45.853170
22060	441	441	0.8	1	0:00:45.958649
22080	441	441	0.8	1	0:00:46.108425
22100	442	-1	0.0	0	0:00:46.039695
22120	442	497	0.348	0	0:00:45.945349
22140	442	494	0.18	0	0:00:45.961104
22160	443	721	0.227	0	0:00:46.066907
22180	443	443	0.8	1	0:00:46.322109
22200	444	879	0.386	0	0:00:46.149616
22220	444	444	0.67	1	0:00:45.934067
22240	444	444	0.8	1	0:00:45.915476
22260	445	445	0.0282	1	0:00:45.828191
22280	445	445	0.353	1	0:00:45.948503
22300	446	446	0.209	1	0:00:46.203994
22320	446	478	0.105	0	0:00:45.879324
22340	446	478	0.8	0	0:00:46.351477
22360	447	447	0.8	1	0:00:46.271565
22380	447	-1	0.0	0	0:00:45.818333
22400	448	448	0.0815	1	0:00:46.156784
22420	448	448	0.8	1	0:00:45.909086
22440	448	448	0.8	1	0:00:45.928030
22460	449	449	0.8	1	0:00:45.978040
22480	449	449	0.715	1	0:00:45.693727
22500	450	802	0.0554	0	0:00:45.844972
22520	450	450	0.644	1	0:00:45.868662
22540	450	450	0.206	1	0:00:45.729777
22560	451	451	0.166	1	0:00:43.470889
22580	451	451	0.8	1	0:00:43.471835
22600	452	452	0.269	1	0:00:43.560399
22620	452	78	0.45	0	0:00:43.440727
22640	452	496	0.168	0	0:00:43.562744
22660	453	453	0.473	1	0:00:43.440825
22680	453	453	0.8	1	0:00:43.515310
22700	454	454	0.267	1	0:00:43.603334
22720	454	454	0.271	1	0:00:43.663623
22740	454	498	0.0898	0	0:00:43.563498
22760	455	455	0.8	1	0:00:43.994812
22780	455	611	0.8	0	0:00:43.763605
22800	456	787	0.086	0	0:00:43.880208
22820	456	456	0.375	1	0:00:43.543067
22840	456	456	0.721	1	0:00:43.773954
22860	457	457	0.8	1	0:00:43.914102
22880	457	515	0.171	0	0:00:43.868566
22900	458	458	0.22	1	0:00:43.605732
22920	458	458	0.8	1	0:00:43.880752
22940	458	458	0.8	1	0:00:43.911735
22960	459	445	0.705	0	0:00:43.836919
22980	459	-1	0.0	0	0:00:43.861026
23000	460	-1	0.0	0	0:00:43.514225
23020	460	460	0.119	1	0:00:43.845957
23040	460	460	0.626	1	0:00:44.442828
23060	461	461	0.0712	1	0:00:44.221822
23080	461	787	0.735	0	0:00:44.272378
23100	462	-1	0.0	0	0:00:44.304678
23120	462	-1	0.0	0	0:00:44.304127
23140	462	462	0.651	1	0:00:44.309533
23160	463	463	0.41	1	0:00:44.450259
23180	463	-1	0.0	0	0:00:44.482281
23200	464	-1	0.0	0	0:00:44.487363
23220	464	-1	0.0	0	0:00:44.372432
23240	464	464	0.169	1	0:00:44.354021
23260	465	610	0.316	0	0:00:44.850474
23280	465	830	0.0151	0	0:00:44.792880
23300	466	466	0.63	1	0:00:44.819298
23320	466	466	0.5	1	0:00:44.955128
23340	466	466	0.532	1	0:00:44.939570
23360	467	467	0.8	1	0:00:44.876858
23380	467	467	0.537	1	0:00:44.523564
23400	468	468	0.705	1	0:00:44.246469
23420	468	468	0.8	1	0:00:44.144053
23440	468	661	0.00226	0	0:00:44.271256
23460	469	469	0.8	1	0:00:44.387614
23480	469	925	0.377	0	0:00:44.212491
23500	470	832	0.229	0	0:00:44.186087
23520	470	-1	0.0	0	0:00:44.364405
23540	470	865	0.00138	0	0:00:44.178277
23560	471	-1	0.0	0	0:00:44.234305
23580	471	847	0.0109	0	0:00:52.338167
23600	472	472	0.8	1	0:00:53.485690
23620	472	472	0.249	1	0:00:53.789766
23640	472	573	0.162	0	0:00:53.608227
23660	473	473	0.8	1	0:00:53.730691
23680	473	473	0.528	1	0:00:53.700663
23700	474	-1	0.0	0	0:00:53.827253
23720	474	474	0.8	1	0:00:53.677189
23740	474	568	0.136	0	0:00:53.617888
23760	475	545	0.113	0	0:00:53.507364
23780	475	475	0.8	1	0:00:53.869568
23800	476	476	0.381	1	0:00:53.699813
23820	476	476	0.562	1	0:00:53.451891
23840	476	476	0.25	1	0:00:53.414394
23860	477	-1	0.0	0	0:00:53.894455
23880	477	-1	0.0	0	0:00:53.867270
23900	478	-1	0.0	0	0:00:54.063319
23920	478	419	0.114	0	0:00:54.085205
23940	478	-1	0.0	0	0:00:53.985889
23960	479	817	0.209	0	0:00:54.140924
23980	479	-1	0.0	0	0:00:54.101850
24000	480	509	0.429	0	0:00:53.998492
24020	480	480	0.166	1	0:00:53.996539
24040	480	851	0.0342	0	0:00:54.200085
24060	481	620	0.373	0	0:00:53.669694
24080	481	579	0.295	0	0:00:53.898342
24100	482	509	0.258	0	0:00:53.794148
24120	482	482	0.743	1	0:00:53.861009
24140	482	482	0.302	1	0:00:53.921413
24160	483	483	0.8	1	0:00:54.280333
24180	483	698	0.8	0	0:00:54.122433
24200	484	871	0.191	0	0:00:54.176727
24220	484	871	0.27	0	0:00:54.099074
24240	484	484	0.571	1	0:00:54.124117
24260	485	-1	0.0	0	0:00:54.103844
24280	485	485	0.476	1	0:00:53.996243
24300	486	486	0.8	1	0:00:53.879324
24320	486	486	0.8	1	0:00:53.725466
24340	486	-1	0.0	0	0:00:53.846466
24360	487	487	0.636	1	0:00:54.622897
24380	487	487	0.8	1	0:00:54.814079
24400	488	649	0.274	0	0:00:54.932340
24420	488	488	0.8	1	0:00:54.853198
24440	488	-1	0.0	0	0:00:54.815005
24460	489	489	0.8	1	0:00:54.900115
24480	489	-1	0.0	0	0:00:54.910567
24500	490	490	0.8	1	0:00:54.800214
24520	490	490	0.8	1	0:00:54.620681
24540	490	490	0.8	1	0:00:54.624308
24560	491	491	0.352	1	0:00:54.661371
24580	491	491	0.0469	1	0:00:54.701502
24600	492	492	0.322	1	0:00:54.804652
24620	492	519	0.296	0	0:00:54.732964
24640	492	-1	0.0	0	0:00:54.941026
24660	493	598	0.512	0	0:00:54.773757
24680	493	765	0.573	0	0:00:54.829270
24700	494	-1	0.0	0	0:00:54.848004
24720	494	494	0.778	1	0:00:54.900058
24740	494	494	0.348	1	0:00:54.876190
24760	495	495	0.8	1	0:00:54.647130
24780	495	495	0.8	1	0:00:54.656462
24800	496	-1	0.0	0	0:00:54.793247
24820	496	496	0.554	1	0:00:54.659677
24840	496	496	0.8	1	0:00:54.682072
24860	497	497	0.673	1	0:00:54.899652
24880	497	425	0.129	0	0:00:54.942616
24900	498	498	0.8	1	0:00:54.732453
24920	498	-1	0.0	0	0:00:54.781934
24940	498	598	0.0852	0	0:00:54.896284
24960	499	424	0.0096	0	0:00:54.739340
24980	499	-1	0.0	0	0:00:54.710254
25000	500	500	0.743	1	0:00:54.391703
25020	500	825	0.00527	0	0:00:54.706152
25040	500	500	0.35	1	0:00:54.601212
25060	501	501	0.245	1	0:00:54.778069
25080	501	921	0.37	0	0:00:54.884045
25100	502	502	0.8	1	0:00:54.907138
25120	502	502	0.142	1	0:00:54.927815
25140	502	788	0.615	0	0:00:54.779149
25160	503	503	0.735	1	0:00:54.990854
25180	503	950	0.743	0	0:00:55.171375
25200	504	504	0.226	1	0:00:51.742199
25220	504	-1	0.0	0	0:00:45.508510
25240	504	925	0.244	0	0:00:45.360476
25260	505	505	0.8	1	0:00:44.413411
25280	505	-1	0.0	0	0:00:44.340497
25300	506	506	0.349	1	0:00:44.220248
25320	506	580	0.109	0	0:00:44.204379
25340	506	859	0.108	0	0:00:44.144562
25360	507	489	0.0889	0	0:00:44.214741
25380	507	507	0.335	1	0:00:44.180467
25400	508	508	0.8	1	0:00:44.550753
25420	508	508	0.8	1	0:00:44.427883
25440	508	891	0.184	0	0:00:44.530157
25460	509	509	0.527	1	0:00:44.333555
25480	509	509	0.216	1	0:00:44.644558
25500	510	510	0.595	1	0:00:44.115932
25520	510	510	0.29	1	0:00:43.842027
25540	510	510	0.551	1	0:00:44.489137
25560	511	511	0.144	1	0:00:44.075631
25580	511	511	0.728	1	0:00:44.490267
25600	512	784	0.0476	0	0:00:44.295635
25620	512	512	0.8	1	0:00:44.293294
25640	512	473	0.764	0	0:00:44.135276
25660	513	513	0.385	1	0:00:44.486051
25680	513	875	0.195	0	0:00:44.142836
25700	514	514	0.8	1	0:00:44.269092
25720	514	788	0.502	0	0:00:44.413330
25740	514	514	0.753	1	0:00:44.362285
25760	515	808	0.409	0	0:00:44.546921
25780	515	515	0.379	1	0:00:44.640764
25800	516	-1	0.0	0	0:00:44.022058
25820	516	516	0.483	1	0:00:44.172445
25840	516	431	0.168	0	0:00:44.352628
25860	517	540	0.497	0	0:00:44.039555
25880	517	517	0.218	1	0:00:44.295199
25900	518	518	0.667	1	0:00:44.416365
25920	518	518	0.586	1	0:00:43.987446
25940	518	518	0.51	1	0:00:44.155593
25960	519	561	0.338	0	0:00:44.239242
25980	519	-1	0.0	0	0:00:44.434923
26000	520	520	0.101	1	0:00:44.803309
26020	520	516	0.324	0	0:00:44.708507
26040	520	743	0.0381	0	0:00:45.005154
26060	521	521	0.356	1	0:00:45.514086
26080	521	521	0.8	1	0:00:45.401264
26100	522	522	0.123	1	0:00:45.477882
26120	522	522	0.324	1	0:00:45.630321
26140	522	522	0.8	1	0:00:45.511823
26160	523	667	0.149	0	0:00:45.643417
26180	523	762	0.0304	0	0:00:45.433426
26200	524	461	0.277	0	0:00:45.357014
26220	524	461	0.373	0	0:00:45.398042
26240	524	-1	0.0	0	0:00:45.383979
26260	525	525	0.662	1	0:00:45.472362
26280	525	-1	0.0	0	0:00:45.509797
26300	526	527	0.132	0	0:00:45.498933
26320	526	526	0.501	1	0:00:45.501272
26340	526	526	0.361	1	0:00:45.632665
26360	527	613	0.0772	0	0:00:45.487170
26380	527	732	0.108	0	0:00:45.477965
26400	528	-1	0.0	0	0:00:45.522000
26420	528	528	0.778	1	0:00:45.487963
26440	528	528	0.46	1	0:00:45.534625
26460	529	-1	0.0	0	0:00:45.382657
26480	529	529	0.329	1	0:00:45.644655
26500	530	-1	0.0	0	0:00:45.573945
26520	530	745	0.0168	0	0:00:45.458918
26540	530	530	0.8	1	0:00:45.448895
26560	531	409	0.399	0	0:00:45.512415
26580	531	531	0.122	1	0:00:45.541521
26600	532	846	0.0391	0	0:00:45.369034
26620	532	532	0.359	1	0:00:45.666403
26640	532	532	0.8	1	0:00:45.574578
26660	533	533	0.651	1	0:00:45.477014
26680	533	533	0.8	1	0:00:45.291138
26700	534	-1	0.0	0	0:00:45.397275
26720	534	494	0.161	0	0:00:45.131252
26740	534	593	0.0153	0	0:00:45.701523
26760	535	535	0.8	1	0:00:45.413375
26780	535	-1	0.0	0	0:00:45.446508
26800	536	403	0.294	0	0:00:45.187397
26820	536	536	0.122	1	0:00:45.700542
26840	536	491	0.0282	0	0:00:45.623808
26860	537	537	0.8	1	0:00:45.417401
26880	537	537	0.8	1	0:00:45.405412
26900	538	538	0.8	1	0:00:45.862299
26920	538	-1	0.0	0	0:00:45.632132
26940	538	538	0.662	1	0:00:44.398944
26960	539	539	0.141	1	0:00:44.457486
26980	539	-1	0.0	0	0:00:44.680187
27000	540	540	0.778	1	0:00:44.393609
27020	540	540	0.8	1	0:00:44.911093
27040	540	540	0.764	1	0:00:44.134432
27060	541	-1	0.0	0	0:00:42.945856
27080	541	541	0.8	1	0:00:43.023037
27100	542	542	0.209	1	0:00:42.973984
27120	542	-1	0.0	0	0:00:42.796076
27140	542	513	0.0515	0	0:00:42.765206
27160	543	422	0.0964	0	0:00:42.649654
27180	543	543	0.0837	1	0:00:42.947108
27200	544	926	0.445	0	0:00:42.695704
27220	544	-1	0.0	0	0:00:42.311085
27240	544	-1	0.0	0	0:00:43.113254
27260	545	545	0.8	1	0:00:43.053421
27280	545	107	0.504	0	0:00:42.945517
27300	546	546	0.322	1	0:00:42.981178
27320	546	546	0.8	1	0:00:43.128555
27340	546	917	0.192	0	0:00:42.971644
27360	547	547	0.508	1	0:00:43.141151
27380	547	821	0.186	0	0:00:43.347617
27400	548	548	0.372	1	0:00:43.006198
27420	548	548	0.8	1	0:00:42.965545
27440	548	548	0.8	1	0:00:43.808513
27460	549	-1	0.0	0	0:00:43.700397
27480	549	674	0.103	0	0:00:43.999036
27500	550	505	0.0271	0	0:00:43.973737
27520	550	-1	0.0	0	0:00:43.831142
27540	550	-1	0.0	0	0:00:43.922496
27560	551	-1	0.0	0	0:00:43.917817
27580	551	-1	0.0	0	0:00:43.874958
27600	552	552	0.528	1	0:00:43.698425
27620	552	-1	0.0	0	0:00:43.658278
27640	552	793	0.384	0	0:00:43.904239
27660	553	553	0.249	1	0:00:43.705662
27680	553	-1	0.0	0	0:00:43.501585
27700	554	554	0.597	1	0:00:43.550028
27720	554	554	0.295	1	0:00:43.442365
27740	554	562	0.324	0	0:00:43.810389
27760	555	829	0.278	0	0:00:44.262698
27780	555	555	0.2	1	0:00:44.378695
27800	556	703	0.565	0	0:00:44.414199
27820	556	766	0.0477	0	0:00:44.317595
27840	556	556	0.495	1	0:00:44.321702
27860	557	557	0.778	1	0:00:44.356628
27880	557	557	0.68	1	0:00:44.382803
27900	558	-1	0.0	0	0:00:44.452060
27920	558	-1	0.0	0	0:00:44.440636
27940	558	614	0.178	0	0:00:44.405574
27960	559	-1	0.0	0	0:00:44.375334
27980	559	559	0.8	1	0:00:44.432873
28000	560	560	0.778	1	0:00:45.346632
28020	560	560	0.8	1	0:00:44.846934
28040	560	560	0.8	1	0:00:43.523421
28060	561	561	0.649	1	0:00:43.554892
28080	561	561	0.382	1	0:00:43.642119
28100	562	562	0.8	1	0:00:43.610107
28120	562	562	0.173	1	0:00:43.588461
28140	562	-1	0.0	0	0:00:43.581961
28160	563	-1	0.0	0	0:00:43.471610
28180	563	563	0.8	1	0:00:43.394268
28200	564	-1	0.0	0	0:00:43.471859
28220	564	564	0.715	1	0:00:43.397964
28240	564	564	0.8	1	0:00:43.827116
28260	565	565	0.8	1	0:00:43.664506
28280	565	565	0.8	1	0:00:43.693954
28300	566	566	0.378	1	0:00:43.646756
28320	566	420	0.068	0	0:00:43.499880
28340	566	513	0.123	0	0:00:43.686785
28360	567	567	0.551	1	0:00:43.721453
28380	567	567	0.478	1	0:00:43.684230
28400	568	399	0.176	0	0:00:43.688290
28420	568	-1	0.0	0	0:00:43.614100
28440	568	735	0.0812	0	0:00:43.915539
28460	569	569	0.615	1	0:00:43.874239
28480	569	569	0.523	1	0:00:43.676804
28500	570	-1	0.0	0	0:00:44.124195
28520	570	570	0.64	1	0:00:44.491501
28540	570	570	0.503	1	0:00:44.323021
28560	571	866	0.107	0	0:00:44.392349
28580	571	-1	0.0	0	0:00:44.473886
28600	572	784	0.0842	0	0:00:44.415197
28620	572	725	0.347	0	0:00:44.546327
28640	572	572	0.8	1	0:00:44.994551
28660	573	573	0.42	1	0:00:44.894972
28680	573	830	0.273	0	0:00:44.817607
28700	574	574	0.8	1	0:00:44.705765
28720	574	574	0.322	1	0:00:44.818303
28740	574	646	0.134	0	0:00:44.689791
28760	575	575	0.8	1	0:00:44.399039
28780	575	575	0.8	1	0:00:44.457279
28800	576	-1	0.0	0	0:00:44.235057
28820	576	576	0.778	1	0:00:44.322518
28840	576	576	0.8	1	0:00:44.279951
28860	577	577	0.0845	1	0:00:44.364748
28880	577	577	0.8	1	0:00:44.382820
28900	578	-1	0.0	0	0:00:44.309733
28920	578	363	0.0513	0	0:00:44.329144
28940	578	578	0.45	1	0:00:44.309265
28960	579	792	0.0945	0	0:00:44.341402
28980	579	881	0.355	0	0:00:44.413980
29000	580	738	0.164	0	0:00:44.509104
29020	580	580	0.638	1	0:00:44.345287
29040	580	730	0.0513	0	0:00:49.651419
29060	581	581	0.636	1	0:00:49.754571
29080	581	581	0.8	1	0:00:44.728148
29100	582	-1	0.0	0	0:00:44.816013
29120	582	582	0.0577	1	0:00:44.777877
29140	582	582	0.575	1	0:00:44.557577
29160	583	583	0.479	1	0:00:44.681096
29180	583	448	0.407	0	0:00:44.863292
29200	584	481	0.331	0	0:00:44.869688
29220	584	584	0.224	1	0:00:44.722621
29240	584	461	0.017	0	0:00:44.419357
29260	585	-1	0.0	0	0:00:44.976644
29280	585	760	0.0312	0	0:00:44.777192
29300	586	586	0.8	1	0:00:47.364677
29320	586	586	0.448	1	0:00:54.672292
29340	586	847	0.337	0	0:00:54.298071
29360	587	587	0.8	1	0:00:53.674289
29380	587	477	0.125	0	0:00:53.530456
29400	588	588	0.403	1	0:00:53.393450
29420	588	863	0.146	0	0:00:53.469347
29440	588	865	0.0115	0	0:00:53.444981
29460	589	641	0.177	0	0:00:53.354824
29480	589	-1	0.0	0	0:00:53.762505
29500	590	590	0.221	1	0:00:53.701793
29520	590	590	0.8	1	0:00:53.729270
29540	590	605	0.359	0	0:00:53.924425
29560	591	591	0.282	1	0:00:53.933334
29580	591	591	0.375	1	0:00:54.067052
29600	592	592	0.743	1	0:00:54.084858
29620	592	592	0.56	1	0:00:54.101449
29640	592	-1	0.0	0	0:00:53.800314
29660	593	593	0.401	1	0:00:53.994911
29680	593	488	0.0558	0	0:00:53.903709
29700	594	612	0.0534	0	0:00:53.944835
29720	594	594	0.8	1	0:00:54.230637
29740	594	594	0.12	1	0:00:54.124694
29760	595	595	0.15	1	0:00:54.014609
29780	595	866	0.8	0	0:00:53.965625
29800	596	730	0.0346	0	0:00:54.151975
29820	596	913	0.0577	0	0:00:54.208026
29840	596	587	0.381	0	0:00:54.155640
29860	597	597	0.121	1	0:00:53.660167
29880	597	763	0.0776	0	0:00:53.965446
29900	598	527	0.0593	0	0:00:54.093911
29920	598	598	0.278	1	0:00:53.978862
29940	598	-1	0.0	0	0:00:53.975168
29960	599	599	0.8	1	0:00:54.180770
29980	599	973	0.0966	0	0:00:54.241861
30000	600	600	0.414	1	0:00:53.995749
30020	600	589	0.104	0	0:00:54.089392
30040	600	600	0.16	1	0:00:54.200886
30060	601	887	0.000188	0	0:00:54.670542
30080	601	601	0.172	1	0:00:54.722157
30100	602	602	0.8	1	0:00:54.592056
30120	602	602	0.249	1	0:00:54.860919
30140	602	890	0.223	0	0:00:54.803850
30160	603	612	0.00759	0	0:00:54.446310
30180	603	603	0.581	1	0:00:54.866476
30200	604	604	0.236	1	0:00:54.872477
30220	604	604	0.327	1	0:00:54.931115
30240	604	604	0.735	1	0:00:54.904270
30260	605	482	0.173	0	0:00:54.839970
30280	605	605	0.778	1	0:00:54.999698
30300	606	606	0.8	1	0:00:54.820296
30320	606	606	0.662	1	0:00:54.561445
30340	606	606	0.735	1	0:00:54.731964
30360	607	607	0.8	1	0:00:54.569066
30380	607	607	0.8	1	0:00:54.610795
30400	608	523	0.345	0	0:00:54.652520
30420	608	608	0.57	1	0:00:54.942477
30440	608	515	0.358	0	0:00:54.724109
30460	609	609	0.393	1	0:00:54.894503
30480	609	609	0.735	1	0:00:54.846790
30500	610	610	0.24	1	0:00:54.733023
30520	610	610	0.778	1	0:00:54.827541
30540	610	610	0.173	1	0:00:54.713276
30560	611	-1	0.0	0	0:00:53.736502
30580	611	611	0.292	1	0:00:51.189338
30600	612	612	0.8	1	0:00:45.777537
30620	612	612	0.8	1	0:00:45.670597
30640	612	612	0.8	1	0:00:45.875846
30660	613	613	0.485	1	0:00:45.878713
30680	613	613	0.188	1	0:00:46.007180
30700	614	614	0.425	1	0:00:45.847416
30720	614	889	0.297	0	0:00:46.125121
30740	614	614	0.239	1	0:00:46.030571
30760	615	615	0.8	1	0:00:46.073191
30780	615	597	0.221	0	0:00:45.659730
30800	616	-1	0.0	0	0:00:45.715209
30820	616	491	0.63	0	0:00:45.908094
30840	616	616	0.609	1	0:00:45.981006
30860	617	617	0.00709	1	0:00:46.210086
30880	617	617	0.8	1	0:00:46.193209
30900	618	-1	0.0	0	0:00:46.300466
30920	618	113	0.0391	0	0:00:46.011767
30940	618	-1	0.0	0	0:00:45.451338
30960	619	905	0.544	0	0:00:44.006706
30980	619	607	0.389	0	0:00:44.010830
31000	620	620	0.397	1	0:00:43.892869
31020	620	508	0.0595	0	0:00:44.556022
31040	620	620	0.152	1	0:00:43.976554
31060	621	621	0.642	1	0:00:44.132719
31080	621	621	0.0262	1	0:00:43.845073
31100	622	622	0.336	1	0:00:44.043244
31120	622	567	0.276	0	0:00:44.094637
31140	622	477	0.135	0	0:00:43.708565
31160	623	707	0.119	0	0:00:44.242227
31180	623	611	0.249	0	0:00:44.335088
31200	624	406	0.133	0	0:00:44.359967
31220	624	981	0.234	0	0:00:44.881604
31240	624	624	0.577	1	0:00:44.204375
31260	625	625	0.743	1	0:00:43.955713
31280	625	625	0.8	1	0:00:44.048720
31300	626	-1	0.0	0	0:00:44.228378
31320	626	470	0.178	0	0:00:44.283716
31340	626	626	0.654	1	0:00:44.521718
31360	627	627	0.8	1	0:00:44.511523
31380	627	627	0.128	1	0:00:44.783819
31400	628	737	0.0419	0	0:00:44.372727
31420	628	628	0.269	1	0:00:44.908839
31440	628	628	0.389	1	0:00:44.889362
31460	629	629	0.623	1	0:00:44.769009
31480	629	629	0.8	1	0:00:44.871318
31500	630	703	0.495	0	0:00:45.017855
31520	630	502	0.0939	0	0:00:44.961514
31540	630	630	0.764	1	0:00:44.883795
31560	631	631	0.743	1	0:00:44.933959
31580	631	585	0.8	0	0:00:44.877831
31600	632	632	0.505	1	0:00:44.845103
31620	632	-1	0.0	0	0:00:44.819140
31640	632	632	0.0186	1	0:00:45.207286
31660	633	473	0.078	0	0:00:45.001308
31680	633	447	0.145	0	0:00:45.060840
31700	634	489	0.8	0	0:00:45.222519
31720	634	565	0.208	0	0:00:45.042837
31740	634	634	0.0262	1	0:00:45.498120
31760	635	635	0.8	1	0:00:45.606584
31780	635	635	0.248	1	0:00:45.211457
31800	636	636	0.8	1	0:00:45.487074
31820	636	414	0.129	0	0:00:45.897609
31840	636	721	0.163	0	0:00:45.541770
31860	637	637	0.8	1	0:00:45.641797
31880	637	637	0.8	1	0:00:45.649023
31900	638	445	0.252	0	0:00:45.448567
31920	638	639	0.573	0	0:00:45.636091
31940	638	639	0.8	0	0:00:45.683159
31960	639	639	0.642	1	0:00:45.637638
31980	639	416	0.00633	0	0:00:45.631457
32000	640	640	0.8	1	0:00:45.694363
32020	640	640	0.753	1	0:00:45.701406
32040	640	574	0.134	0	0:00:45.732487
32060	641	793	0.11	0	0:00:45.488514
32080	641	641	0.8	1	0:00:45.419140
32100	642	642	0.778	1	0:00:45.580683
32120	642	642	0.534	1	0:00:45.549218
32140	642	642	0.8	1	0:00:45.679459
32160	643	836	0.177	0	0:00:45.610627
32180	643	763	0.073	0	0:00:45.448626
32200	644	644	0.8	1	0:00:45.507906
32220	644	644	0.0336	1	0:00:45.583473
32240	644	644	0.512	1	0:00:45.505815
32260	645	645	0.8	1	0:00:45.515558
32280	645	645	0.8	1	0:00:45.407338
32300	646	646	0.8	1	0:00:45.275902
32320	646	646	0.8	1	0:00:45.710243
32340	646	912	0.023	0	0:00:45.595794
32360	647	473	0.0643	0	0:00:45.486989
32380	647	647	0.423	1	0:00:45.970509
32400	648	827	0.185	0	0:00:45.978876
32420	648	-1	0.0	0	0:00:45.302339
32440	648	648	0.691	1	0:00:44.911719
32460	649	649	0.8	1	0:00:44.782790
32480	649	649	0.8	1	0:00:44.774814
32500	650	546	0.251	0	0:00:44.797951
32520	650	650	0.8	1	0:00:44.901192
32540	650	558	0.354	0	0:00:44.769609
32560	651	651	0.245	1	0:00:44.947912
32580	651	851	0.275	0	0:00:44.616592
32600	652	715	0.0795	0	0:00:44.799560
32620	652	-1	0.0	0	0:00:44.842856
32640	652	652	0.8	1	0:00:45.067576
32660	653	-1	0.0	0	0:00:45.139142
32680	653	653	0.8	1	0:00:44.244130
32700	654	-1	0.0	0	0:00:43.895056
32720	654	609	0.0616	0	0:00:43.841182
32740	654	627	0.288	0	0:00:43.656620
32760	655	-1	0.0	0	0:00:44.063020
32780	655	-1	0.0	0	0:00:43.635116
32800	656	-1	0.0	0	0:00:43.283349
32820	656	-1	0.0	0	0:00:44.099958
32840	656	656	0.8	1	0:00:43.772022
32860	657	-1	0.0	0	0:00:43.995469
32880	657	657	0.266	1	0:00:44.204471
32900	658	658	0.8	1	0:00:44.219524
32920	658	496	0.271	0	0:00:44.430784
32940	658	658	0.67	1	0:00:43.960694
32960	659	659	0.8	1	0:00:44.134835
32980	659	729	0.189	0	0:00:44.313272
33000	660	660	0.373	1	0:00:44.452825
33020	660	660	0.586	1	0:00:44.550114
33040	660	660	0.295	1	0:00:44.322064
33060	661	661	0.8	1	0:00:44.347240
33080	661	661	0.8	1	0:00:44.114221
33100	662	606	0.175	0	0:00:44.192625
33120	662	662	0.368	1	0:00:44.506702
33140	662	662	0.459	1	0:00:44.804318
33160	663	698	0.279	0	0:00:44.879709
33180	663	663	0.8	1	0:00:45.095211
33200	664	851	0.367	0	0:00:44.829073
33220	664	782	0.764	0	0:00:44.685163
33240	664	851	0.0843	0	0:00:45.057677
33260	665	665	0.389	1	0:00:44.984690
33280	665	665	0.0729	1	0:00:44.585885
33300	666	659	0.522	0	0:00:44.633941
33320	666	666	0.424	1	0:00:44.104366
33340	666	-1	0.0	0	0:00:43.430086
33360	667	667	0.505	1	0:00:43.975202
33380	667	667	0.8	1	0:00:44.483896
33400	668	-1	0.0	0	0:00:44.367269
33420	668	668	0.654	1	0:00:44.378606
33440	668	-1	0.0	0	0:00:44.209353
33460	669	669	0.64	1	0:00:44.309308
33480	669	-1	0.0	0	0:00:44.274644
33500	670	670	0.8	1	0:00:44.286053
33520	670	670	0.8	1	0:00:44.316048
33540	670	670	0.494	1	0:00:44.311990
33560	671	-1	0.0	0	0:00:44.398763
33580	671	-1	0.0	0	0:00:44.360518
33600	672	980	0.0606	0	0:00:44.337063
33620	672	672	0.8	1	0:00:44.274942
33640	672	672	0.451	1	0:00:44.231946
33660	673	673	0.436	1	0:00:44.391230
33680	673	859	0.0441	0	0:00:44.310022
33700	674	-1	0.0	0	0:00:44.326120
33720	674	674	0.7	1	0:00:44.323492
33740	674	674	0.568	1	0:00:44.344628
33760	675	675	0.494	1	0:00:43.832951
33780	675	565	0.0565	0	0:00:44.157829
33800	676	-1	0.0	0	0:00:44.135068
33820	676	676	0.8	1	0:00:44.105808
33840	676	676	0.735	1	0:00:44.270848
33860	677	367	0.0585	0	0:00:44.300568
33880	677	844	0.339	0	0:00:44.266228
33900	678	678	0.778	1	0:00:44.454984
33920	678	496	0.242	0	0:00:44.587881
33940	678	678	0.0121	1	0:00:45.411418
33960	679	679	0.46	1	0:00:45.216038
33980	679	679	0.0424	1	0:00:45.937884
34000	680	-1	0.0	0	0:00:42.960834
34020	680	680	0.385	1	0:00:39.431691
34040	680	680	0.125	1	0:00:45.284155
34060	681	782	0.178	0	0:00:45.042263
34080	681	482	0.0027	0	0:00:45.414002
34100	682	682	0.439	1	0:00:45.491351
34120	682	698	0.0384	0	0:00:45.242929
34140	682	682	0.8	1	0:00:44.571594
34160	683	-1	0.0	0	0:00:44.799046
34180	683	-1	0.0	0	0:00:44.658957
34200	684	684	0.16	1	0:00:44.453136
34220	684	684	0.155	1	0:00:44.667084
34240	684	684	0.8	1	0:00:44.802220
34260	685	685	0.8	1	0:00:44.222862
34280	685	685	0.8	1	0:00:44.599887
34300	686	-1	0.0	0	0:00:44.386281
34320	686	-1	0.0	0	0:00:44.225166
34340	686	-1	0.0	0	0:00:44.647314
34360	687	687	0.516	1	0:00:44.650540
34380	687	687	0.468	1	0:00:44.711366
34400	688	688	0.8	1	0:00:44.565903
34420	688	590	0.189	0	0:00:44.456779
34440	688	688	0.8	1	0:00:43.935674
34460	689	689	0.0608	1	0:00:44.168973
34480	689	-1	0.0	0	0:00:44.148212
34500	690	690	0.244	1	0:00:44.191044
34520	690	611	0.0131	0	0:00:44.222789
34540	690	866	0.186	0	0:00:44.046019
34560	691	691	0.462	1	0:00:44.200345
34580	691	691	0.303	1	0:00:44.559615
34600	692	692	0.268	1	0:00:44.043226
34620	692	865	0.377	0	0:00:44.145225
34640	692	692	0.335	1	0:00:44.080148
34660	693	693	0.659	1	0:00:43.923217
34680	693	693	0.429	1	0:00:44.065227
34700	694	694	0.8	1	0:00:44.187483
34720	694	694	0.8	1	0:00:43.858522
34740	694	694	0.764	1	0:00:44.008725
34760	695	-1	0.0	0	0:00:44.287098
34780	695	-1	0.0	0	0:00:44.325680
34800	696	-1	0.0	0	0:00:43.955667
34820	696	-1	0.0	0	0:00:44.150592
34840	696	481	0.0636	0	0:00:44.728367
34860	697	697	0.616	1	0:00:44.863686
34880	697	697	0.0542	1	0:00:44.810698
34900	698	698	0.408	1	0:00:45.037571
34920	698	483	0.178	0	0:00:44.946883
34940	698	698	0.8	1	0:00:44.886441
34960	699	-1	0.0	0	0:00:44.872686
34980	699	-1	0.0	0	0:00:45.029471
35000	700	700	0.599	1	0:00:45.123251
35020	700	-1	0.0	0	0:00:44.986282
35040	700	700	0.67	1	0:00:44.839205
35060	701	406	0.0419	0	0:00:45.044879
35080	701	701	0.743	1	0:00:45.263732
35100	702	-1	0.0	0	0:00:45.542762
35120	702	702	0.507	1	0:00:45.740393
35140	702	743	0.374	0	0:00:45.365596
35160	703	-1	0.0	0	0:00:45.319234
35180	703	4	0.383	0	0:00:45.534469
35200	704	704	0.406	1	0:00:45.428702
35220	704	704	0.634	1	0:00:45.530058
35240	704	-1	0.0	0	0:00:45.851736
35260	705	565	0.068	0	0:00:45.549829
35280	705	874	0.8	0	0:00:45.553599
35300	706	-1	0.0	0	0:00:45.436126
35320	706	762	0.778	0	0:00:45.378787
35340	706	532	0.393	0	0:00:45.536153
35360	707	707	0.71	1	0:00:45.461746
35380	707	707	0.8	1	0:00:45.394442
35400	708	682	0.715	0	0:00:45.384274
35420	708	708	0.338	1	0:00:45.509900
35440	708	708	0.728	1	0:00:45.722340
35460	709	709	0.274	1	0:00:45.806984
35480	709	419	0.134	0	0:00:45.324234
35500	710	710	0.0638	1	0:00:45.674405
35520	710	710	0.104	1	0:00:45.649127
35540	710	-1	0.0	0	0:00:45.323990
35560	711	838	0.296	0	0:00:45.464067
35580	711	916	0.0436	0	0:00:45.419728
35600	712	-1	0.0	0	0:00:45.279471
35620	712	-1	0.0	0	0:00:45.590389
35640	712	712	0.8	1	0:00:45.486736
35660	713	713	0.8	1	0:00:45.516226
35680	713	713	0.8	1	0:00:45.534408
35700	714	714	0.8	1	0:00:45.320076
35720	714	-1	0.0	0	0:00:45.846396
35740	714	714	0.644	1	0:00:45.630874
35760	715	715	0.8	1	0:00:45.370042
35780	715	715	0.532	1	0:00:45.580438
35800	716	716	0.389	1	0:00:45.421893
35820	716	716	0.8	1	0:00:45.354206
35840	716	716	0.8	1	0:00:45.265177
35860	717	717	0.494	1	0:00:44.523344
35880	717	581	0.304	0	0:00:44.543548
35900	718	449	0.0084	0	0:00:44.453943
35920	718	-1	0.0	0	0:00:44.656886
35940	718	833	0.0529	0	0:00:44.569408
35960	719	-1	0.0	0	0:00:44.388949
35980	719	-1	0.0	0	0:00:44.815301
36000	720	951	0.0134	0	0:00:44.667962
36020	720	-1	0.0	0	0:00:44.460100
36040	720	720	0.0111	1	0:00:44.787183
36060	721	893	0.0918	0	0:00:44.839676
36080	721	721	0.262	1	0:00:44.768297
36100	722	722	0.8	1	0:00:44.696754
36120	722	722	0.8	1	0:00:44.641443
36140	722	722	0.8	1	0:00:44.678065
36160	723	723	0.8	1	0:00:45.066798
36180	723	723	0.23	1	0:00:44.773073
36200	724	780	0.8	0	0:00:44.080397
36220	724	-1	0.0	0	0:00:43.840512
36240	724	-1	0.0	0	0:00:43.852494
36260	725	849	0.8	0	0:00:43.741751
36280	725	597	0.247	0	0:00:43.953560
36300	726	726	0.8	1	0:00:43.654186
36320	726	726	0.8	1	0:00:43.740337
36340	726	-1	0.0	0	0:00:43.921043
36360	727	727	0.8	1	0:00:44.068769
36380	727	727	0.764	1	0:00:43.769312
36400	728	728	0.8	1	0:00:44.257648
36420	728	-1	0.0	0	0:00:43.966627
36440	728	728	0.445	1	0:00:43.877488
36460	729	548	0.433	0	0:00:44.021828
36480	729	659	0.0143	0	0:00:43.823545
36500	730	856	0.157	0	0:00:43.869964
36520	730	730	0.387	1	0:00:43.939474
36540	730	730	0.8	1	0:00:44.081535
36560	731	-1	0.0	0	0:00:43.898784
36580	731	577	0.556	0	0:00:44.350663
36600	732	732	0.715	1	0:00:44.430658
36620	732	732	0.327	1	0:00:44.507440
36640	732	732	0.8	1	0:00:44.498272
36660	733	-1	0.0	0	0:00:44.634624
36680	733	887	0.404	0	0:00:44.745332
36700	734	734	0.8	1	0:00:44.496598
36720	734	734	0.778	1	0:00:44.706416
36740	734	-1	0.0	0	0:00:44.610729
36760	735	735	0.8	1	0:00:44.457522
36780	735	501	0.206	0	0:00:44.406714
36800	736	736	0.8	1	0:00:44.240385
36820	736	514	0.379	0	0:00:44.252824
36840	736	736	0.136	1	0:00:44.488832
36860	737	737	0.594	1	0:00:44.506227
36880	737	760	0.226	0	0:00:44.636074
36900	738	738	0.289	1	0:00:44.409344
36920	738	738	0.8	1	0:00:44.569237
36940	738	738	0.7	1	0:00:44.502222
36960	739	-1	0.0	0	0:00:44.426843
36980	739	739	0.647	1	0:00:44.983768
37000	740	-1	0.0	0	0:00:45.107950
37020	740	-1	0.0	0	0:00:45.093087
37040	740	740	0.654	1	0:00:45.217191
37060	741	741	0.0488	1	0:00:45.148926
37080	741	-1	0.0	0	0:00:45.010500
37100	742	-1	0.0	0	0:00:45.056408
37120	742	742	0.8	1	0:00:45.100425
37140	742	742	0.0367	1	0:00:44.996329
37160	743	753	0.286	0	0:00:45.213682
37180	743	884	0.058	0	0:00:45.278311
37200	744	657	0.8	0	0:00:45.138737
37220	744	657	0.132	0	0:00:45.197896
37240	744	657	0.8	0	0:00:45.150834
37260	745	745	0.395	1	0:00:44.986499
37280	745	745	0.571	1	0:00:44.907969
37300	746	746	0.8	1	0:00:44.964401
37320	746	746	0.447	1	0:00:45.175807
37340	746	746	0.8	1	0:00:45.055466
37360	747	747	0.313	1	0:00:44.895473
37380	747	747	0.565	1	0:00:45.129370
37400	748	748	0.0653	1	0:00:45.096173
37420	748	-1	0.0	0	0:00:45.285611
37440	748	748	0.8	1	0:00:45.244066
37460	749	-1	0.0	0	0:00:45.243917
37480	749	633	0.0829	0	0:00:44.203706
37500	750	-1	0.0	0	0:00:43.954416
37520	750	750	0.8	1	0:00:44.026877
37540	750	885	0.0787	0	0:00:43.865629
37560	751	751	0.8	1	0:00:43.651217
37580	751	751	0.8	1	0:00:44.178146
37600	752	-1	0.0	0	0:00:44.147955
37620	752	752	0.715	1	0:00:44.018241
37640	752	-1	0.0	0	0:00:43.867629
37660	753	586	0.131	0	0:00:44.025970
37680	753	126	0.0638	0	0:00:44.351639
37700	754	632	0.27	0	0:00:44.420589
37720	754	688	0.0341	0	0:00:44.364983
37740	754	710	0.129	0	0:00:44.320292
37760	755	755	0.8	1	0:00:44.125142
37780	755	755	0.8	1	0:00:44.222715
37800	756	756	0.151	1	0:00:44.403044
37820	756	463	0.123	0	0:00:44.462192
37840	756	756	0.161	1	0:00:44.475214
37860	757	-1	0.0	0	0:00:44.420148
37880	757	859	0.0528	0	0:00:44.488947
37900	758	-1	0.0	0	0:00:44.660395
37920	758	464	0.0027	0	0:00:45.009172
37940	758	758	0.0677	1	0:00:44.193683
37960	759	759	0.753	1	0:00:43.532899
37980	759	-1	0.0	0	0:00:43.957007
38000	760	-1	0.0	0	0:00:43.619579
38020	760	760	0.306	1	0:00:43.537513
38040	760	550	0.263	0	0:00:43.597397
38060	761	761	0.26	1	0:00:43.719940
38080	761	761	0.144	1	0:00:43.896436
38100	762	762	0.421	1	0:00:43.838780
38120	762	762	0.659	1	0:00:43.787589
38140	762	907	0.551	0	0:00:43.904188
38160	763	-1	0.0	0	0:00:43.784981
38180	763	763	0.8	1	0:00:43.828038
38200	764	-1	0.0	0	0:00:44.054406
38220	764	764	0.743	1	0:00:44.928264
38240	764	764	0.0188	1	0:00:44.704901
38260	765	765	0.8	1	0:00:44.632505
38280	765	765	0.8	1	0:00:44.453125
38300	766	766	0.8	1	0:00:44.460073
38320	766	830	0.0814	0	0:00:44.613179
38340	766	766	0.361	1	0:00:44.601203
38360	767	584	0.142	0	0:00:44.897546
38380	767	-1	0.0	0	0:00:44.748037
38400	768	752	0.366	0	0:00:44.764884
38420	768	768	0.148	1	0:00:44.797798
38440	768	768	0.753	1	0:00:44.728010
38460	769	769	0.244	1	0:00:44.870141
38480	769	769	0.691	1	0:00:44.734965
38500	770	-1	0.0	0	0:00:44.850873
38520	770	916	0.728	0	0:00:44.697494
38540	770	774	0.00859	0	0:00:44.542408
38560	771	771	0.137	1	0:00:44.892630
38580	771	771	0.8	1	0:00:44.734064
38600	772	772	0.662	1	0:00:44.780739
38620	772	865	0.0366	0	0:00:44.923258
38640	772	556	0.0497	0	0:00:44.744627
38660	773	684	0.195	0	0:00:44.804321
38680	773	773	0.8	1	0:00:45.106852
38700	774	-1	0.0	0	0:00:44.860101
38720	774	774	0.728	1	0:00:45.108676
38740	774	-1	0.0	0	0:00:45.101182
38760	775	-1	0.0	0	0:00:45.050681
38780	775	-1	0.0	0	0:00:44.944426
38800	776	875	0.54	0	0:00:44.901636
38820	776	776	0.8	1	0:00:44.713312
38840	776	916	0.478	0	0:00:45.268227
38860	777	777	0.8	1	0:00:45.213511
38880	777	777	0.338	1	0:00:45.064296
38900	778	707	0.131	0	0:00:44.951190
38920	778	778	0.71	1	0:00:44.999726
38940	778	778	0.357	1	0:00:45.029313
38960	779	779	0.151	1	0:00:45.100621
38980	779	779	0.8	1	0:00:44.905745
39000	780	484	0.236	0	0:00:45.132523
39020	780	780	0.8	1	0:00:45.088196
39040	780	780	0.167	1	0:00:45.191109
39060	781	781	0.764	1	0:00:45.242038
39080	781	458	0.119	0	0:00:45.037445
39100	782	598	0.705	0	0:00:45.130829
39120	782	-1	0.0	0	0:00:39.924858
39140	782	782	0.118	1	0:00:35.172080
39160	783	429	0.649	0	0:00:35.082661
39180	783	558	0.00753	0	0:00:35.168638
39200	784	-1	0.0	0	0:00:35.242301
39220	784	784	0.8	1	0:00:35.161355
39240	784	784	0.236	1	0:00:35.270485
39260	785	569	0.264	0	0:00:35.339127
39280	785	617	0.43	0	0:00:35.126070
39300	786	-1	0.0	0	0:00:35.036950
39320	786	-1	0.0	0	0:00:35.071738
39340	786	-1	0.0	0	0:00:35.414545
39360	787	787	0.4	1	0:00:35.408824
39380	787	866	0.0968	0	0:00:35.181074
39400	788	-1	0.0	0	0:00:35.391394
39420	788	788	0.8	1	0:00:35.186250
39440	788	788	0.477	1	0:00:41.328512
39460	789	789	0.764	1	0:00:42.616338
39480	789	789	0.8	1	0:00:45.388653
39500	790	791	0.8	0	0:00:45.235016
39520	790	-1	0.0	0	0:00:44.333871
39540	790	790	0.8	1	0:00:44.157940
39560	791	-1	0.0	0	0:00:44.689219
39580	791	791	0.778	1	0:00:44.601237
39600	792	792	0.444	1	0:00:44.812118
39620	792	792	0.625	1	0:00:44.748170
39640	792	792	0.461	1	0:00:44.864243
39660	793	793	0.455	1	0:00:44.869235
39680	793	-1	0.0	0	0:00:44.702085
39700	794	887	0.229	0	0:00:44.060462
39720	794	-1	0.0	0	0:00:44.465638
39740	794	-1	0.0	0	0:00:44.414439
39760	795	970	0.075	0	0:00:44.274236
39780	795	795	0.313	1	0:00:44.002893
39800	796	796	0.8	1	0:00:44.065534
39820	796	-1	0.0	0	0:00:44.345394
39840	796	796	0.735	1	0:00:44.216512
39860	797	-1	0.0	0	0:00:44.262208
39880	797	797	0.236	1	0:00:44.185653
39900	798	798	0.8	1	0:00:44.314939
39920	798	682	0.224	0	0:00:44.276532
39940	798	458	0.0569	0	0:00:44.463708
39960	799	799	0.213	1	0:00:44.310371
39980	799	904	0.00445	0	0:00:44.106277
40000	800	800	0.8	1	0:00:44.015008
40020	800	800	0.259	1	0:00:44.029380
40040	800	800	0.8	1	0:00:43.971126
40060	801	-1	0.0	0	0:00:43.789907
40080	801	801	0.8	1	0:00:43.905226
40100	802	802	0.362	1	0:00:44.128271
40120	802	802	0.715	1	0:00:44.085259
40140	802	802	0.696	1	0:00:43.911601
40160	803	803	0.461	1	0:00:44.039695
40180	803	803	0.51	1	0:00:43.915107
40200	804	804	0.079	1	0:00:44.079019
40220	804	804	0.318	1	0:00:44.059729
40240	804	804	0.093	1	0:00:44.110576
40260	805	805	0.329	1	0:00:43.948860
40280	805	-1	0.0	0	0:00:43.828760
40300	806	806	0.8	1	0:00:44.564017
40320	806	806	0.8	1	0:00:44.557151
40340	806	-1	0.0	0	0:00:44.627661
40360	807	-1	0.0	0	0:00:45.105255
40380	807	-1	0.0	0	0:00:44.869970
40400	808	808	0.71	1	0:00:44.846508
40420	808	392	0.115	0	0:00:45.144437
40440	808	-1	0.0	0	0:00:44.649141
40460	809	927	0.301	0	0:00:44.667227
40480	809	926	0.753	0	0:00:44.903305
40500	810	878	0.8	0	0:00:44.805538
40520	810	878	0.8	0	0:00:44.841380
40540	810	878	0.534	0	0:00:44.911741
40560	811	827	0.238	0	0:00:44.770691
40580	811	771	0.172	0	0:00:44.849730
40600	812	812	0.8	1	0:00:44.861751
40620	812	812	0.8	1	0:00:44.758983
40640	812	812	0.636	1	0:00:45.046557
40660	813	929	0.437	0	0:00:45.519303
40680	813	-1	0.0	0	0:00:45.539343
40700	814	814	0.265	1	0:00:45.418692
40720	814	814	0.691	1	0:00:45.574926
40740	814	814	0.228	1	0:00:45.676380
40760	815	815	0.8	1	0:00:45.609604
40780	815	379	0.264	0	0:00:45.324509
40800	816	816	0.8	1	0:00:45.147021
40820	816	677	0.413	0	0:00:45.180846
40840	816	-1	0.0	0	0:00:45.454717
40860	817	-1	0.0	0	0:00:45.449446
40880	817	817	0.8	1	0:00:45.470025
40900	818	745	0.306	0	0:00:45.470684
40920	818	980	0.186	0	0:00:45.646303
40940	818	909	0.381	0	0:00:45.526360
40960	819	819	0.131	1	0:00:45.330560
40980	819	-1	0.0	0	0:00:45.622440
41000	820	820	0.477	1	0:00:45.383423
41020	820	820	0.221	1	0:00:45.519851
41040	820	-1	0.0	0	0:00:45.337571
41060	821	821	0.8	1	0:00:45.465966
41080	821	821	0.474	1	0:00:45.412818
41100	822	822	0.8	1	0:00:45.450001
41120	822	822	0.8	1	0:00:45.432210
41140	822	822	0.651	1	0:00:45.440799
41160	823	-1	0.0	0	0:00:45.595697
41180	823	604	0.0831	0	0:00:45.517642
41200	824	824	0.249	1	0:00:45.477577
41220	824	514	0.032	0	0:00:45.513316
41240	824	-1	0.0	0	0:00:44.886514
41260	825	825	0.0776	1	0:00:44.182265
41280	825	825	0.764	1	0:00:43.804914
41300	826	826	0.309	1	0:00:43.703190
41320	826	605	0.8	0	0:00:43.929694
41340	826	-1	0.0	0	0:00:44.273901
41360	827	827	0.664	1	0:00:44.311648
41380	827	909	0.0636	0	0:00:44.327377
41400	828	818	0.297	0	0:00:44.259414
41420	828	828	0.314	1	0:00:44.219509
41440	828	556	0.728	0	0:00:44.629075
41460	829	829	0.8	1	0:00:44.433512
41480	829	778	0.449	0	0:00:44.442409
41500	830	-1	0.0	0	0:00:44.732470
41520	830	-1	0.0	0	0:00:44.574915
41540	830	-1	0.0	0	0:00:44.773942
41560	831	831	0.8	1	0:00:44.770683
41580	831	831	0.404	1	0:00:44.675634
41600	832	832	0.212	1	0:00:44.750783
41620	832	832	0.735	1	0:00:44.649346
41640	832	832	0.277	1	0:00:44.445147
41660	833	833	0.354	1	0:00:44.975575
41680	833	833	0.8	1	0:00:44.667391
41700	834	731	0.0355	0	0:00:44.838059
41720	834	834	0.628	1	0:00:44.679351
41740	834	834	0.401	1	0:00:44.811853
41760	835	805	0.187	0	0:00:43.739121
41780	835	926	0.0699	0	0:00:43.685466
41800	836	791	0.271	0	0:00:43.699868
41820	836	-1	0.0	0	0:00:43.719727
41840	836	639	0.0593	0	0:00:43.713162
41860	837	-1	0.0	0	0:00:43.779264
41880	837	836	0.53	0	0:00:43.785814
41900	838	-1	0.0	0	0:00:44.078855
41920	838	112	0.13	0	0:00:43.874321
41940	838	838	0.0571	1	0:00:43.741836
41960	839	833	0.638	0	0:00:44.030832
41980	839	-1	0.0	0	0:00:44.583504
42000	840	-1	0.0	0	0:00:44.217108
42020	840	462	0.00389	0	0:00:44.429956
42040	840	840	0.524	1	0:00:44.696162
42060	841	601	0.0154	0	0:00:44.340167
42080	841	841	0.0365	1	0:00:44.384667
42100	842	-1	0.0	0	0:00:44.450941
42120	842	842	0.8	1	0:00:44.194727
42140	842	-1	0.0	0	0:00:44.407611
42160	843	-1	0.0	0	0:00:44.408922
42180	843	-1	0.0	0	0:00:44.387256
42200	844	844	0.778	1	0:00:44.317714
42220	844	844	0.395	1	0:00:44.310050
42240	844	844	0.236	1	0:00:44.558190
42260	845	845	0.452	1	0:00:44.306786
42280	845	845	0.106	1	0:00:44.276110
42300	846	583	0.487	0	0:00:44.229471
42320	846	619	0.116	0	0:00:43.899451
42340	846	789	0.0457	0	0:00:44.286947
42360	847	-1	0.0	0	0:00:44.397567
42380	847	408	0.0764	0	0:00:44.368183
42400	848	-1	0.0	0	0:00:44.221598
42420	848	-1	0.0	0	0:00:44.487734
42440	848	848	0.412	1	0:00:44.269156
42460	849	469	0.293	0	0:00:44.300312
42480	849	849	0.8	1	0:00:44.496138
42500	850	850	0.475	1	0:00:44.298788
42520	850	865	0.597	0	0:00:44.367471
42540	850	850	0.8	1	0:00:44.319966
42560	851	-1	0.0	0	0:00:44.881696
42580	851	664	0.156	0	0:00:45.166829
42600	852	852	0.8	1	0:00:45.086689
42620	852	418	0.0478	0	0:00:44.976276
42640	852	852	0.434	1	0:00:45.032991
42660	853	853	0.262	1	0:00:45.073563
42680	853	853	0.8	1	0:00:45.256232
42700	854	-1	0.0	0	0:00:44.881380
42720	854	857	0.8	0	0:00:45.109124
42740	854	556	0.412	0	0:00:45.079396
42760	855	708	0.659	0	0:00:45.024690
42780	855	855	0.8	1	0:00:44.936619
42800	856	-1	0.0	0	0:00:44.905943
42820	856	856	0.8	1	0:00:44.846561
42840	856	-1	0.0	0	0:00:44.744280
42860	857	857	0.647	1	0:00:45.320268
42880	857	857	0.764	1	0:00:45.126975
42900	858	-1	0.0	0	0:00:43.353060
42920	858	497	0.125	0	0:00:43.288906
42940	858	698	0.314	0	0:00:43.523539
42960	859	859	0.778	1	0:00:43.292365
42980	859	859	0.23	1	0:00:43.330513
43000	860	-1	0.0	0	0:00:43.351334
43020	860	800	0.179	0	0:00:43.342788
43040	860	762	0.141	0	0:00:43.452422
43060	861	861	0.7	1	0:00:43.423659
43080	861	861	0.192	1	0:00:43.163064
43100	862	862	0.273	1	0:00:43.336023
43120	862	862	0.651	1	0:00:43.724353
43140	862	862	0.8	1	0:00:43.419614
43160	863	863	0.8	1	0:00:43.290334
43180	863	863	0.8	1	0:00:43.534093
43200	864	-1	0.0	0	0:00:43.492908
43220	864	609	0.409	0	0:00:43.513514
43240	864	-1	0.0	0	0:00:43.280631
43260	865	865	0.441	1	0:00:43.610225
43280	865	865	0.621	1	0:00:43.593692
43300	866	-1	0.0	0	0:00:43.201796
43320	866	866	0.8	1	0:00:43.413454
43340	866	-1	0.0	0	0:00:43.242421
43360	867	867	0.8	1	0:00:43.307359
43380	867	675	0.438	0	0:00:44.192437
43400	868	-1	0.0	0	0:00:44.159014
43420	868	923	0.0426	0	0:00:44.156994
43440	868	723	0.261	0	0:00:44.091901
43460	869	869	0.276	1	0:00:44.112614
43480	869	869	0.273	1	0:00:44.282761
43500	870	870	0.165	1	0:00:44.376453
43520	870	870	0.336	1	0:00:44.705183
43540	870	870	0.4	1	0:00:43.328491
43560	871	871	0.778	1	0:00:43.233365
43580	871	484	0.0183	0	0:00:43.345045
43600	872	840	0.164	0	0:00:43.216481
43620	872	872	0.8	1	0:00:43.277155
43640	872	-1	0.0	0	0:00:43.300570
43660	873	873	0.8	1	0:00:43.255073
43680	873	873	0.8	1	0:00:43.141794
43700	874	874	0.148	1	0:00:43.232842
43720	874	874	0.268	1	0:00:43.288881
43740	874	874	0.8	1	0:00:43.481147
43760	875	875	0.8	1	0:00:43.470584
43780	875	875	0.407	1	0:00:43.660441
43800	876	-1	0.0	0	0:00:43.388481
43820	876	-1	0.0	0	0:00:43.161993
43840	876	-1	0.0	0	0:00:43.421528
43860	877	877	0.8	1	0:00:43.037749
43880	877	877	0.192	1	0:00:43.476167
43900	878	878	0.8	1	0:00:43.482910
43920	878	878	0.8	1	0:00:43.891645
43940	878	-1	0.0	0	0:00:44.367099
43960	879	-1	0.0	0	0:00:44.634668
43980	879	879	0.145	1	0:00:44.432792
44000	880	880	0.224	1	0:00:44.387614
44020	880	880	0.8	1	0:00:43.680841
44040	880	880	0.41	1	0:00:43.501150
44060	881	753	0.103	0	0:00:43.608089
44080	881	881	0.105	1	0:00:43.652654
44100	882	882	0.0606	1	0:00:43.395235
44120	882	-1	0.0	0	0:00:43.376687
44140	882	162	0.0371	0	0:00:43.479998
44160	883	532	0.638	0	0:00:43.554204
44180	883	716	0.163	0	0:00:43.489661
44200	884	884	0.753	1	0:00:43.637787
44220	884	884	0.0689	1	0:00:43.598747
44240	884	884	0.304	1	0:00:43.792711
44260	885	584	0.67	0	0:00:43.801061
44280	885	643	0.0122	0	0:00:44.282934
44300	886	886	0.573	1	0:00:44.314200
44320	886	886	0.8	1	0:00:44.180047
44340	886	886	0.606	1	0:00:44.190187
44360	887	667	0.0123	0	0:00:44.050610
44380	887	887	0.778	1	0:00:44.418090
44400	888	718	0.435	0	0:00:44.304527
44420	888	888	0.402	1	0:00:44.344733
44440	888	839	0.107	0	0:00:44.266066
44460	889	889	0.525	1	0:00:44.480105
44480	889	889	0.293	1	0:00:44.204738
44500	890	645	0.0789	0	0:00:44.529953
44520	890	890	0.8	1	0:00:44.343385
44540	890	890	0.537	1	0:00:44.492330
44560	891	499	0.0587	0	0:00:44.363066
44580	891	-1	0.0	0	0:00:44.464191
44600	892	442	0.512	0	0:00:44.305911
44620	892	892	0.348	1	0:00:44.510566
44640	892	892	0.705	1	0:00:44.559775
44660	893	-1	0.0	0	0:00:44.446606
44680	893	893	0.8	1	0:00:44.419585
44700	894	894	0.199	1	0:00:44.394824
44720	894	760	0.399	0	0:00:44.552970
44740	894	564	0.0802	0	0:00:44.223179
44760	895	895	0.8	1	0:00:44.383409
44780	895	895	0.352	1	0:00:44.719080
44800	896	896	0.147	1	0:00:45.122497
44820	896	896	0.8	1	0:00:44.803951
44840	896	-1	0.0	0	0:00:44.983290
44860	897	760	0.0542	0	0:00:45.169582
44880	897	897	0.654	1	0:00:45.060196
44900	898	458	0.189	0	0:00:45.246501
44920	898	737	0.384	0	0:00:44.987020
44940	898	503	0.357	0	0:00:45.455621
44960	899	830	0.0488	0	0:00:44.993149
44980	899	849	0.0632	0	0:00:45.092530
45000	900	900	0.8	1	0:00:45.096348
45020	900	900	0.705	1	0:00:45.120628
45040	900	900	0.8	1	0:00:44.950104
45060	901	653	0.8	0	0:00:45.180558
45080	901	728	0.0814	0	0:00:45.233583
45100	902	902	0.8	1	0:00:44.922764
45120	902	902	0.778	1	0:00:45.165688
45140	902	902	0.8	1	0:00:45.091478
45160	903	903	0.252	1	0:00:45.531560
45180	903	903	0.267	1	0:00:44.618942
45200	904	-1	0.0	0	0:00:35.084455
45220	904	904	0.8	1	0:00:34.986475
45240	904	828	0.284	0	0:00:40.071799
45260	905	-1	0.0	0	0:00:45.627505
45280	905	-1	0.0	0	0:00:45.809978
45300	906	906	0.8	1	0:00:45.820723
45320	906	-1	0.0	0	0:00:45.579716
45340	906	834	0.8	0	0:00:44.890851
45360	907	907	0.571	1	0:00:44.802274
45380	907	907	0.521	1	0:00:44.942651
45400	908	895	0.696	0	0:00:44.909923
45420	908	908	0.735	1	0:00:45.122845
45440	908	404	0.778	0	0:00:44.850610
45460	909	909	0.306	1	0:00:44.934666
45480	909	-1	0.0	0	0:00:45.113710
45500	910	641	0.255	0	0:00:44.921848
45520	910	930	0.0695	0	0:00:44.931729
45540	910	910	0.8	1	0:00:44.984303
45560	911	-1	0.0	0	0:00:45.130213
45580	911	911	0.361	1	0:00:44.946197
45600	912	-1	0.0	0	0:00:44.923186
45620	912	912	0.8	1	0:00:44.874758
45640	912	912	0.0276	1	0:00:44.989189
45660	913	913	0.651	1	0:00:45.145751
45680	913	913	0.638	1	0:00:45.094015
45700	914	914	0.8	1	0:00:45.101803
45720	914	914	0.172	1	0:00:43.944332
45740	914	914	0.0599	1	0:00:43.761108
45760	915	915	0.8	1	0:00:43.904810
45780	915	915	0.41	1	0:00:43.738566
45800	916	916	0.63	1	0:00:43.685392
45820	916	916	0.243	1	0:00:43.289378
45840	916	916	0.68	1	0:00:43.800574
45860	917	917	0.8	1	0:00:43.666730
45880	917	921	0.287	0	0:00:43.626654
45900	918	918	0.8	1	0:00:43.900699
45920	918	500	0.0667	0	0:00:44.054272
45940	918	918	0.8	1	0:00:44.099962
45960	919	788	0.0895	0	0:00:44.297040
45980	919	919	0.8	1	0:00:44.121350
46000	920	607	0.0525	0	0:00:44.134866
46020	920	920	0.68	1	0:00:44.237435
46040	920	920	0.778	1	0:00:44.237994
46060	921	921	0.0117	1	0:00:44.235660
46080	921	424	0.583	0	0:00:44.304811
46100	922	922	0.27	1	0:00:44.265655
46120	922	-1	0.0	0	0:00:43.979118
46140	922	999	0.0992	0	0:00:44.312862
46160	923	923	0.199	1	0:00:44.722497
46180	923	926	0.7	0	0:00:44.262123
46200	924	-1	0.0	0	0:00:44.643662
46220	924	937	0.103	0	0:00:44.353286
46240	924	924	0.753	1	0:00:44.606594
46260	925	925	0.8	1	0:00:44.800627
46280	925	925	0.753	1	0:00:44.733126
46300	926	926	0.8	1	0:00:44.679510
46320	926	-1	0.0	0	0:00:44.265681
46340	926	926	0.422	1	0:00:44.530399
46360	927	927	0.8	1	0:00:44.520651
46380	927	927	0.664	1	0:00:44.451311
46400	928	-1	0.0	0	0:00:44.642673
46420	928	-1	0.0	0	0:00:44.734860
46440	928	928	0.656	1	0:00:44.824850
46460	929	646	0.0737	0	0:00:45.553696
46480	929	929	0.0598	1	0:00:45.640963
46500	930	930	0.0531	1	0:00:45.417078
46520	930	930	0.467	1	0:00:45.416699
46540	930	930	0.444	1	0:00:45.536294
46560	931	931	0.117	1	0:00:45.569251
46580	931	931	0.225	1	0:00:45.464936
46600	932	-1	0.0	0	0:00:45.481817
46620	932	932	0.0366	1	0:00:45.352739
46640	932	932	0.8	1	0:00:45.543247
46660	933	933	0.778	1	0:00:45.688748
46680	933	-1	0.0	0	0:00:45.454080
46700	934	-1	0.0	0	0:00:45.579330
46720	934	934	0.153	1	0:00:45.592942
46740	934	934	0.8	1	0:00:45.498199
46760	935	-1	0.0	0	0:00:45.510066
46780	935	965	0.0506	0	0:00:45.425176
46800	936	936	0.272	1	0:00:45.233778
46820	936	936	0.8	1	0:00:45.331638
46840	936	936	0.8	1	0:00:45.382905
46860	937	937	0.764	1	0:00:45.138366
46880	937	937	0.8	1	0:00:45.142315
46900	938	937	0.0419	0	0:00:45.577471
46920	938	938	0.753	1	0:00:45.329330
46940	938	924	0.515	0	0:00:45.455868
46960	939	939	0.303	1	0:00:45.449359
46980	939	939	0.8	1	0:00:45.450445
47000	940	-1	0.0	0	0:00:45.635259
47020	940	940	0.743	1	0:00:45.567194
47040	940	-1	0.0	0	0:00:45.559186
47060	941	-1	0.0	0	0:00:45.461777
47080	941	941	0.8	1	0:00:45.525992
47100	942	942	0.8	1	0:00:45.443267
47120	942	-1	0.0	0	0:00:45.446437
47140	942	942	0.8	1	0:00:45.475231
47160	943	943	0.24	1	0:00:45.577462
47180	943	949	0.307	0	0:00:45.486965
47200	944	946	0.715	0	0:00:45.421867
47220	944	944	0.8	1	0:00:45.444760
47240	944	944	0.8	1	0:00:45.923863
47260	945	945	0.8	1	0:00:45.329328
47280	945	945	0.224	1	0:00:44.797026
47300	946	946	0.8	1	0:00:44.674963
47320	946	946	0.572	1	0:00:44.722523
47340	946	946	0.8	1	0:00:44.692520
47360	947	947	0.547	1	0:00:43.879977
47380	947	947	0.349	1	0:00:42.570971
47400	948	948	0.8	1	0:00:42.907113
47420	948	948	0.11	1	0:00:42.640839
47440	948	948	0.8	1	0:00:42.981035
47460	949	949	0.0804	1	0:00:42.869293
47480	949	949	0.8	1	0:00:42.914033
47500	950	950	0.495	1	0:00:42.760868
47520	950	951	0.537	0	0:00:42.895563
47540	950	-1	0.0	0	0:00:42.777342
47560	951	950	0.8	0	0:00:42.779373
47580	951	951	0.435	1	0:00:42.858044
47600	952	90	0.8	0	0:00:42.741540
47620	952	952	0.8	1	0:00:42.779942
47640	952	948	0.422	0	0:00:42.648483
47660	953	953	0.186	1	0:00:42.856288
47680	953	-1	0.0	0	0:00:42.653243
47700	954	953	0.447	0	0:00:42.417090
47720	954	950	0.265	0	0:00:42.672576
47740	954	954	0.117	1	0:00:42.719500
47760	955	955	0.601	1	0:00:43.004160
47780	955	955	0.8	1	0:00:42.869373
47800	956	956	0.309	1	0:00:42.840367
47820	956	956	0.778	1	0:00:42.474408
47840	956	-1	0.0	0	0:00:43.023732
47860	957	-1	0.0	0	0:00:43.162109
47880	957	-1	0.0	0	0:00:42.960682
47900	958	483	0.8	0	0:00:43.368778
47920	958	958	0.715	1	0:00:43.403913
47940	958	-1	0.0	0	0:00:43.390751
47960	959	-1	0.0	0	0:00:43.463466
47980	959	959	0.8	1	0:00:43.346770
48000	960	-1	0.0	0	0:00:43.388106
48020	960	-1	0.0	0	0:00:43.962465
48040	960	379	0.199	0	0:00:44.151722
48060	961	963	0.8	0	0:00:44.045552
48080	961	-1	0.0	0	0:00:44.062146
48100	962	962	0.0785	1	0:00:44.030325
48120	962	962	0.8	1	0:00:44.081379
48140	962	509	0.0249	0	0:00:43.935555
48160	963	963	0.282	1	0:00:44.021637
48180	963	376	0.0536	0	0:00:43.949612
48200	964	964	0.226	1	0:00:44.095946
48220	964	868	0.0749	0	0:00:43.952040
48240	964	455	0.273	0	0:00:44.007608
48260	965	-1	0.0	0	0:00:44.210922
48280	965	925	0.364	0	0:00:44.006463
48300	966	836	0.0733	0	0:00:44.041603
48320	966	966	0.728	1	0:00:43.850582
48340	966	966	0.8	1	0:00:43.746037
48360	967	967	0.0277	1	0:00:43.809714
48380	967	544	0.197	0	0:00:43.852432
48400	968	968	0.0442	1	0:00:44.374959
48420	968	504	0.03	0	0:00:45.172229
48440	968	968	0.139	1	0:00:45.212447
48460	969	504	0.143	0	0:00:45.106150
48480	969	618	0.238	0	0:00:45.324898
48500	970	795	0.71	0	0:00:44.349504
48520	970	980	0.224	0	0:00:44.347352
48540	970	980	0.0795	0	0:00:44.462643
48560	971	971	0.8	1	0:00:44.436718
48580	971	971	0.501	1	0:00:44.411406
48600	972	980	0.0734	0	0:00:44.424609
48620	972	-1	0.0	0	0:00:44.429644
48640	972	-1	0.0	0	0:00:44.434688
48660	973	973	0.586	1	0:00:44.502429
48680	973	973	0.215	1	0:00:44.555124
48700	974	974	0.626	1	0:00:44.457432
48720	974	974	0.778	1	0:00:44.589409
48740	974	974	0.743	1	0:00:44.388459
48760	975	975	0.778	1	0:00:44.650681
48780	975	975	0.205	1	0:00:44.450021
48800	976	976	0.122	1	0:00:44.441296
48820	976	976	0.8	1	0:00:44.547916
48840	976	976	0.276	1	0:00:44.161076
48860	977	-1	0.0	0	0:00:44.287474
48880	977	976	0.696	0	0:00:44.250790
48900	978	978	0.0886	1	0:00:44.272976
48920	978	973	0.156	0	0:00:44.673439
48940	978	974	0.423	0	0:00:45.059882
48960	979	979	0.8	1	0:00:44.266255
48980	979	-1	0.0	0	0:00:43.805693
49000	980	980	0.8	1	0:00:43.729180
49020	980	-1	0.0	0	0:00:43.737635
49040	980	980	0.395	1	0:00:43.698267
49060	981	981	0.8	1	0:00:43.836117
49080	981	981	0.618	1	0:00:43.607695
49100	982	667	0.226	0	0:00:43.840227
49120	982	982	0.615	1	0:00:43.917762
49140	982	457	0.124	0	0:00:42.824425
49160	983	-1	0.0	0	0:00:42.451788
49180	983	983	0.743	1	0:00:42.748343
49200	984	984	0.8	1	0:00:42.684217
49220	984	984	0.778	1	0:00:42.653255
49240	984	984	0.8	1	0:00:43.354911
49260	985	985	0.8	1	0:00:43.468360
49280	985	985	0.8	1	0:00:43.658435
49300	986	986	0.753	1	0:00:43.664639
49320	986	986	0.8	1	0:00:43.460732
49340	986	986	0.8	1	0:00:43.198347
49360	987	998	0.636	0	0:00:43.427306
49380	987	987	0.144	1	0:00:43.244133
49400	988	988	0.609	1	0:00:43.236610
49420	988	-1	0.0	0	0:00:43.646673
49440	988	988	0.8	1	0:00:43.631140
49460	989	989	0.596	1	0:00:43.656850
49480	989	950	0.0322	0	0:00:43.580282
49500	990	990	0.317	1	0:00:44.088904
49520	990	-1	0.0	0	0:00:44.183396
49540	990	990	0.8	1	0:00:44.155334
49560	991	991	0.399	1	0:00:44.243501
49580	991	991	0.8	1	0:00:44.274313
49600	992	992	0.402	1	0:00:44.170282
49620	992	947	0.0523	0	0:00:44.159638
49640	992	947	0.61	0	0:00:44.202306
49660	993	993	0.778	1	0:00:44.232408
49680	993	993	0.8	1	0:00:44.174596
49700	994	994	0.778	1	0:00:44.096627
49720	994	994	0.753	1	0:00:44.140729
49740	994	994	0.129	1	0:00:44.129116
49760	995	995	0.728	1	0:00:44.072320
49780	995	995	0.8	1	0:00:44.125912
49800	996	996	0.442	1	0:00:44.149360
49820	996	121	0.0578	0	0:00:44.168228
49840	996	996	0.8	1	0:00:43.722895
49860	997	947	0.084	0	0:00:43.882199
49880	997	997	0.0977	1	0:00:44.107958
49900	998	987	0.8	0	0:00:43.922220
49920	998	998	0.521	1	0:00:43.934288
49940	998	987	0.8	0	0:00:44.141352
49960	999	999	0.126	1	0:00:44.174941
49980	999	626	0.0608	0	0:00:44.216451
