idx	label	predict	radius	correct	time
0	0	-1	0.0	0	0:01:13.671415
20	0	955	0.204	0	0:00:19.333234
40	0	0	0.565	1	0:00:19.719377
60	1	1	0.659	1	0:00:19.651874
80	1	1	0.0748	1	0:00:19.582393
100	2	4	0.188	0	0:00:19.721932
120	2	2	0.088	1	0:00:19.337333
140	2	-1	0.0	0	0:00:19.452898
160	3	3	0.544	1	0:00:19.611915
180	3	3	0.354	1	0:00:19.598325
200	4	-1	0.0	0	0:00:19.405557
220	4	801	0.196	0	0:00:19.275921
240	4	-1	0.0	0	0:00:19.396988
260	5	5	0.172	1	0:00:19.355065
280	5	111	0.0217	0	0:00:19.517016
300	6	5	0.263	0	0:00:19.777072
320	6	801	0.026	0	0:00:19.564278
340	6	6	0.283	1	0:00:19.060858
360	7	7	0.0102	1	0:00:19.478604
380	7	7	0.311	1	0:00:19.769059
400	8	8	0.11	1	0:00:19.657429
420	8	-1	0.0	0	0:00:19.591983
440	8	7	0.287	0	0:00:19.571241
460	9	9	0.229	1	0:00:19.328347
480	9	-1	0.0	0	0:00:19.804048
500	10	10	0.284	1	0:00:19.419607
520	10	-1	0.0	0	0:00:19.837477
540	10	13	0.0883	0	0:00:19.961534
560	11	325	0.222	0	0:00:19.821696
580	11	11	0.216	1	0:00:19.925060
600	12	-1	0.0	0	0:00:19.260399
620	12	12	0.533	1	0:00:19.519855
640	12	10	0.0461	0	0:00:19.493896
660	13	13	0.8	1	0:00:19.836686
680	13	103	0.32	0	0:00:19.751689
700	14	-1	0.0	0	0:00:19.811756
720	14	14	0.454	1	0:00:19.279664
740	14	14	0.8	1	0:00:19.868019
760	15	15	0.189	1	0:00:20.062325
780	15	-1	0.0	0	0:00:19.386042
800	16	-1	0.0	0	0:00:19.632650
820	16	-1	0.0	0	0:00:19.912638
840	16	16	0.146	1	0:00:19.440425
860	17	17	0.778	1	0:00:19.465043
880	17	17	0.0783	1	0:00:19.690187
900	18	137	0.0347	0	0:00:19.726217
920	18	18	0.149	1	0:00:19.434353
940	18	18	0.439	1	0:00:19.816066
960	19	-1	0.0	0	0:00:19.388661
980	19	505	0.387	0	0:00:19.853391
1000	20	20	0.563	1	0:00:19.602312
1020	20	20	0.696	1	0:00:19.171349
1040	20	20	0.8	1	0:00:19.451730
1060	21	22	0.0913	0	0:00:19.820588
1080	21	21	0.0593	1	0:00:19.701634
1100	22	21	0.405	0	0:00:19.615556
1120	22	22	0.8	1	0:00:19.509057
1140	22	22	0.509	1	0:00:19.330723
1160	23	23	0.448	1	0:00:19.888570
1180	23	23	0.696	1	0:00:19.473298
1200	24	24	0.649	1	0:00:20.039582
1220	24	21	0.167	0	0:00:20.054683
1240	24	24	0.8	1	0:00:19.439547
1260	25	103	0.0582	0	0:00:19.842448
1280	25	25	0.26	1	0:00:19.977333
1300	26	26	0.594	1	0:00:19.322009
1320	26	464	0.215	0	0:00:19.727228
1340	26	26	0.778	1	0:00:19.766523
1360	27	27	0.677	1	0:00:19.509179
1380	27	27	0.522	1	0:00:19.733315
1400	28	-1	0.0	0	0:00:19.643982
1420	28	28	0.8	1	0:00:19.477678
1440	28	26	0.0215	0	0:00:19.541734
1460	29	29	0.139	1	0:00:19.857226
1480	29	379	0.156	0	0:00:19.991875
1500	30	30	0.613	1	0:00:19.924692
1520	30	132	0.285	0	0:00:19.603172
1540	30	-1	0.0	0	0:00:19.684186
1560	31	31	0.0559	1	0:00:19.556684
1580	31	31	0.8	1	0:00:19.530101
1600	32	-1	0.0	0	0:00:19.699381
1620	32	32	0.303	1	0:00:19.894426
1640	32	-1	0.0	0	0:00:19.558136
1660	33	-1	0.0	0	0:00:19.691813
1680	33	-1	0.0	0	0:00:19.406332
1700	34	-1	0.0	0	0:00:19.391919
1720	34	842	0.0999	0	0:00:19.838257
1740	34	-1	0.0	0	0:00:19.610004
1760	35	35	0.189	1	0:00:19.513361
1780	35	-1	0.0	0	0:00:19.507804
1800	36	35	0.138	0	0:00:19.800951
1820	36	-1	0.0	0	0:00:19.935748
1840	36	-1	0.0	0	0:00:19.947658
1860	37	-1	0.0	0	0:00:19.754524
1880	37	-1	0.0	0	0:00:19.546472
1900	38	120	0.149	0	0:00:20.025482
1920	38	32	0.251	0	0:00:19.616249
1940	38	38	0.396	1	0:00:19.791116
1960	39	-1	0.0	0	0:00:19.957148
1980	39	-1	0.0	0	0:00:19.386469
2000	40	46	0.0602	0	0:00:20.000737
2020	40	40	0.569	1	0:00:19.780599
2040	40	40	0.258	1	0:00:19.805996
2060	41	41	0.8	1	0:00:19.978590
2080	41	57	0.117	0	0:00:19.880567
2100	42	-1	0.0	0	0:00:19.466626
2120	42	32	0.147	0	0:00:20.069832
2140	42	-1	0.0	0	0:00:19.933654
2160	43	-1	0.0	0	0:00:19.943816
2180	43	47	0.252	0	0:00:19.969023
2200	44	26	0.0768	0	0:00:19.784196
2220	44	44	0.607	1	0:00:19.690237
2240	44	44	0.778	1	0:00:19.887706
2260	45	-1	0.0	0	0:00:19.909501
2280	45	25	0.583	0	0:00:19.714792
2300	46	-1	0.0	0	0:00:19.732131
2320	46	46	0.0789	1	0:00:20.027374
2340	46	-1	0.0	0	0:00:19.896472
2360	47	26	0.345	0	0:00:19.118200
2380	47	47	0.638	1	0:00:19.561341
2400	48	69	0.494	0	0:00:19.674345
2420	48	342	0.0153	0	0:00:19.620919
2440	48	-1	0.0	0	0:00:20.023268
2460	49	50	0.267	0	0:00:19.668527
2480	49	646	0.244	0	0:00:19.556023
2500	50	50	0.229	1	0:00:19.739116
2520	50	-1	0.0	0	0:00:19.648844
2540	50	-1	0.0	0	0:00:19.546179
2560	51	51	0.224	1	0:00:19.881801
2580	51	51	0.289	1	0:00:19.925206
2600	52	-1	0.0	0	0:00:19.527232
2620	52	-1	0.0	0	0:00:19.521315
2640	52	58	0.8	0	0:00:19.853568
2660	53	-1	0.0	0	0:00:19.578840
2680	53	25	0.0828	0	0:00:19.652580
2700	54	57	0.8	0	0:00:19.628124
2720	54	57	0.404	0	0:00:19.596296
2740	54	932	0.116	0	0:00:19.875870
2760	55	55	0.628	1	0:00:20.061601
2780	55	996	0.409	0	0:00:19.787119
2800	56	56	0.361	1	0:00:19.937088
2820	56	56	0.0969	1	0:00:19.429467
2840	56	56	0.175	1	0:00:19.742296
2860	57	57	0.206	1	0:00:20.017823
2880	57	58	0.0409	0	0:00:20.033320
2900	58	25	0.166	0	0:00:19.730595
2920	58	61	0.0294	0	0:00:19.946379
2940	58	-1	0.0	0	0:00:19.714294
2960	59	59	0.687	1	0:00:19.821818
2980	59	59	0.778	1	0:00:19.910795
3000	60	62	0.132	0	0:00:20.032580
3020	60	66	0.347	0	0:00:19.441734
3040	60	95	0.296	0	0:00:19.713638
3060	61	-1	0.0	0	0:00:19.340817
3080	61	61	0.8	1	0:00:20.044665
3100	62	62	0.177	1	0:00:20.050996
3120	62	730	0.0778	0	0:00:19.366598
3140	62	-1	0.0	0	0:00:19.915203
3160	63	63	0.8	1	0:00:20.021038
3180	63	63	0.609	1	0:00:19.699556
3200	64	-1	0.0	0	0:00:19.905955
3220	64	-1	0.0	0	0:00:19.791851
3240	64	50	0.00822	0	0:00:19.794362
3260	65	801	0.206	0	0:00:20.030053
3280	65	-1	0.0	0	0:00:19.869675
3300	66	-1	0.0	0	0:00:19.912072
3320	66	-1	0.0	0	0:00:19.992449
3340	66	66	0.404	1	0:00:19.762352
3360	67	827	0.317	0	0:00:19.858710
3380	67	67	0.478	1	0:00:19.949298
3400	68	111	0.659	0	0:00:19.687701
3420	68	68	0.316	1	0:00:20.082630
3440	68	66	0.632	0	0:00:20.065658
3460	69	69	0.0643	1	0:00:19.757089
3480	69	69	0.337	1	0:00:19.958600
3500	70	70	0.8	1	0:00:19.462326
3520	70	70	0.52	1	0:00:19.940023
3540	70	70	0.8	1	0:00:20.083860
3560	71	305	0.0257	0	0:00:19.930154
3580	71	71	0.11	1	0:00:19.840683
3600	72	72	0.573	1	0:00:19.764627
3620	72	73	0.106	0	0:00:19.752796
3640	72	72	0.8	1	0:00:20.020103
3660	73	310	0.106	0	0:00:19.654072
3680	73	-1	0.0	0	0:00:19.810658
3700	74	309	0.336	0	0:00:19.964557
3720	74	73	0.606	0	0:00:19.842958
3740	74	74	0.0245	1	0:00:20.056560
3760	75	75	0.8	1	0:00:19.528856
3780	75	75	0.0789	1	0:00:19.891806
3800	76	29	0.0158	0	0:00:19.577503
3820	76	-1	0.0	0	0:00:19.950444
3840	76	76	0.0419	1	0:00:19.938574
3860	77	-1	0.0	0	0:00:19.865299
3880	77	-1	0.0	0	0:00:19.983332
3900	78	-1	0.0	0	0:00:19.331721
3920	78	300	0.117	0	0:00:20.020780
3940	78	78	0.8	1	0:00:19.564751
3960	79	-1	0.0	0	0:00:19.839226
3980	79	-1	0.0	0	0:00:19.973285
4000	80	80	0.8	1	0:00:19.741678
4020	80	80	0.691	1	0:00:19.960231
4040	80	80	0.8	1	0:00:20.027538
4060	81	81	0.18	1	0:00:19.749666
4080	81	81	0.8	1	0:00:19.740889
4100	82	-1	0.0	0	0:00:19.513615
4120	82	82	0.531	1	0:00:19.754346
4140	82	82	0.109	1	0:00:19.966431
4160	83	-1	0.0	0	0:00:19.583538
4180	83	83	0.8	1	0:00:19.921546
4200	84	-1	0.0	0	0:00:19.862631
4220	84	84	0.8	1	0:00:19.764807
4240	84	84	0.8	1	0:00:19.958236
4260	85	80	0.43	0	0:00:19.673817
4280	85	85	0.246	1	0:00:19.611156
4300	86	86	0.743	1	0:00:19.695867
4320	86	86	0.778	1	0:00:19.842803
4340	86	86	0.312	1	0:00:19.514373
4360	87	87	0.21	1	0:00:19.689631
4380	87	80	0.0599	0	0:00:19.753065
4400	88	88	0.046	1	0:00:19.890692
4420	88	21	0.331	0	0:00:19.982635
4440	88	88	0.705	1	0:00:19.716222
4460	89	89	0.8	1	0:00:19.720132
4480	89	134	0.0408	0	0:00:20.118375
4500	90	94	0.161	0	0:00:19.926634
4520	90	90	0.8	1	0:00:19.979657
4540	90	90	0.209	1	0:00:19.793786
4560	91	91	0.764	1	0:00:19.810269
4580	91	91	0.8	1	0:00:19.859219
4600	92	94	0.196	0	0:00:19.830173
4620	92	92	0.15	1	0:00:20.085382
4640	92	-1	0.0	0	0:00:20.051072
4660	93	93	0.8	1	0:00:19.507765
4680	93	93	0.288	1	0:00:19.839691
4700	94	94	0.721	1	0:00:19.513779
4720	94	-1	0.0	0	0:00:19.841691
4740	94	94	0.433	1	0:00:20.005825
4760	95	95	0.571	1	0:00:19.833361
4780	95	95	0.642	1	0:00:19.644117
4800	96	96	0.8	1	0:00:19.888911
4820	96	96	0.8	1	0:00:19.679837
4840	96	96	0.764	1	0:00:19.902410
4860	97	97	0.609	1	0:00:20.119067
4880	97	97	0.778	1	0:00:19.659898
4900	98	98	0.198	1	0:00:19.900166
4920	98	98	0.721	1	0:00:20.148947
4940	98	350	0.00458	0	0:00:19.737745
4960	99	11	0.0162	0	0:00:19.770611
4980	99	-1	0.0	0	0:00:19.979425
5000	100	100	0.764	1	0:00:19.708923
5020	100	100	0.146	1	0:00:19.791330
5040	100	-1	0.0	0	0:00:19.832891
5060	101	101	0.227	1	0:00:19.940455
5080	101	-1	0.0	0	0:00:20.042991
5100	102	102	0.207	1	0:00:19.677625
5120	102	102	0.8	1	0:00:19.628842
5140	102	102	0.684	1	0:00:19.988711
5160	103	103	0.48	1	0:00:19.485036
5180	103	103	0.39	1	0:00:19.908164
5200	104	-1	0.0	0	0:00:19.306049
5220	104	738	0.0246	0	0:00:20.057342
5240	104	-1	0.0	0	0:00:20.036591
5260	105	105	0.0459	1	0:00:19.705278
5280	105	-1	0.0	0	0:00:19.782367
5300	106	106	0.0749	1	0:00:19.885304
5320	106	106	0.00232	1	0:00:19.898937
5340	106	678	0.0112	0	0:00:20.231456
5360	107	980	0.078	0	0:00:19.913162
5380	107	396	0.4	0	0:00:19.530500
5400	108	-1	0.0	0	0:00:19.966088
5420	108	108	0.299	1	0:00:19.837189
5440	108	108	0.422	1	0:00:19.850757
5460	109	-1	0.0	0	0:00:20.007265
5480	109	109	0.588	1	0:00:19.817335
5500	110	110	0.8	1	0:00:20.220657
5520	110	110	0.138	1	0:00:20.103058
5540	110	115	0.338	0	0:00:19.752606
5560	111	991	0.102	0	0:00:19.835923
5580	111	111	0.052	1	0:00:19.765075
5600	112	112	0.00828	1	0:00:20.023679
5620	112	-1	0.0	0	0:00:20.052138
5640	112	-1	0.0	0	0:00:19.704819
5660	113	990	0.0615	0	0:00:19.419361
5680	113	-1	0.0	0	0:00:19.874213
5700	114	-1	0.0	0	0:00:19.863302
5720	114	114	0.488	1	0:00:19.775596
5740	114	114	0.659	1	0:00:19.941185
5760	115	679	0.0262	0	0:00:19.947079
5780	115	115	0.527	1	0:00:20.000037
5800	116	116	0.764	1	0:00:20.063925
5820	116	996	0.187	0	0:00:19.539029
5840	116	-1	0.0	0	0:00:19.645474
5860	117	-1	0.0	0	0:00:19.839992
5880	117	599	0.248	0	0:00:19.991443
5900	118	118	0.282	1	0:00:19.937343
5920	118	126	0.336	0	0:00:19.803984
5940	118	-1	0.0	0	0:00:19.748156
5960	119	118	0.144	0	0:00:19.955086
5980	119	-1	0.0	0	0:00:19.611023
6000	120	-1	0.0	0	0:00:20.133736
6020	120	-1	0.0	0	0:00:19.942931
6040	120	120	0.476	1	0:00:19.768084
6060	121	121	0.19	1	0:00:19.920619
6080	121	121	0.656	1	0:00:19.581826
6100	122	122	0.211	1	0:00:19.647895
6120	122	923	0.00822	0	0:00:19.958033
6140	122	122	0.592	1	0:00:19.650623
6160	123	122	0.0266	0	0:00:19.982794
6180	123	-1	0.0	0	0:00:19.955639
6200	124	766	0.109	0	0:00:20.082305
6220	124	121	0.00684	0	0:00:19.931087
6240	124	416	0.0488	0	0:00:19.737941
6260	125	125	0.0827	1	0:00:19.756558
6280	125	-1	0.0	0	0:00:19.910980
6300	126	-1	0.0	0	0:00:19.703653
6320	126	-1	0.0	0	0:00:19.890794
6340	126	-1	0.0	0	0:00:19.791519
6360	127	127	0.743	1	0:00:19.357143
6380	127	-1	0.0	0	0:00:19.956265
6400	128	128	0.778	1	0:00:19.881011
6420	128	128	0.283	1	0:00:19.560831
6440	128	128	0.229	1	0:00:19.947611
6460	129	129	0.445	1	0:00:20.049308
6480	129	129	0.548	1	0:00:19.506737
6500	130	128	0.278	0	0:00:19.642146
6520	130	130	0.282	1	0:00:19.508938
6540	130	607	0.475	0	0:00:19.966805
6560	131	-1	0.0	0	0:00:20.027421
6580	131	132	0.753	0	0:00:19.541090
6600	132	132	0.153	1	0:00:19.737101
6620	132	132	0.455	1	0:00:19.807768
6640	132	132	0.345	1	0:00:19.425051
6660	133	337	0.326	0	0:00:19.954495
6680	133	-1	0.0	0	0:00:19.788195
6700	134	353	0.191	0	0:00:19.634237
6720	134	134	0.113	1	0:00:19.524448
6740	134	138	0.181	0	0:00:19.884990
6760	135	135	0.229	1	0:00:19.486191
6780	135	135	0.203	1	0:00:19.888517
6800	136	136	0.8	1	0:00:19.325981
6820	136	136	0.366	1	0:00:20.034701
6840	136	136	0.124	1	0:00:20.091854
6860	137	137	0.505	1	0:00:19.519185
6880	137	98	0.263	0	0:00:19.758724
6900	138	-1	0.0	0	0:00:20.040545
6920	138	138	0.558	1	0:00:19.490521
6940	138	138	0.371	1	0:00:19.548761
6960	139	139	0.8	1	0:00:19.716726
6980	139	128	0.0976	0	0:00:19.857524
7000	140	140	0.339	1	0:00:19.934007
7020	140	140	0.038	1	0:00:19.633866
7040	140	140	0.198	1	0:00:19.776178
7060	141	-1	0.0	0	0:00:19.860095
7080	141	140	0.0515	0	0:00:19.796456
7100	142	135	0.0271	0	0:00:19.563669
7120	142	142	0.8	1	0:00:19.944013
7140	142	-1	0.0	0	0:00:19.650974
7160	143	-1	0.0	0	0:00:19.571323
7180	143	143	0.316	1	0:00:19.635313
7200	144	-1	0.0	0	0:00:19.762207
7220	144	-1	0.0	0	0:00:19.833287
7240	144	-1	0.0	0	0:00:19.730795
7260	145	145	0.8	1	0:00:19.757406
7280	145	145	0.556	1	0:00:19.744681
7300	146	-1	0.0	0	0:00:19.871614
7320	146	146	0.16	1	0:00:19.607979
7340	146	146	0.404	1	0:00:19.953140
7360	147	147	0.447	1	0:00:19.822981
7380	147	147	0.0704	1	0:00:19.801832
7400	148	148	0.8	1	0:00:19.884569
7420	148	148	0.705	1	0:00:19.739019
7440	148	148	0.8	1	0:00:19.898014
7460	149	149	0.432	1	0:00:20.050386
7480	149	149	0.687	1	0:00:19.479050
7500	150	360	0.223	0	0:00:19.838434
7520	150	150	0.256	1	0:00:20.035285
7540	150	-1	0.0	0	0:00:19.831196
7560	151	158	0.0942	0	0:00:20.010187
7580	151	-1	0.0	0	0:00:19.807462
7600	152	152	0.616	1	0:00:19.847834
7620	152	152	0.182	1	0:00:19.914835
7640	152	-1	0.0	0	0:00:19.931411
7660	153	153	0.263	1	0:00:19.758619
7680	153	-1	0.0	0	0:00:20.029532
7700	154	262	0.0255	0	0:00:19.796952
7720	154	254	0.00408	0	0:00:19.649889
7740	154	-1	0.0	0	0:00:19.715557
7760	155	204	0.0501	0	0:00:19.704551
7780	155	155	0.44	1	0:00:19.872652
7800	156	156	0.677	1	0:00:19.280759
7820	156	156	0.401	1	0:00:19.982231
7840	156	156	0.024	1	0:00:19.831970
7860	157	158	0.0359	0	0:00:19.572832
7880	157	157	0.8	1	0:00:19.759113
7900	158	158	0.381	1	0:00:19.655024
7920	158	195	0.451	0	0:00:19.876965
7940	158	237	0.381	0	0:00:19.718091
7960	159	-1	0.0	0	0:00:19.746222
7980	159	159	0.525	1	0:00:19.472804
8000	160	160	0.131	1	0:00:19.542513
8020	160	-1	0.0	0	0:00:19.744869
8040	160	-1	0.0	0	0:00:19.550593
8060	161	161	0.413	1	0:00:19.768329
8080	161	179	0.0874	0	0:00:19.199383
8100	162	162	0.397	1	0:00:19.700024
8120	162	162	0.142	1	0:00:19.810790
8140	162	162	0.8	1	0:00:19.540962
8160	163	-1	0.0	0	0:00:19.884023
8180	163	174	0.0227	0	0:00:19.780737
8200	164	195	0.0373	0	0:00:19.811466
8220	164	-1	0.0	0	0:00:19.680681
8240	164	164	0.307	1	0:00:19.449894
8260	165	195	0.0578	0	0:00:19.819886
8280	165	166	0.263	0	0:00:20.055645
8300	166	676	0.0968	0	0:00:20.035544
8320	166	162	0.262	0	0:00:20.006976
8340	166	166	0.391	1	0:00:19.745777
8360	167	-1	0.0	0	0:00:19.680642
8380	167	166	0.11	0	0:00:19.513565
8400	168	-1	0.0	0	0:00:19.643166
8420	168	-1	0.0	0	0:00:19.900932
8440	168	168	0.357	1	0:00:19.725665
8460	169	-1	0.0	0	0:00:20.012558
8480	169	169	0.222	1	0:00:19.643973
8500	170	-1	0.0	0	0:00:19.997735
8520	170	-1	0.0	0	0:00:19.752945
8540	170	-1	0.0	0	0:00:19.952444
8560	171	173	0.0134	0	0:00:19.992543
8580	171	-1	0.0	0	0:00:19.963665
8600	172	773	0.0206	0	0:00:19.550760
8620	172	172	0.696	1	0:00:19.975730
8640	172	-1	0.0	0	0:00:19.408980
8660	173	173	0.644	1	0:00:19.889121
8680	173	172	0.176	0	0:00:19.677921
8700	174	-1	0.0	0	0:00:19.498860
8720	174	384	0.0418	0	0:00:19.689075
8740	174	174	0.517	1	0:00:19.929552
8760	175	-1	0.0	0	0:00:20.015963
8780	175	-1	0.0	0	0:00:19.725982
8800	176	176	0.264	1	0:00:20.140121
8820	176	-1	0.0	0	0:00:19.783506
8840	176	176	0.176	1	0:00:19.681829
8860	177	354	0.153	0	0:00:19.760815
8880	177	233	0.0474	0	0:00:19.780531
8900	178	178	0.518	1	0:00:19.959474
8920	178	-1	0.0	0	0:00:20.180942
8940	178	178	0.25	1	0:00:20.043849
8960	179	-1	0.0	0	0:00:19.819845
8980	179	179	0.157	1	0:00:20.001887
9000	180	-1	0.0	0	0:00:19.527942
9020	180	-1	0.0	0	0:00:19.908532
9040	180	165	0.0975	0	0:00:19.728636
9060	181	-1	0.0	0	0:00:19.735380
9080	181	181	0.144	1	0:00:19.454966
9100	182	-1	0.0	0	0:00:19.708744
9120	182	-1	0.0	0	0:00:19.502780
9140	182	182	0.0269	1	0:00:20.136897
9160	183	-1	0.0	0	0:00:19.915585
9180	183	197	0.556	0	0:00:20.092572
9200	184	188	0.144	0	0:00:19.954617
9220	184	-1	0.0	0	0:00:19.884752
9240	184	-1	0.0	0	0:00:19.577641
9260	185	185	0.382	1	0:00:19.651746
9280	185	185	0.134	1	0:00:19.641185
9300	186	203	0.371	0	0:00:19.684624
9320	186	-1	0.0	0	0:00:19.725711
9340	186	-1	0.0	0	0:00:19.637467
9360	187	-1	0.0	0	0:00:19.831089
9380	187	-1	0.0	0	0:00:20.023879
9400	188	-1	0.0	0	0:00:19.402544
9420	188	-1	0.0	0	0:00:19.789065
9440	188	-1	0.0	0	0:00:19.610059
9460	189	191	0.122	0	0:00:19.369709
9480	189	189	0.446	1	0:00:19.902895
9500	190	190	0.764	1	0:00:19.747890
9520	190	188	0.0558	0	0:00:19.891085
9540	190	190	0.171	1	0:00:19.651352
9560	191	-1	0.0	0	0:00:19.659134
9580	191	191	0.0352	1	0:00:19.625911
9600	192	199	0.148	0	0:00:19.373986
9620	192	154	0.0301	0	0:00:19.699872
9640	192	198	0.191	0	0:00:19.883906
9660	193	-1	0.0	0	0:00:19.886586
9680	193	203	0.0327	0	0:00:19.780900
9700	194	-1	0.0	0	0:00:20.052581
9720	194	-1	0.0	0	0:00:19.869095
9740	194	194	0.224	1	0:00:19.761659
9760	195	195	0.0838	1	0:00:19.511044
9780	195	195	0.616	1	0:00:19.643134
9800	196	199	0.31	0	0:00:19.695270
9820	196	187	0.00339	0	0:00:19.498124
9840	196	198	0.373	0	0:00:19.756351
9860	197	199	0.426	0	0:00:19.931825
9880	197	-1	0.0	0	0:00:19.786612
9900	198	155	0.0471	0	0:00:19.747502
9920	198	198	0.642	1	0:00:19.554483
9940	198	196	0.132	0	0:00:19.465981
9960	199	203	0.125	0	0:00:19.988582
9980	199	199	0.557	1	0:00:19.995339
10000	200	-1	0.0	0	0:00:19.613815
10020	200	-1	0.0	0	0:00:19.640891
10040	200	155	0.0965	0	0:00:19.906097
10060	201	-1	0.0	0	0:00:19.727811
10080	201	-1	0.0	0	0:00:19.507143
10100	202	202	0.00094	1	0:00:19.759796
10120	202	-1	0.0	0	0:00:19.754635
10140	202	184	0.117	0	0:00:19.863345
10160	203	-1	0.0	0	0:00:19.486114
10180	203	203	0.46	1	0:00:19.856976
10200	204	155	0.42	0	0:00:19.912997
10220	204	190	0.0281	0	0:00:19.660310
10240	204	155	0.355	0	0:00:19.846824
10260	205	205	0.118	1	0:00:19.842156
10280	205	179	0.0446	0	0:00:19.848248
10300	206	206	0.304	1	0:00:19.652177
10320	206	206	0.0853	1	0:00:19.677227
10340	206	206	0.392	1	0:00:19.839707
10360	207	207	0.102	1	0:00:19.722179
10380	207	213	0.244	0	0:00:19.536557
10400	208	208	0.419	1	0:00:19.818298
10420	208	208	0.0345	1	0:00:20.081682
10440	208	208	0.0539	1	0:00:19.752178
10460	209	209	0.293	1	0:00:19.463460
10480	209	-1	0.0	0	0:00:19.811424
10500	210	-1	0.0	0	0:00:20.085884
10520	210	210	0.25	1	0:00:19.946011
10540	210	210	0.371	1	0:00:19.666673
10560	211	-1	0.0	0	0:00:19.749903
10580	211	-1	0.0	0	0:00:19.949889
10600	212	-1	0.0	0	0:00:19.999419
10620	212	-1	0.0	0	0:00:20.058599
10640	212	212	0.198	1	0:00:20.159660
10660	213	-1	0.0	0	0:00:19.833829
10680	213	555	0.0693	0	0:00:19.566188
10700	214	205	0.196	0	0:00:19.941927
10720	214	-1	0.0	0	0:00:19.759093
10740	214	369	0.182	0	0:00:19.846539
10760	215	-1	0.0	0	0:00:19.692443
10780	215	-1	0.0	0	0:00:19.571177
10800	216	216	0.262	1	0:00:20.010286
10820	216	216	0.0567	1	0:00:19.895214
10840	216	257	0.00627	0	0:00:19.613177
10860	217	-1	0.0	0	0:00:19.943450
10880	217	217	0.656	1	0:00:19.831861
10900	218	218	0.628	1	0:00:19.792933
10920	218	218	0.68	1	0:00:19.965863
10940	218	218	0.0319	1	0:00:19.786028
10960	219	207	0.276	0	0:00:20.179291
10980	219	496	0.0575	0	0:00:19.993707
11000	220	220	0.189	1	0:00:19.915409
11020	220	219	0.319	0	0:00:19.650603
11040	220	-1	0.0	0	0:00:19.548328
11060	221	-1	0.0	0	0:00:19.820446
11080	221	-1	0.0	0	0:00:19.943060
11100	222	270	0.069	0	0:00:19.857214
11120	222	-1	0.0	0	0:00:19.774175
11140	222	-1	0.0	0	0:00:19.746622
11160	223	223	0.211	1	0:00:20.009783
11180	223	-1	0.0	0	0:00:19.562295
11200	224	-1	0.0	0	0:00:19.495884
11220	224	224	0.116	1	0:00:19.850096
11240	224	223	0.0811	0	0:00:20.078832
11260	225	-1	0.0	0	0:00:19.916693
11280	225	225	0.0499	1	0:00:19.837632
11300	226	-1	0.0	0	0:00:19.965343
11320	226	226	0.11	1	0:00:19.976100
11340	226	-1	0.0	0	0:00:19.746283
11360	227	227	0.64	1	0:00:19.931064
11380	227	227	0.178	1	0:00:19.793910
11400	228	-1	0.0	0	0:00:19.583698
11420	228	228	0.735	1	0:00:19.997284
11440	228	228	0.656	1	0:00:19.728387
11460	229	229	0.0514	1	0:00:19.703002
11480	229	229	0.316	1	0:00:19.705327
11500	230	230	0.384	1	0:00:19.766464
11520	230	-1	0.0	0	0:00:19.859247
11540	230	230	0.119	1	0:00:19.842499
11560	231	230	0.638	0	0:00:19.470443
11580	231	231	0.0464	1	0:00:20.017960
11600	232	232	0.595	1	0:00:19.886917
11620	232	152	0.0617	0	0:00:19.390539
11640	232	-1	0.0	0	0:00:19.911496
11660	233	197	0.202	0	0:00:19.816878
11680	233	-1	0.0	0	0:00:19.767299
11700	234	-1	0.0	0	0:00:19.434066
11720	234	234	0.41	1	0:00:19.811322
11740	234	237	0.0734	0	0:00:20.103151
11760	235	-1	0.0	0	0:00:19.869343
11780	235	165	0.00213	0	0:00:19.500690
11800	236	-1	0.0	0	0:00:19.728996
11820	236	236	0.398	1	0:00:19.650083
11840	236	-1	0.0	0	0:00:19.744605
11860	237	237	0.27	1	0:00:19.613186
11880	237	165	0.259	0	0:00:19.550327
11900	238	241	0.317	0	0:00:19.905220
11920	238	-1	0.0	0	0:00:19.422386
11940	238	238	0.201	1	0:00:19.791530
11960	239	-1	0.0	0	0:00:20.008484
11980	239	-1	0.0	0	0:00:19.607320
12000	240	247	0.118	0	0:00:19.743386
12020	240	-1	0.0	0	0:00:19.727024
12040	240	-1	0.0	0	0:00:19.770491
12060	241	241	0.592	1	0:00:19.661347
12080	241	241	0.564	1	0:00:19.498124
12100	242	-1	0.0	0	0:00:19.660006
12120	242	275	0.0156	0	0:00:19.362093
12140	242	-1	0.0	0	0:00:20.012132
12160	243	243	0.311	1	0:00:19.752923
12180	243	-1	0.0	0	0:00:19.908542
12200	244	244	0.531	1	0:00:19.428956
12220	244	244	0.116	1	0:00:19.712018
12240	244	244	0.8	1	0:00:20.025449
12260	245	245	0.397	1	0:00:19.867524
12280	245	245	0.199	1	0:00:19.890572
12300	246	-1	0.0	0	0:00:20.065729
12320	246	-1	0.0	0	0:00:20.105448
12340	246	-1	0.0	0	0:00:19.338513
12360	247	-1	0.0	0	0:00:20.004166
12380	247	-1	0.0	0	0:00:19.910658
12400	248	250	0.455	0	0:00:19.900114
12420	248	257	0.075	0	0:00:19.365951
12440	248	-1	0.0	0	0:00:19.821047
12460	249	249	0.205	1	0:00:19.401854
12480	249	-1	0.0	0	0:00:19.886073
12500	250	-1	0.0	0	0:00:19.902283
12520	250	250	0.319	1	0:00:19.741354
12540	250	250	0.0435	1	0:00:19.886718
12560	251	251	0.644	1	0:00:19.435958
12580	251	251	0.623	1	0:00:20.059207
12600	252	252	0.0892	1	0:00:20.078496
12620	252	223	0.135	0	0:00:19.840296
12640	252	-1	0.0	0	0:00:20.044074
12660	253	253	0.495	1	0:00:19.704986
12680	253	-1	0.0	0	0:00:20.102465
12700	254	197	0.138	0	0:00:19.664722
12720	254	-1	0.0	0	0:00:19.693578
12740	254	254	0.32	1	0:00:19.587840
12760	255	255	0.696	1	0:00:19.849324
12780	255	255	0.048	1	0:00:19.588800
12800	256	256	0.133	1	0:00:19.847606
12820	256	256	0.32	1	0:00:20.099885
12840	256	256	0.5	1	0:00:19.863517
12860	257	257	0.0858	1	0:00:19.756829
12880	257	222	0.484	0	0:00:19.722559
12900	258	258	0.215	1	0:00:19.580692
12920	258	-1	0.0	0	0:00:19.991135
12940	258	-1	0.0	0	0:00:19.414772
12960	259	259	0.764	1	0:00:19.476120
12980	259	259	0.514	1	0:00:19.765763
13000	260	260	0.483	1	0:00:19.919624
13020	260	260	0.778	1	0:00:19.984045
13040	260	270	0.001	0	0:00:19.921325
13060	261	-1	0.0	0	0:00:19.509380
13080	261	261	0.253	1	0:00:20.030655
13100	262	262	0.728	1	0:00:20.068190
13120	262	239	0.042	0	0:00:19.865746
13140	262	237	0.217	0	0:00:19.973057
13160	263	-1	0.0	0	0:00:19.695199
13180	263	263	0.247	1	0:00:19.951920
13200	264	264	0.337	1	0:00:19.861646
13220	264	264	0.233	1	0:00:19.777099
13240	264	264	0.618	1	0:00:19.604844
13260	265	266	0.041	0	0:00:19.523407
13280	265	-1	0.0	0	0:00:19.815957
13300	266	265	0.0473	0	0:00:19.811790
13320	266	265	0.0586	0	0:00:19.879858
13340	266	265	0.0602	0	0:00:19.367151
13360	267	267	0.00527	1	0:00:20.050130
13380	267	-1	0.0	0	0:00:19.897266
13400	268	268	0.209	1	0:00:20.055356
13420	268	-1	0.0	0	0:00:19.936717
13440	268	268	0.237	1	0:00:19.803524
13460	269	269	0.121	1	0:00:19.799561
13480	269	249	0.0412	0	0:00:19.833605
13500	270	270	0.286	1	0:00:19.530694
13520	270	279	0.0538	0	0:00:19.976792
13540	270	258	0.313	0	0:00:20.032557
13560	271	259	0.0706	0	0:00:19.720544
13580	271	273	0.281	0	0:00:19.885892
13600	272	274	0.181	0	0:00:19.596107
13620	272	272	0.289	1	0:00:19.817665
13640	272	-1	0.0	0	0:00:19.942417
13660	273	273	0.141	1	0:00:20.037199
13680	273	273	0.128	1	0:00:19.376530
13700	274	271	0.129	0	0:00:20.022667
13720	274	-1	0.0	0	0:00:19.787643
13740	274	271	0.0576	0	0:00:19.815990
13760	275	275	0.377	1	0:00:19.595342
13780	275	275	0.498	1	0:00:20.012028
13800	276	276	0.351	1	0:00:20.097222
13820	276	276	0.335	1	0:00:19.889590
13840	276	289	0.0357	0	0:00:19.487286
13860	277	277	0.12	1	0:00:19.576125
13880	277	277	0.041	1	0:00:19.695628
13900	278	278	0.57	1	0:00:19.827597
13920	278	272	0.0374	0	0:00:20.047646
13940	278	277	0.104	0	0:00:19.868585
13960	279	279	0.29	1	0:00:19.614784
13980	279	279	0.258	1	0:00:19.474920
14000	280	280	0.434	1	0:00:19.824626
14020	280	-1	0.0	0	0:00:19.697547
14040	280	280	0.309	1	0:00:19.687514
14060	281	285	0.112	0	0:00:19.625482
14080	281	292	0.0892	0	0:00:19.725713
14100	282	-1	0.0	0	0:00:19.983823
14120	282	292	0.136	0	0:00:19.597373
14140	282	285	0.13	0	0:00:19.732019
14160	283	258	0.00853	0	0:00:19.680649
14180	283	283	0.0418	1	0:00:19.553771
14200	284	284	0.8	1	0:00:19.820082
14220	284	285	0.402	0	0:00:19.831436
14240	284	284	0.531	1	0:00:20.012455
14260	285	799	0.193	0	0:00:19.900946
14280	285	285	0.0958	1	0:00:19.515192
14300	286	286	0.778	1	0:00:19.962421
14320	286	286	0.166	1	0:00:19.554382
14340	286	-1	0.0	0	0:00:19.897124
14360	287	287	0.591	1	0:00:19.620472
14380	287	-1	0.0	0	0:00:19.722571
14400	288	290	0.416	0	0:00:19.916646
14420	288	290	0.0352	0	0:00:19.983519
14440	288	288	0.585	1	0:00:19.662753
14460	289	287	0.00677	0	0:00:19.474694
14480	289	289	0.325	1	0:00:19.768727
14500	290	290	0.721	1	0:00:19.820735
14520	290	-1	0.0	0	0:00:19.967455
14540	290	290	0.8	1	0:00:19.903518
14560	291	-1	0.0	0	0:00:19.813489
14580	291	291	0.471	1	0:00:19.700722
14600	292	290	0.662	0	0:00:19.824935
14620	292	292	0.0185	1	0:00:19.588272
14640	292	292	0.8	1	0:00:19.560193
14660	293	293	0.8	1	0:00:19.568807
14680	293	293	0.753	1	0:00:20.054731
14700	294	294	0.364	1	0:00:19.789798
14720	294	-1	0.0	0	0:00:19.923317
14740	294	294	0.129	1	0:00:19.872538
14760	295	295	0.184	1	0:00:19.747052
14780	295	295	0.8	1	0:00:19.949067
14800	296	296	0.0219	1	0:00:20.048835
14820	296	-1	0.0	0	0:00:19.452077
14840	296	-1	0.0	0	0:00:20.127294
14860	297	361	0.0687	0	0:00:20.216555
14880	297	297	0.715	1	0:00:19.840886
14900	298	-1	0.0	0	0:00:19.741446
14920	298	-1	0.0	0	0:00:20.095026
14940	298	-1	0.0	0	0:00:19.672549
14960	299	-1	0.0	0	0:00:19.711435
14980	299	-1	0.0	0	0:00:19.776077
15000	300	300	0.735	1	0:00:19.911009
15020	300	302	0.0727	0	0:00:19.772590
15040	300	-1	0.0	0	0:00:19.841101
15060	301	301	0.285	1	0:00:19.890288
15080	301	301	0.381	1	0:00:19.994764
15100	302	302	0.1	1	0:00:19.998984
15120	302	300	0.433	0	0:00:19.918242
15140	302	310	0.303	0	0:00:19.905475
15160	303	-1	0.0	0	0:00:20.084470
15180	303	303	0.00602	1	0:00:20.012546
15200	304	301	0.172	0	0:00:19.834117
15220	304	301	0.137	0	0:00:19.833226
15240	304	-1	0.0	0	0:00:19.835512
15260	305	305	0.365	1	0:00:19.717190
15280	305	-1	0.0	0	0:00:19.528869
15300	306	-1	0.0	0	0:00:19.548818
15320	306	306	0.127	1	0:00:19.790179
15340	306	306	0.424	1	0:00:20.132003
15360	307	-1	0.0	0	0:00:19.773758
15380	307	302	0.431	0	0:00:19.959503
15400	308	-1	0.0	0	0:00:19.684072
15420	308	308	0.0502	1	0:00:19.375567
15440	308	308	0.0363	1	0:00:19.949513
15460	309	-1	0.0	0	0:00:19.774197
15480	309	309	0.324	1	0:00:19.770973
15500	310	310	0.8	1	0:00:20.012329
15520	310	945	0.199	0	0:00:19.728697
15540	310	310	0.164	1	0:00:19.597112
15560	311	313	0.102	0	0:00:19.932163
15580	311	-1	0.0	0	0:00:19.842566
15600	312	-1	0.0	0	0:00:19.504446
15620	312	312	0.32	1	0:00:19.984840
15640	312	314	0.0265	0	0:00:19.915701
15660	313	313	0.478	1	0:00:19.967559
15680	313	313	0.307	1	0:00:19.499733
15700	314	304	0.149	0	0:00:19.702673
15720	314	-1	0.0	0	0:00:20.102394
15740	314	79	0.0958	0	0:00:19.958543
15760	315	956	0.0572	0	0:00:19.734401
15780	315	31	0.0107	0	0:00:19.852239
15800	316	-1	0.0	0	0:00:19.879756
15820	316	316	0.476	1	0:00:19.910275
15840	316	78	0.351	0	0:00:20.055921
15860	317	317	0.764	1	0:00:19.732946
15880	317	317	0.8	1	0:00:19.800758
15900	318	318	0.131	1	0:00:19.896812
15920	318	-1	0.0	0	0:00:19.964380
15940	318	318	0.229	1	0:00:19.959754
15960	319	-1	0.0	0	0:00:19.972930
15980	319	320	0.432	0	0:00:20.018180
16000	320	320	0.266	1	0:00:19.868827
16020	320	320	0.554	1	0:00:19.655063
16040	320	-1	0.0	0	0:00:19.669830
16060	321	321	0.64	1	0:00:19.731569
16080	321	321	0.8	1	0:00:19.793014
16100	322	324	0.255	0	0:00:20.168333
16120	322	322	0.8	1	0:00:20.305374
16140	322	984	0.219	0	0:00:19.534361
16160	323	323	0.8	1	0:00:19.680739
16180	323	323	0.8	1	0:00:19.891488
16200	324	324	0.251	1	0:00:19.824928
16220	324	324	0.338	1	0:00:19.675816
16240	324	324	0.764	1	0:00:19.771739
16260	325	325	0.728	1	0:00:19.909847
16280	325	-1	0.0	0	0:00:20.098181
16300	326	326	0.183	1	0:00:19.569711
16320	326	-1	0.0	0	0:00:19.723540
16340	326	326	0.188	1	0:00:19.875727
16360	327	327	0.8	1	0:00:19.725132
16380	327	327	0.142	1	0:00:19.562568
16400	328	328	0.519	1	0:00:19.848958
16420	328	328	0.8	1	0:00:19.904265
16440	328	995	0.039	0	0:00:19.862030
16460	329	329	0.0502	1	0:00:19.735985
16480	329	149	0.0168	0	0:00:19.428392
16500	330	-1	0.0	0	0:00:19.707755
16520	330	330	0.556	1	0:00:19.483739
16540	330	330	0.0388	1	0:00:19.907140
16560	331	331	0.531	1	0:00:19.855096
16580	331	331	0.764	1	0:00:19.597629
16600	332	850	0.081	0	0:00:19.687235
16620	332	332	0.182	1	0:00:19.810925
16640	332	190	0.0305	0	0:00:19.756367
16660	333	333	0.735	1	0:00:19.835368
16680	333	333	0.435	1	0:00:19.651373
16700	334	334	0.537	1	0:00:19.722682
16720	334	334	0.51	1	0:00:19.533600
16740	334	-1	0.0	0	0:00:19.584089
16760	335	-1	0.0	0	0:00:19.803321
16780	335	-1	0.0	0	0:00:19.914772
16800	336	336	0.0958	1	0:00:19.607476
16820	336	356	0.139	0	0:00:19.587214
16840	336	336	0.0785	1	0:00:19.853701
16860	337	-1	0.0	0	0:00:19.761183
16880	337	337	0.575	1	0:00:19.405095
16900	338	-1	0.0	0	0:00:19.969908
16920	338	338	0.0977	1	0:00:19.340373
16940	338	169	0.0471	0	0:00:19.660735
16960	339	253	0.237	0	0:00:19.668536
16980	339	339	0.298	1	0:00:19.559450
17000	340	340	0.8	1	0:00:19.830277
17020	340	340	0.8	1	0:00:19.834173
17040	340	340	0.8	1	0:00:19.852957
17060	341	-1	0.0	0	0:00:19.715146
17080	341	-1	0.0	0	0:00:19.934860
17100	342	269	0.0963	0	0:00:19.772896
17120	342	-1	0.0	0	0:00:20.136325
17140	342	350	0.0958	0	0:00:19.530916
17160	343	343	0.354	1	0:00:19.738420
17180	343	-1	0.0	0	0:00:19.857921
17200	344	-1	0.0	0	0:00:19.827164
17220	344	-1	0.0	0	0:00:19.888120
17240	344	-1	0.0	0	0:00:19.557669
17260	345	690	0.0581	0	0:00:20.090869
17280	345	-1	0.0	0	0:00:19.829254
17300	346	337	0.0333	0	0:00:19.534257
17320	346	346	0.327	1	0:00:19.663651
17340	346	346	0.764	1	0:00:19.696707
17360	347	-1	0.0	0	0:00:20.428082
17380	347	-1	0.0	0	0:00:19.943216
17400	348	350	0.306	0	0:00:19.830655
17420	348	-1	0.0	0	0:00:19.566658
17440	348	349	0.522	0	0:00:19.882506
17460	349	349	0.8	1	0:00:19.623556
17480	349	349	0.673	1	0:00:19.863377
17500	350	350	0.8	1	0:00:19.760363
17520	350	350	0.8	1	0:00:19.810983
17540	350	350	0.318	1	0:00:19.860065
17560	351	-1	0.0	0	0:00:19.339184
17580	351	351	0.743	1	0:00:19.775309
17600	352	-1	0.0	0	0:00:19.652091
17620	352	352	0.366	1	0:00:19.819514
17640	352	352	0.126	1	0:00:20.085171
17660	353	-1	0.0	0	0:00:19.978407
17680	353	352	0.402	0	0:00:19.712565
17700	354	354	0.63	1	0:00:19.683899
17720	354	-1	0.0	0	0:00:19.870279
17740	354	-1	0.0	0	0:00:19.735878
17760	355	355	0.743	1	0:00:19.902164
17780	355	355	0.0698	1	0:00:19.644339
17800	356	-1	0.0	0	0:00:19.709832
17820	356	360	0.298	0	0:00:20.083273
17840	356	362	0.0105	0	0:00:19.402464
17860	357	80	0.00966	0	0:00:19.982365
17880	357	-1	0.0	0	0:00:20.074270
17900	358	-1	0.0	0	0:00:19.744610
17920	358	-1	0.0	0	0:00:19.802836
17940	358	358	0.288	1	0:00:19.864212
17960	359	-1	0.0	0	0:00:19.683279
17980	359	-1	0.0	0	0:00:19.737636
18000	360	360	0.327	1	0:00:19.884472
18020	360	-1	0.0	0	0:00:19.745467
18040	360	-1	0.0	0	0:00:19.566634
18060	361	361	0.743	1	0:00:19.969731
18080	361	361	0.0638	1	0:00:20.033050
18100	362	362	0.496	1	0:00:19.775455
18120	362	-1	0.0	0	0:00:19.955306
18140	362	362	0.728	1	0:00:19.991976
18160	363	-1	0.0	0	0:00:20.136639
18180	363	363	0.531	1	0:00:19.532718
18200	364	5	0.177	0	0:00:19.704532
18220	364	-1	0.0	0	0:00:19.707410
18240	364	364	0.0145	1	0:00:19.899745
18260	365	-1	0.0	0	0:00:19.799701
18280	365	365	0.104	1	0:00:19.927823
18300	366	-1	0.0	0	0:00:19.909354
18320	366	297	0.0245	0	0:00:19.786981
18340	366	366	0.336	1	0:00:19.637355
18360	367	366	0.0102	0	0:00:19.684686
18380	367	-1	0.0	0	0:00:19.882578
18400	368	-1	0.0	0	0:00:20.026479
18420	368	-1	0.0	0	0:00:19.761858
18440	368	368	0.0564	1	0:00:19.867060
18460	369	-1	0.0	0	0:00:20.153797
18480	369	369	0.14	1	0:00:19.764752
18500	370	370	0.446	1	0:00:19.591843
18520	370	381	0.423	0	0:00:19.982699
18540	370	355	0.0374	0	0:00:20.020393
18560	371	-1	0.0	0	0:00:19.634073
18580	371	-1	0.0	0	0:00:19.559153
18600	372	-1	0.0	0	0:00:19.626062
18620	372	-1	0.0	0	0:00:20.251364
18640	372	-1	0.0	0	0:00:19.626814
18660	373	-1	0.0	0	0:00:19.872783
18680	373	-1	0.0	0	0:00:19.590819
18700	374	366	0.0979	0	0:00:19.394177
18720	374	-1	0.0	0	0:00:19.875276
18740	374	380	0.491	0	0:00:19.991418
18760	375	375	0.181	1	0:00:19.762536
18780	375	-1	0.0	0	0:00:19.767185
18800	376	376	0.391	1	0:00:19.639634
18820	376	374	0.151	0	0:00:19.631503
18840	376	376	0.691	1	0:00:19.623185
18860	377	377	0.18	1	0:00:19.746970
18880	377	-1	0.0	0	0:00:19.886357
18900	378	-1	0.0	0	0:00:19.664453
18920	378	-1	0.0	0	0:00:19.656015
18940	378	378	0.164	1	0:00:19.714293
18960	379	379	0.21	1	0:00:19.605617
18980	379	379	0.214	1	0:00:19.906124
19000	380	387	0.0489	0	0:00:19.876065
19020	380	380	0.0381	1	0:00:19.464022
19040	380	-1	0.0	0	0:00:19.722899
19060	381	-1	0.0	0	0:00:19.831787
19080	381	-1	0.0	0	0:00:19.945910
19100	382	382	0.594	1	0:00:19.862450
19120	382	382	0.0676	1	0:00:19.977068
19140	382	-1	0.0	0	0:00:19.970916
19160	383	383	0.8	1	0:00:19.694305
19180	383	384	0.412	0	0:00:19.698718
19200	384	-1	0.0	0	0:00:20.029680
19220	384	384	0.691	1	0:00:19.592688
19240	384	384	0.566	1	0:00:19.838830
19260	385	385	0.00107	1	0:00:20.007075
19280	385	101	0.351	0	0:00:19.627752
19300	386	-1	0.0	0	0:00:20.092639
19320	386	101	0.0679	0	0:00:19.562492
19340	386	-1	0.0	0	0:00:19.293885
19360	387	387	0.8	1	0:00:19.900134
19380	387	-1	0.0	0	0:00:19.672132
19400	388	388	0.455	1	0:00:19.553365
19420	388	388	0.764	1	0:00:19.649701
19440	388	388	0.0771	1	0:00:19.800343
19460	389	-1	0.0	0	0:00:19.765954
19480	389	62	0.137	0	0:00:19.942276
19500	390	390	0.467	1	0:00:19.635339
19520	390	390	0.101	1	0:00:19.630272
19540	390	4	0.159	0	0:00:19.905752
19560	391	-1	0.0	0	0:00:19.591474
19580	391	-1	0.0	0	0:00:19.852565
19600	392	115	0.0378	0	0:00:19.679501
19620	392	392	0.8	1	0:00:19.883845
19640	392	392	0.8	1	0:00:19.827442
19660	393	107	0.163	0	0:00:19.666476
19680	393	393	0.515	1	0:00:19.731352
19700	394	-1	0.0	0	0:00:19.825115
19720	394	103	0.363	0	0:00:19.756891
19740	394	2	0.305	0	0:00:19.769331
19760	395	4	0.314	0	0:00:19.959221
19780	395	-1	0.0	0	0:00:19.628729
19800	396	396	0.8	1	0:00:19.671705
19820	396	396	0.8	1	0:00:19.594710
19840	396	396	0.8	1	0:00:19.785335
19860	397	-1	0.0	0	0:00:19.939345
19880	397	397	0.8	1	0:00:19.522683
19900	398	398	0.464	1	0:00:19.878935
19920	398	398	0.8	1	0:00:20.071294
19940	398	784	0.128	0	0:00:19.742595
19960	399	-1	0.0	0	0:00:19.996846
19980	399	-1	0.0	0	0:00:19.958308
20000	400	-1	0.0	0	0:00:19.495888
20020	400	400	0.059	1	0:00:20.076049
20040	400	667	0.189	0	0:00:19.911592
20060	401	401	0.185	1	0:00:20.029653
20080	401	401	0.71	1	0:00:19.547979
20100	402	546	0.32	0	0:00:19.762787
20120	402	-1	0.0	0	0:00:19.530635
20140	402	402	0.457	1	0:00:20.133073
20160	403	403	0.753	1	0:00:19.567007
20180	403	403	0.182	1	0:00:19.677045
20200	404	404	0.691	1	0:00:19.828917
20220	404	404	0.199	1	0:00:19.532815
20240	404	895	0.735	0	0:00:19.880601
20260	405	405	0.176	1	0:00:19.413564
20280	405	405	0.519	1	0:00:20.041059
20300	406	406	0.352	1	0:00:19.860337
20320	406	854	0.28	0	0:00:19.877365
20340	406	406	0.102	1	0:00:19.952127
20360	407	407	0.464	1	0:00:19.776619
20380	407	407	0.8	1	0:00:19.633474
20400	408	847	0.47	0	0:00:19.746274
20420	408	408	0.621	1	0:00:19.838967
20440	408	408	0.113	1	0:00:19.778492
20460	409	442	0.0907	0	0:00:19.628269
20480	409	892	0.0315	0	0:00:19.805899
20500	410	-1	0.0	0	0:00:19.560575
20520	410	410	0.662	1	0:00:19.857713
20540	410	-1	0.0	0	0:00:20.066612
20560	411	689	0.407	0	0:00:19.529985
20580	411	-1	0.0	0	0:00:19.778309
20600	412	-1	0.0	0	0:00:19.900486
20620	412	-1	0.0	0	0:00:19.810086
20640	412	706	0.0998	0	0:00:19.903573
20660	413	652	0.159	0	0:00:19.725392
20680	413	-1	0.0	0	0:00:19.919814
20700	414	841	0.0127	0	0:00:19.926606
20720	414	413	0.0215	0	0:00:19.962539
20740	414	-1	0.0	0	0:00:19.824553
20760	415	406	0.274	0	0:00:20.008897
20780	415	470	0.0373	0	0:00:19.898753
20800	416	416	0.544	1	0:00:19.711738
20820	416	702	0.121	0	0:00:19.817205
20840	416	543	0.272	0	0:00:19.405514
20860	417	417	0.8	1	0:00:19.749634
20880	417	417	0.394	1	0:00:19.984942
20900	418	767	0.0564	0	0:00:19.484553
20920	418	418	0.199	1	0:00:19.669284
20940	418	542	0.253	0	0:00:19.902172
20960	419	438	0.327	0	0:00:20.051064
20980	419	419	0.169	1	0:00:19.953658
21000	420	-1	0.0	0	0:00:19.873889
21020	420	-1	0.0	0	0:00:19.566002
21040	420	-1	0.0	0	0:00:19.947238
21060	421	-1	0.0	0	0:00:19.463886
21080	421	466	0.213	0	0:00:19.868383
21100	422	-1	0.0	0	0:00:19.375974
21120	422	422	0.753	1	0:00:19.849110
21140	422	422	0.8	1	0:00:19.658901
21160	423	423	0.603	1	0:00:19.502755
21180	423	-1	0.0	0	0:00:20.089748
21200	424	-1	0.0	0	0:00:19.938219
21220	424	-1	0.0	0	0:00:19.800172
21240	424	-1	0.0	0	0:00:19.970053
21260	425	915	0.0754	0	0:00:19.883868
21280	425	-1	0.0	0	0:00:19.574484
21300	426	426	0.479	1	0:00:19.439585
21320	426	426	0.416	1	0:00:19.877799
21340	426	426	0.496	1	0:00:19.468797
21360	427	-1	0.0	0	0:00:19.702842
21380	427	549	0.168	0	0:00:19.579332
21400	428	428	0.0434	1	0:00:19.847311
21420	428	313	0.136	0	0:00:19.976923
21440	428	576	0.147	0	0:00:19.497203
21460	429	429	0.8	1	0:00:19.941662
21480	429	429	0.8	1	0:00:20.148671
21500	430	-1	0.0	0	0:00:19.535863
21520	430	-1	0.0	0	0:00:19.839740
21540	430	615	0.107	0	0:00:19.865121
21560	431	516	0.0242	0	0:00:19.642089
21580	431	431	0.541	1	0:00:19.914437
21600	432	432	0.555	1	0:00:19.282927
21620	432	432	0.0776	1	0:00:19.883088
21640	432	776	0.561	0	0:00:19.472903
21660	433	-1	0.0	0	0:00:19.869661
21680	433	433	0.735	1	0:00:19.956554
21700	434	-1	0.0	0	0:00:19.880260
21720	434	434	0.101	1	0:00:19.909389
21740	434	434	0.000251	1	0:00:20.151168
21760	435	678	0.216	0	0:00:19.709239
21780	435	-1	0.0	0	0:00:19.738438
21800	436	436	0.377	1	0:00:20.114942
21820	436	436	0.764	1	0:00:19.606498
21840	436	436	0.328	1	0:00:19.534139
21860	437	-1	0.0	0	0:00:19.439310
21880	437	833	0.0937	0	0:00:19.851474
21900	438	-1	0.0	0	0:00:20.085351
21920	438	572	0.0634	0	0:00:19.983320
21940	438	470	0.218	0	0:00:19.940020
21960	439	439	0.8	1	0:00:20.003687
21980	439	541	0.0105	0	0:00:19.708762
22000	440	-1	0.0	0	0:00:19.708030
22020	440	440	0.122	1	0:00:19.849184
22040	440	440	0.647	1	0:00:19.693398
22060	441	441	0.586	1	0:00:19.488069
22080	441	441	0.626	1	0:00:19.514135
22100	442	442	0.554	1	0:00:19.872588
22120	442	-1	0.0	0	0:00:19.828065
22140	442	655	0.0994	0	0:00:19.710253
22160	443	443	0.0374	1	0:00:19.894243
22180	443	443	0.743	1	0:00:19.976224
22200	444	-1	0.0	0	0:00:19.839942
22220	444	444	0.234	1	0:00:19.799848
22240	444	444	0.8	1	0:00:19.611856
22260	445	842	0.24	0	0:00:19.671841
22280	445	445	0.165	1	0:00:19.641222
22300	446	446	0.543	1	0:00:19.805014
22320	446	-1	0.0	0	0:00:19.861748
22340	446	811	0.00997	0	0:00:19.764923
22360	447	447	0.194	1	0:00:19.800681
22380	447	-1	0.0	0	0:00:19.629424
22400	448	-1	0.0	0	0:00:19.539001
22420	448	448	0.715	1	0:00:19.748028
22440	448	448	0.8	1	0:00:19.731620
22460	449	449	0.8	1	0:00:19.986180
22480	449	975	0.0344	0	0:00:19.875303
22500	450	-1	0.0	0	0:00:19.668666
22520	450	450	0.129	1	0:00:19.381023
22540	450	450	0.163	1	0:00:19.402511
22560	451	907	0.651	0	0:00:19.912462
22580	451	451	0.49	1	0:00:19.899066
22600	452	-1	0.0	0	0:00:19.939927
22620	452	78	0.253	0	0:00:19.566929
22640	452	496	0.00897	0	0:00:19.630932
22660	453	453	0.8	1	0:00:19.810018
22680	453	453	0.433	1	0:00:20.037805
22700	454	454	0.195	1	0:00:19.609848
22720	454	860	0.393	0	0:00:19.812178
22740	454	-1	0.0	0	0:00:20.048850
22760	455	455	0.8	1	0:00:20.005716
22780	455	611	0.743	0	0:00:19.797486
22800	456	522	0.116	0	0:00:19.969665
22820	456	-1	0.0	0	0:00:20.078946
22840	456	-1	0.0	0	0:00:19.638078
22860	457	906	0.214	0	0:00:19.864774
22880	457	-1	0.0	0	0:00:19.772216
22900	458	-1	0.0	0	0:00:20.030692
22920	458	458	0.8	1	0:00:19.564414
22940	458	458	0.8	1	0:00:19.827259
22960	459	-1	0.0	0	0:00:19.554227
22980	459	459	0.728	1	0:00:20.064712
23000	460	-1	0.0	0	0:00:19.911762
23020	460	-1	0.0	0	0:00:19.747886
23040	460	-1	0.0	0	0:00:19.366746
23060	461	107	0.545	0	0:00:19.967518
23080	461	787	0.51	0	0:00:19.672601
23100	462	-1	0.0	0	0:00:19.909382
23120	462	462	0.0623	1	0:00:19.922734
23140	462	462	0.632	1	0:00:19.794251
23160	463	-1	0.0	0	0:00:20.002453
23180	463	-1	0.0	0	0:00:20.067085
23200	464	-1	0.0	0	0:00:19.739096
23220	464	-1	0.0	0	0:00:19.905277
23240	464	-1	0.0	0	0:00:19.978201
23260	465	610	0.206	0	0:00:19.579703
23280	465	830	0.0641	0	0:00:19.788456
23300	466	466	0.00652	1	0:00:19.792902
23320	466	466	0.34	1	0:00:19.454865
23340	466	-1	0.0	0	0:00:20.008935
23360	467	467	0.0226	1	0:00:19.672487
23380	467	467	0.298	1	0:00:19.666856
23400	468	468	0.8	1	0:00:19.934208
23420	468	468	0.8	1	0:00:19.556988
23440	468	468	0.245	1	0:00:19.898399
23460	469	469	0.8	1	0:00:19.666690
23480	469	-1	0.0	0	0:00:19.768130
23500	470	881	0.0768	0	0:00:20.026003
23520	470	607	0.129	0	0:00:20.051454
23540	470	865	0.664	0	0:00:19.726268
23560	471	517	0.142	0	0:00:20.070137
23580	471	-1	0.0	0	0:00:20.087450
23600	472	814	0.0876	0	0:00:19.584773
23620	472	472	0.461	1	0:00:19.983114
23640	472	-1	0.0	0	0:00:19.652086
23660	473	473	0.187	1	0:00:19.800855
23680	473	777	0.31	0	0:00:19.590890
23700	474	-1	0.0	0	0:00:19.703911
23720	474	474	0.778	1	0:00:19.557973
23740	474	568	0.182	0	0:00:20.087327
23760	475	920	0.274	0	0:00:20.056436
23780	475	475	0.8	1	0:00:19.550981
23800	476	865	0.311	0	0:00:19.948568
23820	476	476	0.223	1	0:00:19.623634
23840	476	-1	0.0	0	0:00:19.888630
23860	477	-1	0.0	0	0:00:19.599827
23880	477	494	0.355	0	0:00:19.742121
23900	478	-1	0.0	0	0:00:19.746606
23920	478	549	0.0687	0	0:00:19.600209
23940	478	796	0.0175	0	0:00:19.866119
23960	479	751	0.4	0	0:00:19.565831
23980	479	-1	0.0	0	0:00:19.773758
24000	480	-1	0.0	0	0:00:20.093224
24020	480	480	0.638	1	0:00:19.953656
24040	480	475	0.117	0	0:00:19.514024
24060	481	620	0.0833	0	0:00:19.713310
24080	481	881	0.209	0	0:00:19.815619
24100	482	481	0.477	0	0:00:19.634532
24120	482	482	0.373	1	0:00:20.023650
24140	482	848	0.235	0	0:00:19.564332
24160	483	483	0.735	1	0:00:19.708474
24180	483	698	0.159	0	0:00:19.899163
24200	484	871	0.318	0	0:00:19.948410
24220	484	484	0.8	1	0:00:20.063055
24240	484	-1	0.0	0	0:00:19.782587
24260	485	745	0.228	0	0:00:19.823934
24280	485	754	0.228	0	0:00:19.989319
24300	486	486	0.8	1	0:00:19.771297
24320	486	486	0.8	1	0:00:19.737130
24340	486	612	0.115	0	0:00:19.962178
24360	487	487	0.547	1	0:00:19.775760
24380	487	487	0.8	1	0:00:19.642719
24400	488	-1	0.0	0	0:00:19.759490
24420	488	488	0.8	1	0:00:19.900422
24440	488	517	0.377	0	0:00:20.095562
24460	489	904	0.442	0	0:00:19.961977
24480	489	-1	0.0	0	0:00:19.662386
24500	490	-1	0.0	0	0:00:19.684472
24520	490	490	0.586	1	0:00:19.864088
24540	490	490	0.8	1	0:00:19.485500
24560	491	802	0.0132	0	0:00:20.064158
24580	491	491	0.0567	1	0:00:19.849240
24600	492	786	0.236	0	0:00:19.837772
24620	492	519	0.173	0	0:00:19.947092
24640	492	855	0.191	0	0:00:19.902430
24660	493	-1	0.0	0	0:00:20.037361
24680	493	789	0.00514	0	0:00:19.821235
24700	494	398	0.327	0	0:00:19.623742
24720	494	494	0.136	1	0:00:19.832322
24740	494	-1	0.0	0	0:00:19.679870
24760	495	495	0.8	1	0:00:19.859457
24780	495	495	0.8	1	0:00:19.829580
24800	496	496	0.8	1	0:00:19.738503
24820	496	496	0.62	1	0:00:19.986901
24840	496	496	0.8	1	0:00:19.957850
24860	497	497	0.544	1	0:00:19.841094
24880	497	497	0.251	1	0:00:20.084272
24900	498	498	0.462	1	0:00:19.912575
24920	498	-1	0.0	0	0:00:19.850284
24940	498	598	0.601	0	0:00:19.552378
24960	499	819	0.183	0	0:00:19.822089
24980	499	-1	0.0	0	0:00:19.601140
25000	500	500	0.361	1	0:00:19.682670
25020	500	825	0.632	0	0:00:19.984773
25040	500	-1	0.0	0	0:00:19.916710
25060	501	-1	0.0	0	0:00:19.954901
25080	501	-1	0.0	0	0:00:19.543426
25100	502	502	0.143	1	0:00:19.510867
25120	502	-1	0.0	0	0:00:19.664247
25140	502	788	0.0285	0	0:00:19.663850
25160	503	503	0.649	1	0:00:20.141619
25180	503	762	0.0738	0	0:00:19.798396
25200	504	-1	0.0	0	0:00:19.831116
25220	504	-1	0.0	0	0:00:19.780287
25240	504	925	0.522	0	0:00:19.509523
25260	505	505	0.522	1	0:00:19.547920
25280	505	470	0.159	0	0:00:19.515937
25300	506	-1	0.0	0	0:00:19.682253
25320	506	538	0.0611	0	0:00:20.074662
25340	506	-1	0.0	0	0:00:19.886678
25360	507	375	0.0257	0	0:00:19.917904
25380	507	695	0.17	0	0:00:19.628947
25400	508	508	0.569	1	0:00:19.771466
25420	508	508	0.61	1	0:00:20.046260
25440	508	732	0.0254	0	0:00:19.941336
25460	509	509	0.103	1	0:00:19.589663
25480	509	582	0.198	0	0:00:19.993045
25500	510	510	0.374	1	0:00:19.971241
25520	510	510	0.423	1	0:00:19.686241
25540	510	510	0.451	1	0:00:19.688558
25560	511	511	0.306	1	0:00:19.764395
25580	511	-1	0.0	0	0:00:19.639415
25600	512	889	0.0512	0	0:00:19.776367
25620	512	512	0.8	1	0:00:19.810342
25640	512	512	0.522	1	0:00:19.563594
25660	513	513	0.12	1	0:00:19.892656
25680	513	875	0.221	0	0:00:19.284484
25700	514	514	0.342	1	0:00:19.861312
25720	514	788	0.502	0	0:00:19.500604
25740	514	514	0.433	1	0:00:19.638249
25760	515	808	0.0115	0	0:00:19.977330
25780	515	401	0.0261	0	0:00:19.949111
25800	516	-1	0.0	0	0:00:20.025438
25820	516	431	0.236	0	0:00:19.995313
25840	516	431	0.728	0	0:00:19.957217
25860	517	540	0.373	0	0:00:19.841352
25880	517	-1	0.0	0	0:00:19.827219
25900	518	518	0.356	1	0:00:19.751510
25920	518	518	0.191	1	0:00:19.788692
25940	518	518	0.445	1	0:00:20.163493
25960	519	675	0.019	0	0:00:19.932560
25980	519	-1	0.0	0	0:00:20.142465
26000	520	-1	0.0	0	0:00:20.024530
26020	520	-1	0.0	0	0:00:19.451446
26040	520	520	0.346	1	0:00:19.776676
26060	521	-1	0.0	0	0:00:20.076132
26080	521	521	0.8	1	0:00:19.714798
26100	522	-1	0.0	0	0:00:20.108982
26120	522	621	0.307	0	0:00:19.692201
26140	522	522	0.715	1	0:00:19.932748
26160	523	-1	0.0	0	0:00:19.918290
26180	523	-1	0.0	0	0:00:19.783525
26200	524	-1	0.0	0	0:00:20.087139
26220	524	461	0.294	0	0:00:19.949564
26240	524	-1	0.0	0	0:00:19.201818
26260	525	525	0.228	1	0:00:19.972010
26280	525	-1	0.0	0	0:00:19.603180
26300	526	527	0.8	0	0:00:19.944026
26320	526	-1	0.0	0	0:00:20.108444
26340	526	526	0.342	1	0:00:19.735861
26360	527	-1	0.0	0	0:00:19.927100
26380	527	527	0.0117	1	0:00:19.879665
26400	528	-1	0.0	0	0:00:20.006123
26420	528	528	0.116	1	0:00:19.866928
26440	528	528	0.735	1	0:00:20.018036
26460	529	736	0.148	0	0:00:19.827574
26480	529	-1	0.0	0	0:00:19.979833
26500	530	479	0.201	0	0:00:19.599468
26520	530	745	0.0843	0	0:00:20.051008
26540	530	530	0.71	1	0:00:19.892734
26560	531	409	0.272	0	0:00:19.877975
26580	531	530	0.105	0	0:00:19.795472
26600	532	-1	0.0	0	0:00:19.923703
26620	532	532	0.279	1	0:00:19.733217
26640	532	-1	0.0	0	0:00:20.044399
26660	533	709	0.372	0	0:00:20.106590
26680	533	533	0.687	1	0:00:19.246928
26700	534	-1	0.0	0	0:00:20.002536
26720	534	687	0.00483	0	0:00:19.923608
26740	534	-1	0.0	0	0:00:20.137782
26760	535	535	0.8	1	0:00:19.718451
26780	535	489	0.0221	0	0:00:19.898786
26800	536	403	0.236	0	0:00:20.088008
26820	536	536	0.673	1	0:00:20.116125
26840	536	-1	0.0	0	0:00:19.913487
26860	537	537	0.128	1	0:00:20.105436
26880	537	537	0.778	1	0:00:20.315770
26900	538	538	0.8	1	0:00:19.530511
26920	538	-1	0.0	0	0:00:19.812226
26940	538	-1	0.0	0	0:00:19.690484
26960	539	-1	0.0	0	0:00:19.896820
26980	539	-1	0.0	0	0:00:19.928457
27000	540	540	0.8	1	0:00:19.498369
27020	540	540	0.687	1	0:00:19.861820
27040	540	540	0.173	1	0:00:19.793948
27060	541	-1	0.0	0	0:00:19.721950
27080	541	541	0.8	1	0:00:19.461266
27100	542	477	0.0359	0	0:00:19.741109
27120	542	-1	0.0	0	0:00:19.827628
27140	542	-1	0.0	0	0:00:19.602398
27160	543	422	0.121	0	0:00:19.876183
27180	543	402	0.0729	0	0:00:19.733607
27200	544	926	0.471	0	0:00:20.214173
27220	544	469	0.0694	0	0:00:19.467362
27240	544	-1	0.0	0	0:00:19.833081
27260	545	-1	0.0	0	0:00:20.102370
27280	545	107	0.8	0	0:00:19.397105
27300	546	546	0.196	1	0:00:20.125761
27320	546	546	0.596	1	0:00:19.961459
27340	546	-1	0.0	0	0:00:19.349001
27360	547	-1	0.0	0	0:00:20.197203
27380	547	821	0.285	0	0:00:19.689376
27400	548	827	0.192	0	0:00:19.759152
27420	548	548	0.509	1	0:00:20.085532
27440	548	548	0.248	1	0:00:19.717516
27460	549	-1	0.0	0	0:00:19.946018
27480	549	674	0.065	0	0:00:20.186386
27500	550	550	0.16	1	0:00:19.905021
27520	550	-1	0.0	0	0:00:19.830988
27540	550	844	0.0569	0	0:00:19.674491
27560	551	-1	0.0	0	0:00:19.677608
27580	551	551	0.753	1	0:00:19.953006
27600	552	552	0.8	1	0:00:19.921149
27620	552	-1	0.0	0	0:00:19.889819
27640	552	903	0.0926	0	0:00:20.087122
27660	553	553	0.213	1	0:00:19.757146
27680	553	598	0.104	0	0:00:20.142022
27700	554	554	0.322	1	0:00:19.965297
27720	554	554	0.327	1	0:00:19.539651
27740	554	-1	0.0	0	0:00:19.988962
27760	555	-1	0.0	0	0:00:20.033039
27780	555	-1	0.0	0	0:00:19.894465
27800	556	703	0.207	0	0:00:19.978025
27820	556	-1	0.0	0	0:00:19.752143
27840	556	556	0.406	1	0:00:19.462379
27860	557	557	0.8	1	0:00:19.877063
27880	557	557	0.659	1	0:00:19.634803
27900	558	-1	0.0	0	0:00:19.602182
27920	558	400	0.0546	0	0:00:19.639216
27940	558	-1	0.0	0	0:00:19.566401
27960	559	-1	0.0	0	0:00:19.937952
27980	559	559	0.388	1	0:00:20.001152
28000	560	560	0.541	1	0:00:19.657494
28020	560	560	0.8	1	0:00:19.532530
28040	560	560	0.8	1	0:00:19.617909
28060	561	867	0.0493	0	0:00:19.801020
28080	561	-1	0.0	0	0:00:20.105111
28100	562	562	0.452	1	0:00:19.708292
28120	562	354	0.2	0	0:00:19.932100
28140	562	819	0.0835	0	0:00:19.815527
28160	563	404	0.0905	0	0:00:19.548663
28180	563	563	0.8	1	0:00:19.774886
28200	564	-1	0.0	0	0:00:19.787141
28220	564	564	0.325	1	0:00:19.576066
28240	564	564	0.687	1	0:00:19.835529
28260	565	565	0.261	1	0:00:19.409667
28280	565	565	0.8	1	0:00:20.142794
28300	566	566	0.223	1	0:00:19.551382
28320	566	-1	0.0	0	0:00:19.655892
28340	566	513	0.0533	0	0:00:19.609582
28360	567	567	0.433	1	0:00:19.380188
28380	567	567	0.347	1	0:00:19.794749
28400	568	399	0.405	0	0:00:19.994985
28420	568	208	0.23	0	0:00:19.742790
28440	568	568	0.0635	1	0:00:19.914942
28460	569	569	0.137	1	0:00:19.756214
28480	569	569	0.163	1	0:00:19.666264
28500	570	-1	0.0	0	0:00:19.763568
28520	570	570	0.778	1	0:00:20.040795
28540	570	691	0.241	0	0:00:19.797850
28560	571	-1	0.0	0	0:00:19.662981
28580	571	-1	0.0	0	0:00:19.991698
28600	572	572	0.0404	1	0:00:19.585083
28620	572	-1	0.0	0	0:00:19.833768
28640	572	572	0.504	1	0:00:20.070492
28660	573	573	0.174	1	0:00:19.818733
28680	573	-1	0.0	0	0:00:20.044017
28700	574	574	0.8	1	0:00:19.882684
28720	574	574	0.8	1	0:00:19.465740
28740	574	574	0.174	1	0:00:19.626576
28760	575	575	0.8	1	0:00:19.941459
28780	575	575	0.8	1	0:00:19.924276
28800	576	913	0.00765	0	0:00:19.812547
28820	576	576	0.537	1	0:00:20.037818
28840	576	576	0.353	1	0:00:19.571646
28860	577	577	0.267	1	0:00:20.016337
28880	577	577	0.764	1	0:00:19.463877
28900	578	894	0.245	0	0:00:19.983757
28920	578	601	0.294	0	0:00:19.478117
28940	578	578	0.47	1	0:00:19.827055
28960	579	579	0.126	1	0:00:20.070945
28980	579	423	0.236	0	0:00:19.952044
29000	580	580	0.148	1	0:00:20.050019
29020	580	-1	0.0	0	0:00:20.080310
29040	580	580	0.401	1	0:00:19.945349
29060	581	581	0.595	1	0:00:19.920882
29080	581	581	0.8	1	0:00:20.051197
29100	582	-1	0.0	0	0:00:19.244469
29120	582	582	0.0413	1	0:00:19.597929
29140	582	582	0.0605	1	0:00:19.720994
29160	583	583	0.338	1	0:00:19.929026
29180	583	448	0.035	0	0:00:19.914170
29200	584	-1	0.0	0	0:00:19.692962
29220	584	584	0.8	1	0:00:19.991575
29240	584	691	0.00746	0	0:00:19.770603
29260	585	-1	0.0	0	0:00:19.690704
29280	585	969	0.119	0	0:00:19.701479
29300	586	586	0.446	1	0:00:19.651026
29320	586	-1	0.0	0	0:00:19.668175
29340	586	847	0.533	0	0:00:19.979491
29360	587	587	0.647	1	0:00:19.820123
29380	587	477	0.321	0	0:00:20.043297
29400	588	492	0.00439	0	0:00:20.029563
29420	588	-1	0.0	0	0:00:19.800585
29440	588	588	0.164	1	0:00:19.755100
29460	589	747	0.0197	0	0:00:19.694796
29480	589	-1	0.0	0	0:00:19.725881
29500	590	605	0.0862	0	0:00:19.633180
29520	590	590	0.489	1	0:00:19.659181
29540	590	851	0.0556	0	0:00:20.012994
29560	591	591	0.347	1	0:00:19.915420
29580	591	591	0.097	1	0:00:19.768579
29600	592	592	0.764	1	0:00:19.842412
29620	592	592	0.533	1	0:00:19.717453
29640	592	418	0.0397	0	0:00:19.801410
29660	593	593	0.304	1	0:00:19.487047
29680	593	593	0.082	1	0:00:19.672398
29700	594	765	0.0399	0	0:00:19.792125
29720	594	594	0.8	1	0:00:20.054835
29740	594	-1	0.0	0	0:00:20.164593
29760	595	609	0.156	0	0:00:19.850680
29780	595	866	0.8	0	0:00:19.860389
29800	596	825	0.0496	0	0:00:19.866130
29820	596	634	0.00326	0	0:00:19.773012
29840	596	-1	0.0	0	0:00:19.989622
29860	597	597	0.463	1	0:00:19.832570
29880	597	579	0.0997	0	0:00:20.026686
29900	598	-1	0.0	0	0:00:19.973951
29920	598	598	0.187	1	0:00:19.471629
29940	598	-1	0.0	0	0:00:19.703917
29960	599	599	0.8	1	0:00:19.948720
29980	599	-1	0.0	0	0:00:19.924212
30000	600	-1	0.0	0	0:00:20.005786
30020	600	-1	0.0	0	0:00:19.819185
30040	600	-1	0.0	0	0:00:19.808775
30060	601	-1	0.0	0	0:00:19.702671
30080	601	832	0.115	0	0:00:19.560754
30100	602	602	0.2	1	0:00:19.711550
30120	602	602	0.256	1	0:00:19.588807
30140	602	-1	0.0	0	0:00:19.938218
30160	603	-1	0.0	0	0:00:19.922037
30180	603	-1	0.0	0	0:00:19.964386
30200	604	401	0.285	0	0:00:19.664172
30220	604	604	0.559	1	0:00:19.752499
30240	604	604	0.625	1	0:00:19.448011
30260	605	742	0.224	0	0:00:19.604578
30280	605	605	0.19	1	0:00:19.756579
30300	606	906	0.217	0	0:00:19.678530
30320	606	-1	0.0	0	0:00:20.097734
30340	606	606	0.345	1	0:00:19.483963
30360	607	607	0.8	1	0:00:19.643153
30380	607	607	0.8	1	0:00:20.202303
30400	608	523	0.178	0	0:00:19.713487
30420	608	608	0.186	1	0:00:19.745786
30440	608	515	0.239	0	0:00:19.695587
30460	609	661	0.149	0	0:00:19.727783
30480	609	-1	0.0	0	0:00:19.909455
30500	610	-1	0.0	0	0:00:19.925352
30520	610	-1	0.0	0	0:00:19.884364
30540	610	610	0.523	1	0:00:19.908812
30560	611	611	0.289	1	0:00:19.508301
30580	611	611	0.31	1	0:00:19.991420
30600	612	612	0.8	1	0:00:19.520640
30620	612	612	0.8	1	0:00:19.774469
30640	612	612	0.8	1	0:00:19.534928
30660	613	613	0.764	1	0:00:19.723978
30680	613	550	0.363	0	0:00:19.881137
30700	614	819	0.496	0	0:00:19.588557
30720	614	789	0.0109	0	0:00:19.680578
30740	614	-1	0.0	0	0:00:20.148215
30760	615	615	0.8	1	0:00:19.679780
30780	615	615	0.612	1	0:00:19.619970
30800	616	-1	0.0	0	0:00:19.711305
30820	616	491	0.126	0	0:00:19.843095
30840	616	87	0.0208	0	0:00:19.658552
30860	617	-1	0.0	0	0:00:19.258130
30880	617	617	0.628	1	0:00:19.942785
30900	618	758	0.0725	0	0:00:20.123137
30920	618	-1	0.0	0	0:00:19.556168
30940	618	722	0.0274	0	0:00:19.790440
30960	619	905	0.8	0	0:00:19.585263
30980	619	854	0.0554	0	0:00:19.841359
31000	620	617	0.0459	0	0:00:19.481717
31020	620	-1	0.0	0	0:00:19.885191
31040	620	-1	0.0	0	0:00:19.584646
31060	621	621	0.721	1	0:00:19.623308
31080	621	-1	0.0	0	0:00:19.642798
31100	622	622	0.501	1	0:00:19.871654
31120	622	712	0.411	0	0:00:19.770773
31140	622	-1	0.0	0	0:00:19.685152
31160	623	-1	0.0	0	0:00:19.655054
31180	623	917	0.0632	0	0:00:19.899805
31200	624	-1	0.0	0	0:00:19.978477
31220	624	-1	0.0	0	0:00:19.901514
31240	624	-1	0.0	0	0:00:20.009830
31260	625	625	0.571	1	0:00:19.800913
31280	625	625	0.8	1	0:00:19.822837
31300	626	662	0.0567	0	0:00:19.866260
31320	626	470	0.343	0	0:00:19.902934
31340	626	473	0.0789	0	0:00:20.166912
31360	627	627	0.8	1	0:00:20.020572
31380	627	670	0.318	0	0:00:19.818852
31400	628	705	0.664	0	0:00:19.515399
31420	628	742	0.00351	0	0:00:19.831745
31440	628	628	0.328	1	0:00:19.696970
31460	629	945	0.301	0	0:00:19.844483
31480	629	629	0.8	1	0:00:19.972495
31500	630	703	0.623	0	0:00:19.581290
31520	630	942	0.216	0	0:00:19.829673
31540	630	-1	0.0	0	0:00:19.957369
31560	631	631	0.638	1	0:00:19.994328
31580	631	585	0.254	0	0:00:19.836033
31600	632	848	0.314	0	0:00:19.178205
31620	632	-1	0.0	0	0:00:19.855082
31640	632	-1	0.0	0	0:00:19.615168
31660	633	-1	0.0	0	0:00:19.786574
31680	633	759	0.0446	0	0:00:19.793669
31700	634	489	0.466	0	0:00:19.839309
31720	634	-1	0.0	0	0:00:20.203367
31740	634	-1	0.0	0	0:00:20.068922
31760	635	635	0.8	1	0:00:19.418268
31780	635	635	0.185	1	0:00:19.721239
31800	636	636	0.407	1	0:00:19.707993
31820	636	636	0.0112	1	0:00:19.828368
31840	636	831	0.0474	0	0:00:19.780068
31860	637	637	0.00658	1	0:00:19.821954
31880	637	-1	0.0	0	0:00:20.077004
31900	638	639	0.193	0	0:00:20.021200
31920	638	639	0.576	0	0:00:19.584188
31940	638	-1	0.0	0	0:00:19.655783
31960	639	638	0.0519	0	0:00:19.865659
31980	639	-1	0.0	0	0:00:19.674721
32000	640	640	0.8	1	0:00:19.498054
32020	640	640	0.0897	1	0:00:19.895120
32040	640	-1	0.0	0	0:00:20.045321
32060	641	-1	0.0	0	0:00:19.523160
32080	641	-1	0.0	0	0:00:19.759772
32100	642	642	0.477	1	0:00:19.673565
32120	642	642	0.29	1	0:00:19.436686
32140	642	642	0.753	1	0:00:19.936806
32160	643	836	0.231	0	0:00:19.963775
32180	643	763	0.235	0	0:00:19.822258
32200	644	644	0.8	1	0:00:19.988447
32220	644	-1	0.0	0	0:00:19.904538
32240	644	644	0.0219	1	0:00:19.927637
32260	645	645	0.8	1	0:00:19.688785
32280	645	645	0.778	1	0:00:19.721856
32300	646	545	0.513	0	0:00:19.402629
32320	646	646	0.715	1	0:00:19.914946
32340	646	646	0.0952	1	0:00:20.058533
32360	647	823	0.0718	0	0:00:19.437987
32380	647	503	0.0175	0	0:00:20.048785
32400	648	493	0.403	0	0:00:19.753695
32420	648	-1	0.0	0	0:00:19.689801
32440	648	648	0.476	1	0:00:19.838951
32460	649	649	0.448	1	0:00:19.766811
32480	649	649	0.47	1	0:00:19.905356
32500	650	-1	0.0	0	0:00:19.862435
32520	650	650	0.636	1	0:00:19.567572
32540	650	558	0.00301	0	0:00:19.974031
32560	651	859	0.00307	0	0:00:20.079678
32580	651	851	0.0968	0	0:00:19.837873
32600	652	652	0.0805	1	0:00:19.822840
32620	652	-1	0.0	0	0:00:19.770006
32640	652	652	0.268	1	0:00:19.723840
32660	653	-1	0.0	0	0:00:19.944362
32680	653	653	0.367	1	0:00:19.721496
32700	654	-1	0.0	0	0:00:19.792799
32720	654	609	0.244	0	0:00:19.985204
32740	654	-1	0.0	0	0:00:19.839636
32760	655	-1	0.0	0	0:00:19.934250
32780	655	655	0.0134	1	0:00:19.789516
32800	656	817	0.00201	0	0:00:19.918697
32820	656	654	0.0702	0	0:00:19.900880
32840	656	656	0.179	1	0:00:19.646691
32860	657	795	0.331	0	0:00:19.700135
32880	657	744	0.0319	0	0:00:19.619485
32900	658	658	0.0691	1	0:00:19.554130
32920	658	-1	0.0	0	0:00:19.972944
32940	658	658	0.144	1	0:00:20.113267
32960	659	659	0.778	1	0:00:19.642848
32980	659	495	0.435	0	0:00:19.547810
33000	660	660	0.457	1	0:00:19.561041
33020	660	660	0.49	1	0:00:19.875394
33040	660	915	0.147	0	0:00:19.945943
33060	661	661	0.451	1	0:00:19.917506
33080	661	661	0.374	1	0:00:19.780817
33100	662	662	0.127	1	0:00:19.694974
33120	662	662	0.647	1	0:00:19.837982
33140	662	662	0.549	1	0:00:19.588701
33160	663	576	0.192	0	0:00:19.747338
33180	663	663	0.638	1	0:00:19.917063
33200	664	598	0.241	0	0:00:19.546119
33220	664	527	0.218	0	0:00:19.710062
33240	664	-1	0.0	0	0:00:19.879922
33260	665	671	0.625	0	0:00:19.852162
33280	665	665	0.383	1	0:00:20.096479
33300	666	666	0.0711	1	0:00:19.939402
33320	666	666	0.586	1	0:00:19.991845
33340	666	-1	0.0	0	0:00:19.576289
33360	667	667	0.451	1	0:00:19.230886
33380	667	667	0.227	1	0:00:19.887440
33400	668	303	0.0084	0	0:00:19.990586
33420	668	668	0.603	1	0:00:19.813819
33440	668	682	0.0337	0	0:00:20.085579
33460	669	669	0.0534	1	0:00:19.610027
33480	669	-1	0.0	0	0:00:19.973586
33500	670	670	0.275	1	0:00:20.038256
33520	670	670	0.61	1	0:00:19.819748
33540	670	670	0.8	1	0:00:20.010709
33560	671	-1	0.0	0	0:00:19.923477
33580	671	671	0.0192	1	0:00:19.789850
33600	672	980	0.0727	0	0:00:20.182632
33620	672	672	0.476	1	0:00:19.564815
33640	672	672	0.594	1	0:00:20.107228
33660	673	673	0.68	1	0:00:20.023118
33680	673	-1	0.0	0	0:00:19.862291
33700	674	-1	0.0	0	0:00:19.619513
33720	674	674	0.276	1	0:00:19.701399
33740	674	674	0.429	1	0:00:19.504501
33760	675	675	0.482	1	0:00:19.986702
33780	675	-1	0.0	0	0:00:19.831689
33800	676	-1	0.0	0	0:00:20.061439
33820	676	676	0.506	1	0:00:19.850390
33840	676	691	0.0314	0	0:00:20.167510
33860	677	-1	0.0	0	0:00:19.827968
33880	677	-1	0.0	0	0:00:19.946123
33900	678	678	0.778	1	0:00:19.959562
33920	678	-1	0.0	0	0:00:19.672295
33940	678	678	0.517	1	0:00:19.838331
33960	679	679	0.778	1	0:00:19.929095
33980	679	679	0.00746	1	0:00:20.091937
34000	680	-1	0.0	0	0:00:19.777237
34020	680	680	0.249	1	0:00:19.971930
34040	680	680	0.649	1	0:00:19.761723
34060	681	-1	0.0	0	0:00:19.708582
34080	681	782	0.235	0	0:00:19.573540
34100	682	682	0.647	1	0:00:19.761887
34120	682	698	0.358	0	0:00:19.675155
34140	682	682	0.8	1	0:00:19.498579
34160	683	416	0.11	0	0:00:19.852027
34180	683	-1	0.0	0	0:00:19.818261
34200	684	819	0.201	0	0:00:19.778177
34220	684	-1	0.0	0	0:00:19.709787
34240	684	684	0.8	1	0:00:19.890867
34260	685	685	0.8	1	0:00:19.823665
34280	685	685	0.8	1	0:00:19.733265
34300	686	763	0.00477	0	0:00:19.843741
34320	686	859	0.0298	0	0:00:19.921374
34340	686	776	0.00107	0	0:00:19.528077
34360	687	687	0.743	1	0:00:20.014607
34380	687	687	0.479	1	0:00:19.854624
34400	688	688	0.8	1	0:00:19.938754
34420	688	590	0.0232	0	0:00:19.353846
34440	688	688	0.8	1	0:00:19.699543
34460	689	-1	0.0	0	0:00:19.955365
34480	689	-1	0.0	0	0:00:19.607255
34500	690	690	0.309	1	0:00:19.718389
34520	690	917	0.18	0	0:00:19.633114
34540	690	573	0.0207	0	0:00:19.726635
34560	691	691	0.466	1	0:00:19.715503
34580	691	-1	0.0	0	0:00:19.767849
34600	692	481	0.00163	0	0:00:20.062688
34620	692	865	0.604	0	0:00:19.903238
34640	692	692	0.00778	1	0:00:19.925354
34660	693	693	0.226	1	0:00:19.737422
34680	693	-1	0.0	0	0:00:19.875453
34700	694	694	0.8	1	0:00:19.641476
34720	694	694	0.398	1	0:00:19.865536
34740	694	694	0.0461	1	0:00:19.651143
34760	695	695	0.427	1	0:00:19.564777
34780	695	-1	0.0	0	0:00:19.305153
34800	696	-1	0.0	0	0:00:19.523505
34820	696	-1	0.0	0	0:00:19.777822
34840	696	545	0.025	0	0:00:19.879354
34860	697	697	0.0778	1	0:00:19.860143
34880	697	-1	0.0	0	0:00:19.939247
34900	698	663	0.541	0	0:00:19.793720
34920	698	975	0.0555	0	0:00:20.049308
34940	698	698	0.71	1	0:00:19.367617
34960	699	413	0.0479	0	0:00:19.777582
34980	699	-1	0.0	0	0:00:20.071394
35000	700	-1	0.0	0	0:00:19.645600
35020	700	94	0.403	0	0:00:20.111852
35040	700	-1	0.0	0	0:00:20.070371
35060	701	716	0.138	0	0:00:19.653427
35080	701	21	0.0128	0	0:00:19.611322
35100	702	422	0.612	0	0:00:19.826829
35120	702	702	0.634	1	0:00:19.675469
35140	702	-1	0.0	0	0:00:19.982208
35160	703	-1	0.0	0	0:00:20.025407
35180	703	-1	0.0	0	0:00:19.566530
35200	704	-1	0.0	0	0:00:19.666449
35220	704	399	0.139	0	0:00:19.640523
35240	704	880	0.072	0	0:00:20.005347
35260	705	660	0.0103	0	0:00:19.699316
35280	705	874	0.764	0	0:00:19.526608
35300	706	812	0.151	0	0:00:19.831944
35320	706	762	0.764	0	0:00:20.008913
35340	706	-1	0.0	0	0:00:19.623432
35360	707	480	0.312	0	0:00:19.687981
35380	707	707	0.743	1	0:00:19.989818
35400	708	682	0.471	0	0:00:19.869550
35420	708	708	0.551	1	0:00:19.856983
35440	708	708	0.8	1	0:00:19.747470
35460	709	709	0.778	1	0:00:19.895632
35480	709	692	0.0448	0	0:00:19.420260
35500	710	477	0.108	0	0:00:19.947552
35520	710	-1	0.0	0	0:00:20.048669
35540	710	-1	0.0	0	0:00:19.747477
35560	711	631	0.778	0	0:00:19.802594
35580	711	916	0.265	0	0:00:19.295272
35600	712	-1	0.0	0	0:00:19.986853
35620	712	111	0.406	0	0:00:19.503942
35640	712	712	0.8	1	0:00:19.672755
35660	713	713	0.8	1	0:00:19.905717
35680	713	713	0.659	1	0:00:19.423348
35700	714	774	0.151	0	0:00:19.224012
35720	714	633	0.3	0	0:00:19.552807
35740	714	714	0.551	1	0:00:19.824428
35760	715	715	0.8	1	0:00:19.753837
35780	715	715	0.273	1	0:00:20.024593
35800	716	-1	0.0	0	0:00:20.008550
35820	716	716	0.8	1	0:00:20.036326
35840	716	716	0.8	1	0:00:19.701709
35860	717	-1	0.0	0	0:00:19.884529
35880	717	581	0.566	0	0:00:19.848394
35900	718	425	0.0204	0	0:00:19.844337
35920	718	-1	0.0	0	0:00:19.832977
35940	718	913	0.25	0	0:00:19.687016
35960	719	195	0.0218	0	0:00:19.821908
35980	719	-1	0.0	0	0:00:19.941185
36000	720	940	0.0159	0	0:00:19.437123
36020	720	934	0.0473	0	0:00:19.777133
36040	720	720	0.171	1	0:00:19.869999
36060	721	750	0.0945	0	0:00:19.678166
36080	721	721	0.0721	1	0:00:19.622185
36100	722	722	0.778	1	0:00:19.680521
36120	722	722	0.532	1	0:00:19.795076
36140	722	722	0.335	1	0:00:19.804463
36160	723	723	0.8	1	0:00:19.693538
36180	723	723	0.258	1	0:00:19.511689
36200	724	780	0.8	0	0:00:19.647998
36220	724	-1	0.0	0	0:00:19.822341
36240	724	-1	0.0	0	0:00:20.053620
36260	725	725	0.344	1	0:00:19.841793
36280	725	-1	0.0	0	0:00:19.786604
36300	726	726	0.8	1	0:00:19.477315
36320	726	726	0.8	1	0:00:19.563269
36340	726	889	0.565	0	0:00:19.693086
36360	727	727	0.8	1	0:00:19.716771
36380	727	879	0.0288	0	0:00:19.409859
36400	728	-1	0.0	0	0:00:19.798508
36420	728	-1	0.0	0	0:00:14.068308
36440	728	728	0.349	1	0:00:09.547440
36460	729	729	0.15	1	0:00:09.550059
36480	729	712	0.113	0	0:00:09.548750
36500	730	634	0.0127	0	0:00:09.821901
36520	730	603	0.0944	0	0:00:09.926953
36540	730	730	0.574	1	0:00:14.275357
36560	731	812	0.137	0	0:00:17.745025
36580	731	-1	0.0	0	0:00:17.806909
36600	732	732	0.615	1	0:00:17.778507
36620	732	-1	0.0	0	0:00:17.752593
36640	732	732	0.8	1	0:00:17.772215
36660	733	-1	0.0	0	0:00:17.783339
36680	733	-1	0.0	0	0:00:17.723123
36700	734	569	0.735	0	0:00:17.802729
36720	734	734	0.8	1	0:00:17.677121
36740	734	-1	0.0	0	0:00:17.862871
36760	735	735	0.8	1	0:00:17.769931
36780	735	501	0.0271	0	0:00:17.731983
36800	736	736	0.753	1	0:00:17.796541
36820	736	883	0.0399	0	0:00:17.792914
36840	736	736	0.166	1	0:00:17.761901
36860	737	907	0.056	0	0:00:17.785278
36880	737	760	0.22	0	0:00:17.747096
36900	738	643	0.00665	0	0:00:17.683122
36920	738	738	0.764	1	0:00:17.825344
36940	738	738	0.00784	1	0:00:17.731621
36960	739	-1	0.0	0	0:00:17.774021
36980	739	739	0.623	1	0:00:17.760424
37000	740	795	0.296	0	0:00:17.804771
37020	740	518	0.0376	0	0:00:17.754804
37040	740	570	0.405	0	0:00:17.560459
37060	741	-1	0.0	0	0:00:17.880449
37080	741	906	0.05	0	0:00:17.820816
37100	742	-1	0.0	0	0:00:17.850048
37120	742	-1	0.0	0	0:00:17.911816
37140	742	713	0.753	0	0:00:17.761194
37160	743	-1	0.0	0	0:00:17.917765
37180	743	743	0.0488	1	0:00:17.765768
37200	744	437	0.0349	0	0:00:17.751063
37220	744	-1	0.0	0	0:00:17.836336
37240	744	657	0.728	0	0:00:17.784066
37260	745	-1	0.0	0	0:00:17.805186
37280	745	632	0.001	0	0:00:17.792002
37300	746	746	0.8	1	0:00:17.688835
37320	746	-1	0.0	0	0:00:17.803338
37340	746	746	0.8	1	0:00:17.804250
37360	747	747	0.231	1	0:00:17.704273
37380	747	-1	0.0	0	0:00:17.842817
37400	748	-1	0.0	0	0:00:17.732020
37420	748	680	0.000376	0	0:00:17.716998
37440	748	-1	0.0	0	0:00:17.805122
37460	749	-1	0.0	0	0:00:17.834212
37480	749	-1	0.0	0	0:00:17.705052
37500	750	-1	0.0	0	0:00:17.703356
37520	750	750	0.8	1	0:00:17.846641
37540	750	-1	0.0	0	0:00:17.799334
37560	751	751	0.48	1	0:00:17.781981
37580	751	817	0.0723	0	0:00:17.792827
37600	752	-1	0.0	0	0:00:17.724998
37620	752	752	0.656	1	0:00:17.834530
37640	752	819	0.218	0	0:00:17.721541
37660	753	586	0.153	0	0:00:17.809026
37680	753	126	0.114	0	0:00:17.798247
37700	754	664	0.244	0	0:00:17.783742
37720	754	754	0.366	1	0:00:17.829387
37740	754	-1	0.0	0	0:00:17.825732
37760	755	755	0.173	1	0:00:17.789646
37780	755	755	0.585	1	0:00:17.820452
37800	756	-1	0.0	0	0:00:17.711607
37820	756	-1	0.0	0	0:00:17.632851
37840	756	660	0.0762	0	0:00:17.782150
37860	757	867	0.00979	0	0:00:17.690469
37880	757	-1	0.0	0	0:00:17.793084
37900	758	-1	0.0	0	0:00:17.770637
37920	758	541	0.0284	0	0:00:17.745389
37940	758	758	0.135	1	0:00:17.789355
37960	759	759	0.479	1	0:00:17.809817
37980	759	-1	0.0	0	0:00:17.810774
38000	760	-1	0.0	0	0:00:17.775240
38020	760	760	0.0617	1	0:00:17.772706
38040	760	771	0.405	0	0:00:17.746919
38060	761	-1	0.0	0	0:00:17.853403
38080	761	620	0.351	0	0:00:17.775333
38100	762	762	0.186	1	0:00:17.762036
38120	762	762	0.599	1	0:00:17.811458
38140	762	470	0.28	0	0:00:17.760118
38160	763	683	0.104	0	0:00:17.794576
38180	763	763	0.46	1	0:00:17.788702
38200	764	776	0.00339	0	0:00:17.727484
38220	764	-1	0.0	0	0:00:17.870056
38240	764	-1	0.0	0	0:00:17.803715
38260	765	765	0.8	1	0:00:17.949574
38280	765	765	0.0954	1	0:00:17.811140
38300	766	766	0.753	1	0:00:17.758154
38320	766	830	0.218	0	0:00:17.783408
38340	766	771	0.0109	0	0:00:17.759830
38360	767	462	0.0708	0	0:00:17.818447
38380	767	401	0.0181	0	0:00:17.795271
38400	768	-1	0.0	0	0:00:17.751253
38420	768	-1	0.0	0	0:00:17.799143
38440	768	768	0.348	1	0:00:17.775932
38460	769	-1	0.0	0	0:00:17.805713
38480	769	325	0.0185	0	0:00:17.816090
38500	770	-1	0.0	0	0:00:17.864259
38520	770	673	0.0909	0	0:00:17.753226
38540	770	770	0.0468	1	0:00:17.710774
38560	771	771	0.288	1	0:00:17.816322
38580	771	771	0.728	1	0:00:17.827036
38600	772	-1	0.0	0	0:00:17.880832
38620	772	496	0.153	0	0:00:17.771950
38640	772	626	0.162	0	0:00:17.787009
38660	773	773	0.439	1	0:00:17.742448
38680	773	773	0.628	1	0:00:17.864747
38700	774	-1	0.0	0	0:00:17.732371
38720	774	774	0.484	1	0:00:17.820576
38740	774	-1	0.0	0	0:00:17.789091
38760	775	-1	0.0	0	0:00:17.732132
38780	775	-1	0.0	0	0:00:17.831194
38800	776	-1	0.0	0	0:00:17.768310
38820	776	776	0.8	1	0:00:17.869572
38840	776	916	0.8	0	0:00:17.793106
38860	777	777	0.735	1	0:00:17.845169
38880	777	-1	0.0	0	0:00:17.777767
38900	778	480	0.266	0	0:00:17.866240
38920	778	409	0.493	0	0:00:17.711979
38940	778	577	0.422	0	0:00:17.830069
38960	779	-1	0.0	0	0:00:17.778040
38980	779	779	0.497	1	0:00:17.790035
39000	780	914	0.498	0	0:00:17.778594
39020	780	780	0.197	1	0:00:17.923351
39040	780	914	0.144	0	0:00:17.783721
39060	781	781	0.778	1	0:00:17.881010
39080	781	-1	0.0	0	0:00:17.785990
39100	782	598	0.125	0	0:00:17.798026
39120	782	598	0.0943	0	0:00:17.824223
39140	782	664	0.355	0	0:00:17.753297
39160	783	677	0.388	0	0:00:17.787780
39180	783	558	0.128	0	0:00:17.689500
39200	784	-1	0.0	0	0:00:17.851088
39220	784	542	0.331	0	0:00:17.813689
39240	784	-1	0.0	0	0:00:17.766351
39260	785	-1	0.0	0	0:00:17.836764
39280	785	617	0.137	0	0:00:17.752023
39300	786	-1	0.0	0	0:00:17.786952
39320	786	862	0.043	0	0:00:17.790628
39340	786	-1	0.0	0	0:00:17.780938
39360	787	787	0.0385	1	0:00:17.888914
39380	787	-1	0.0	0	0:00:17.679592
39400	788	-1	0.0	0	0:00:17.775865
39420	788	788	0.603	1	0:00:17.812139
39440	788	788	0.284	1	0:00:17.745864
39460	789	789	0.8	1	0:00:17.843074
39480	789	789	0.8	1	0:00:17.799708
39500	790	791	0.431	0	0:00:17.724519
39520	790	791	0.0368	0	0:00:17.735243
39540	790	790	0.677	1	0:00:17.843666
39560	791	865	0.0658	0	0:00:17.751050
39580	791	674	0.289	0	0:00:17.749198
39600	792	795	0.544	0	0:00:17.773480
39620	792	-1	0.0	0	0:00:17.730750
39640	792	-1	0.0	0	0:00:17.789762
39660	793	793	0.171	1	0:00:17.780682
39680	793	-1	0.0	0	0:00:17.746298
39700	794	794	0.359	1	0:00:17.818786
39720	794	-1	0.0	0	0:00:17.826843
39740	794	854	0.307	0	0:00:17.784806
39760	795	970	0.15	0	0:00:17.786179
39780	795	795	0.282	1	0:00:17.745586
39800	796	796	0.277	1	0:00:17.742505
39820	796	745	0.15	0	0:00:17.713061
39840	796	796	0.198	1	0:00:17.826312
39860	797	-1	0.0	0	0:00:17.758528
39880	797	842	0.0599	0	0:00:17.776037
39900	798	-1	0.0	0	0:00:17.785824
39920	798	-1	0.0	0	0:00:17.889258
39940	798	492	0.0234	0	0:00:17.696805
39960	799	799	0.447	1	0:00:17.836099
39980	799	-1	0.0	0	0:00:17.743024
40000	800	800	0.8	1	0:00:17.743298
40020	800	800	0.601	1	0:00:17.740176
40040	800	800	0.764	1	0:00:17.770066
40060	801	973	0.64	0	0:00:17.802041
40080	801	801	0.0313	1	0:00:17.730006
40100	802	-1	0.0	0	0:00:17.781740
40120	802	802	0.654	1	0:00:17.780314
40140	802	802	0.451	1	0:00:17.760689
40160	803	803	0.355	1	0:00:17.607234
40180	803	803	0.764	1	0:00:17.818973
40200	804	804	0.392	1	0:00:17.787710
40220	804	711	0.011	0	0:00:17.668394
40240	804	-1	0.0	0	0:00:17.724833
40260	805	-1	0.0	0	0:00:17.723974
40280	805	-1	0.0	0	0:00:17.779964
40300	806	806	0.236	1	0:00:17.806837
40320	806	806	0.119	1	0:00:17.816805
40340	806	-1	0.0	0	0:00:17.839113
40360	807	517	0.125	0	0:00:17.762869
40380	807	709	0.1	0	0:00:17.874714
40400	808	-1	0.0	0	0:00:17.764431
40420	808	-1	0.0	0	0:00:17.746267
40440	808	-1	0.0	0	0:00:17.800926
40460	809	927	0.219	0	0:00:17.824966
40480	809	926	0.0683	0	0:00:17.794137
40500	810	810	0.8	1	0:00:17.755104
40520	810	878	0.306	0	0:00:17.643964
40540	810	810	0.778	1	0:00:17.741970
40560	811	632	0.218	0	0:00:17.753101
40580	811	827	0.153	0	0:00:17.811082
40600	812	812	0.8	1	0:00:17.843206
40620	812	812	0.324	1	0:00:17.764253
40640	812	812	0.684	1	0:00:17.789131
40660	813	697	0.126	0	0:00:17.832639
40680	813	680	0.582	0	0:00:17.787838
40700	814	554	0.00583	0	0:00:17.827989
40720	814	814	0.705	1	0:00:17.792154
40740	814	814	0.438	1	0:00:17.785186
40760	815	489	0.0224	0	0:00:17.817031
40780	815	-1	0.0	0	0:00:17.778680
40800	816	816	0.283	1	0:00:17.734186
40820	816	816	0.0497	1	0:00:17.768162
40840	816	73	0.00753	0	0:00:17.811510
40860	817	817	0.163	1	0:00:17.818946
40880	817	751	0.0651	0	0:00:17.754996
40900	818	-1	0.0	0	0:00:17.837070
40920	818	818	0.257	1	0:00:17.826422
40940	818	-1	0.0	0	0:00:17.778247
40960	819	819	0.8	1	0:00:17.731833
40980	819	839	0.123	0	0:00:17.863357
41000	820	820	0.342	1	0:00:17.741739
41020	820	820	0.134	1	0:00:17.807035
41040	820	913	0.0841	0	0:00:17.745553
41060	821	821	0.283	1	0:00:17.781147
41080	821	821	0.149	1	0:00:17.715964
41100	822	822	0.8	1	0:00:17.725421
41120	822	822	0.8	1	0:00:17.740361
41140	822	822	0.664	1	0:00:17.805506
41160	823	-1	0.0	0	0:00:17.798892
41180	823	423	0.0752	0	0:00:17.729724
41200	824	824	0.301	1	0:00:17.839583
41220	824	-1	0.0	0	0:00:17.780083
41240	824	523	0.1	0	0:00:17.743926
41260	825	295	0.107	0	0:00:17.782732
41280	825	-1	0.0	0	0:00:17.767720
41300	826	531	0.118	0	0:00:17.791832
41320	826	605	0.8	0	0:00:17.824483
41340	826	844	0.177	0	0:00:17.783190
41360	827	827	0.0822	1	0:00:17.817416
41380	827	739	0.0777	0	0:00:17.793073
41400	828	633	0.00295	0	0:00:17.760225
41420	828	909	0.165	0	0:00:17.786282
41440	828	904	0.616	0	0:00:17.787631
41460	829	829	0.8	1	0:00:17.766097
41480	829	561	0.0079	0	0:00:17.764401
41500	830	830	0.4	1	0:00:17.800466
41520	830	-1	0.0	0	0:00:17.763420
41540	830	-1	0.0	0	0:00:17.814926
41560	831	831	0.735	1	0:00:17.770176
41580	831	-1	0.0	0	0:00:17.699230
41600	832	832	0.283	1	0:00:17.761318
41620	832	832	0.8	1	0:00:17.779110
41640	832	-1	0.0	0	0:00:17.798734
41660	833	833	0.148	1	0:00:17.828588
41680	833	833	0.8	1	0:00:17.767710
41700	834	834	0.276	1	0:00:17.791174
41720	834	834	0.687	1	0:00:17.818620
41740	834	524	0.255	0	0:00:17.798183
41760	835	410	0.0859	0	0:00:17.839242
41780	835	-1	0.0	0	0:00:17.782737
41800	836	444	0.199	0	0:00:17.776918
41820	836	-1	0.0	0	0:00:17.746664
41840	836	655	0.336	0	0:00:17.732559
41860	837	-1	0.0	0	0:00:17.810743
41880	837	836	0.381	0	0:00:17.729259
41900	838	631	0.00608	0	0:00:17.815878
41920	838	-1	0.0	0	0:00:17.744240
41940	838	898	0.566	0	0:00:17.820472
41960	839	833	0.307	0	0:00:17.773461
41980	839	-1	0.0	0	0:00:17.850970
42000	840	-1	0.0	0	0:00:17.826829
42020	840	840	0.464	1	0:00:17.760744
42040	840	840	0.188	1	0:00:17.756724
42060	841	-1	0.0	0	0:00:17.818389
42080	841	841	0.00803	1	0:00:17.820355
42100	842	-1	0.0	0	0:00:17.727735
42120	842	752	0.0785	0	0:00:17.752185
42140	842	-1	0.0	0	0:00:17.764407
42160	843	843	0.601	1	0:00:17.762551
42180	843	424	0.385	0	0:00:17.846286
42200	844	844	0.728	1	0:00:17.832959
42220	844	844	0.183	1	0:00:17.788146
42240	844	844	0.425	1	0:00:17.796744
42260	845	-1	0.0	0	0:00:17.768321
42280	845	-1	0.0	0	0:00:17.809589
42300	846	583	0.181	0	0:00:17.798385
42320	846	846	0.227	1	0:00:17.727996
42340	846	-1	0.0	0	0:00:17.826545
42360	847	634	0.354	0	0:00:17.852022
42380	847	-1	0.0	0	0:00:17.796985
42400	848	-1	0.0	0	0:00:17.786880
42420	848	848	0.089	1	0:00:17.760459
42440	848	848	0.0359	1	0:00:17.747282
42460	849	469	0.484	0	0:00:17.817299
42480	849	849	0.478	1	0:00:17.789423
42500	850	850	0.609	1	0:00:17.763411
42520	850	865	0.0929	0	0:00:17.802492
42540	850	850	0.0622	1	0:00:17.775560
42560	851	495	0.0131	0	0:00:17.808822
42580	851	-1	0.0	0	0:00:17.806391
42600	852	852	0.0636	1	0:00:17.805527
42620	852	472	0.344	0	0:00:17.858816
42640	852	852	0.0907	1	0:00:17.740857
42660	853	970	0.232	0	0:00:17.637221
42680	853	853	0.572	1	0:00:17.718129
42700	854	854	0.219	1	0:00:17.751919
42720	854	854	0.324	1	0:00:17.754925
42740	854	564	0.0882	0	0:00:17.807955
42760	855	708	0.273	0	0:00:17.864093
42780	855	855	0.303	1	0:00:17.787847
42800	856	975	0.000439	0	0:00:17.797117
42820	856	856	0.231	1	0:00:17.791887
42840	856	569	0.0493	0	0:00:17.763918
42860	857	857	0.131	1	0:00:17.756370
42880	857	753	0.302	0	0:00:17.803987
42900	858	-1	0.0	0	0:00:17.882861
42920	858	497	0.274	0	0:00:17.793547
42940	858	-1	0.0	0	0:00:17.843434
42960	859	-1	0.0	0	0:00:17.771494
42980	859	859	0.469	1	0:00:17.796433
43000	860	861	0.133	0	0:00:17.786043
43020	860	800	0.743	0	0:00:17.788853
43040	860	-1	0.0	0	0:00:17.727464
43060	861	861	0.778	1	0:00:17.796109
43080	861	-1	0.0	0	0:00:17.815196
43100	862	819	0.0397	0	0:00:17.756693
43120	862	862	0.452	1	0:00:17.794728
43140	862	862	0.462	1	0:00:17.851613
43160	863	863	0.8	1	0:00:17.753823
43180	863	863	0.8	1	0:00:17.814049
43200	864	407	0.082	0	0:00:17.759101
43220	864	609	0.0831	0	0:00:17.755908
43240	864	736	0.258	0	0:00:17.816588
43260	865	951	0.0115	0	0:00:17.755314
43280	865	865	0.435	1	0:00:17.735901
43300	866	-1	0.0	0	0:00:17.805146
43320	866	866	0.0305	1	0:00:17.736584
43340	866	-1	0.0	0	0:00:17.824809
43360	867	867	0.347	1	0:00:17.717380
43380	867	867	0.25	1	0:00:17.790841
43400	868	967	0.0665	0	0:00:17.776008
43420	868	923	0.373	0	0:00:17.746065
43440	868	607	0.632	0	0:00:17.579005
43460	869	617	0.0502	0	0:00:17.792453
43480	869	-1	0.0	0	0:00:17.852669
43500	870	-1	0.0	0	0:00:17.710292
43520	870	-1	0.0	0	0:00:17.854439
43540	870	444	0.361	0	0:00:17.782455
43560	871	871	0.17	1	0:00:17.787404
43580	871	871	0.161	1	0:00:17.747051
43600	872	872	0.0598	1	0:00:17.761400
43620	872	872	0.8	1	0:00:17.793558
43640	872	889	0.129	0	0:00:17.677905
43660	873	873	0.8	1	0:00:17.765084
43680	873	873	0.8	1	0:00:17.846547
43700	874	569	0.0812	0	0:00:17.764790
43720	874	874	0.119	1	0:00:17.742731
43740	874	874	0.764	1	0:00:17.825242
43760	875	875	0.51	1	0:00:17.851801
43780	875	875	0.0602	1	0:00:17.738522
43800	876	659	0.162	0	0:00:17.833069
43820	876	-1	0.0	0	0:00:17.735089
43840	876	-1	0.0	0	0:00:17.817432
43860	877	877	0.8	1	0:00:17.727812
43880	877	-1	0.0	0	0:00:17.760841
43900	878	878	0.764	1	0:00:17.778901
43920	878	878	0.8	1	0:00:17.800562
43940	878	810	0.016	0	0:00:17.815581
43960	879	-1	0.0	0	0:00:17.786275
43980	879	667	0.155	0	0:00:17.748432
44000	880	870	0.367	0	0:00:17.824853
44020	880	-1	0.0	0	0:00:17.830358
44040	880	-1	0.0	0	0:00:17.743431
44060	881	-1	0.0	0	0:00:17.827015
44080	881	881	0.539	1	0:00:17.835245
44100	882	-1	0.0	0	0:00:17.752681
44120	882	526	0.385	0	0:00:17.787011
44140	882	811	0.133	0	0:00:17.749412
44160	883	-1	0.0	0	0:00:17.757105
44180	883	738	0.00451	0	0:00:17.765120
44200	884	884	0.0128	1	0:00:17.820998
44220	884	570	0.0981	0	0:00:17.791396
44240	884	884	0.047	1	0:00:17.766778
44260	885	-1	0.0	0	0:00:17.780066
44280	885	643	0.026	0	0:00:17.827421
44300	886	886	0.8	1	0:00:17.843107
44320	886	886	0.626	1	0:00:17.769563
44340	886	886	0.179	1	0:00:17.826447
44360	887	614	0.0122	0	0:00:17.843210
44380	887	887	0.216	1	0:00:17.802936
44400	888	-1	0.0	0	0:00:17.834984
44420	888	-1	0.0	0	0:00:17.725065
44440	888	111	0.0214	0	0:00:17.776033
44460	889	889	0.673	1	0:00:17.793109
44480	889	889	0.364	1	0:00:17.816194
44500	890	890	0.632	1	0:00:17.762109
44520	890	890	0.8	1	0:00:17.866462
44540	890	890	0.0285	1	0:00:17.757503
44560	891	830	0.161	0	0:00:17.720677
44580	891	-1	0.0	0	0:00:17.752596
44600	892	663	0.282	0	0:00:17.759321
44620	892	-1	0.0	0	0:00:17.791218
44640	892	892	0.764	1	0:00:17.799311
44660	893	893	0.0332	1	0:00:17.746554
44680	893	893	0.405	1	0:00:17.790962
44700	894	894	0.535	1	0:00:17.771076
44720	894	-1	0.0	0	0:00:17.823331
44740	894	-1	0.0	0	0:00:17.805506
44760	895	895	0.721	1	0:00:17.788521
44780	895	895	0.552	1	0:00:17.741905
44800	896	896	0.479	1	0:00:17.853346
44820	896	896	0.8	1	0:00:17.908668
44840	896	-1	0.0	0	0:00:17.717431
44860	897	-1	0.0	0	0:00:17.774080
44880	897	897	0.0879	1	0:00:17.793820
44900	898	458	0.394	0	0:00:17.779739
44920	898	-1	0.0	0	0:00:17.873421
44940	898	-1	0.0	0	0:00:17.812816
44960	899	880	0.0914	0	0:00:17.793159
44980	899	-1	0.0	0	0:00:17.802771
45000	900	900	0.735	1	0:00:17.831078
45020	900	900	0.374	1	0:00:17.719333
45040	900	900	0.8	1	0:00:17.793706
45060	901	653	0.22	0	0:00:17.785815
45080	901	901	0.265	1	0:00:17.778352
45100	902	902	0.342	1	0:00:17.620591
45120	902	902	0.656	1	0:00:17.835671
45140	902	902	0.778	1	0:00:17.691520
45160	903	834	0.0956	0	0:00:17.821571
45180	903	903	0.595	1	0:00:17.827364
45200	904	904	0.133	1	0:00:17.828216
45220	904	904	0.8	1	0:00:17.798037
45240	904	828	0.0841	0	0:00:17.845067
45260	905	-1	0.0	0	0:00:17.721396
45280	905	905	0.243	1	0:00:17.834705
45300	906	906	0.487	1	0:00:17.814893
45320	906	452	0.00928	0	0:00:17.791490
45340	906	834	0.778	0	0:00:17.816628
45360	907	907	0.527	1	0:00:17.781142
45380	907	-1	0.0	0	0:00:17.805849
45400	908	895	0.41	0	0:00:17.827317
45420	908	908	0.503	1	0:00:17.689763
45440	908	404	0.461	0	0:00:17.780101
45460	909	909	0.662	1	0:00:17.798558
45480	909	-1	0.0	0	0:00:17.772568
45500	910	641	0.289	0	0:00:17.713185
45520	910	-1	0.0	0	0:00:17.738498
45540	910	618	0.0876	0	0:00:17.801026
45560	911	-1	0.0	0	0:00:17.702595
45580	911	-1	0.0	0	0:00:17.803808
45600	912	677	0.219	0	0:00:17.759643
45620	912	912	0.171	1	0:00:17.819771
45640	912	-1	0.0	0	0:00:17.803390
45660	913	913	0.113	1	0:00:17.799556
45680	913	913	0.379	1	0:00:17.915657
45700	914	871	0.162	0	0:00:17.810376
45720	914	-1	0.0	0	0:00:17.797969
45740	914	914	0.149	1	0:00:17.813029
45760	915	-1	0.0	0	0:00:17.785369
45780	915	915	0.372	1	0:00:17.601700
45800	916	916	0.0188	1	0:00:17.710509
45820	916	916	0.687	1	0:00:17.822361
45840	916	916	0.764	1	0:00:17.772845
45860	917	917	0.8	1	0:00:17.746884
45880	917	921	0.8	0	0:00:17.897439
45900	918	918	0.8	1	0:00:17.824624
45920	918	-1	0.0	0	0:00:17.771358
45940	918	918	0.476	1	0:00:17.772345
45960	919	-1	0.0	0	0:00:17.726253
45980	919	919	0.654	1	0:00:17.767135
46000	920	-1	0.0	0	0:00:17.786179
46020	920	920	0.673	1	0:00:17.851583
46040	920	920	0.474	1	0:00:17.809447
46060	921	917	0.0704	0	0:00:17.827487
46080	921	714	0.0475	0	0:00:17.722528
46100	922	-1	0.0	0	0:00:17.717230
46120	922	-1	0.0	0	0:00:17.828974
46140	922	446	0.21	0	0:00:17.729952
46160	923	923	0.311	1	0:00:17.766967
46180	923	926	0.445	0	0:00:17.805216
46200	924	936	0.305	0	0:00:17.759233
46220	924	-1	0.0	0	0:00:17.795985
46240	924	-1	0.0	0	0:00:17.792886
46260	925	925	0.67	1	0:00:17.759871
46280	925	925	0.354	1	0:00:17.822005
46300	926	926	0.8	1	0:00:17.717710
46320	926	544	0.05	0	0:00:17.770102
46340	926	926	0.778	1	0:00:17.812362
46360	927	927	0.721	1	0:00:17.737356
46380	927	927	0.626	1	0:00:17.785815
46400	928	927	0.43	0	0:00:17.792127
46420	928	935	0.541	0	0:00:17.722073
46440	928	928	0.632	1	0:00:17.746724
46460	929	450	0.184	0	0:00:17.745381
46480	929	-1	0.0	0	0:00:17.796565
46500	930	964	0.0381	0	0:00:17.743723
46520	930	930	0.582	1	0:00:17.825192
46540	930	766	0.169	0	0:00:17.776731
46560	931	-1	0.0	0	0:00:17.714215
46580	931	-1	0.0	0	0:00:17.798589
46600	932	-1	0.0	0	0:00:17.800045
46620	932	-1	0.0	0	0:00:17.833337
46640	932	932	0.57	1	0:00:17.821390
46660	933	-1	0.0	0	0:00:17.743860
46680	933	923	0.0937	0	0:00:17.675150
46700	934	-1	0.0	0	0:00:17.796968
46720	934	546	0.0226	0	0:00:17.780901
46740	934	934	0.542	1	0:00:17.745106
46760	935	868	0.103	0	0:00:17.771859
46780	935	953	0.0147	0	0:00:17.825628
46800	936	-1	0.0	0	0:00:17.853719
46820	936	936	0.651	1	0:00:17.816469
46840	936	936	0.521	1	0:00:17.756743
46860	937	937	0.485	1	0:00:17.862038
46880	937	937	0.71	1	0:00:17.798105
46900	938	937	0.226	0	0:00:17.857348
46920	938	938	0.112	1	0:00:17.887372
46940	938	924	0.298	0	0:00:17.781332
46960	939	939	0.366	1	0:00:17.755401
46980	939	-1	0.0	0	0:00:17.790010
47000	940	940	0.156	1	0:00:17.781273
47020	940	940	0.24	1	0:00:17.756706
47040	940	941	0.0518	0	0:00:17.820657
47060	941	941	0.105	1	0:00:17.802037
47080	941	941	0.8	1	0:00:17.796174
47100	942	942	0.634	1	0:00:17.762235
47120	942	859	0.215	0	0:00:17.820736
47140	942	942	0.607	1	0:00:17.804539
47160	943	943	0.174	1	0:00:17.776559
47180	943	943	0.0647	1	0:00:17.739243
47200	944	946	0.743	0	0:00:17.786808
47220	944	944	0.753	1	0:00:17.747797
47240	944	944	0.743	1	0:00:17.847749
47260	945	945	0.268	1	0:00:17.781877
47280	945	-1	0.0	0	0:00:17.744860
47300	946	946	0.8	1	0:00:17.860832
47320	946	946	0.778	1	0:00:17.737442
47340	946	-1	0.0	0	0:00:17.751295
47360	947	947	0.479	1	0:00:17.732321
47380	947	947	0.743	1	0:00:17.750958
47400	948	948	0.743	1	0:00:17.760268
47420	948	948	0.1	1	0:00:17.719374
47440	948	948	0.474	1	0:00:17.775823
47460	949	949	0.222	1	0:00:17.814138
47480	949	949	0.8	1	0:00:17.783616
47500	950	-1	0.0	0	0:00:17.801324
47520	950	951	0.219	0	0:00:17.814413
47540	950	582	0.0178	0	0:00:17.751711
47560	951	950	0.8	0	0:00:17.716101
47580	951	-1	0.0	0	0:00:17.746220
47600	952	90	0.426	0	0:00:17.738501
47620	952	952	0.482	1	0:00:17.806574
47640	952	852	0.295	0	0:00:17.790534
47660	953	988	0.319	0	0:00:17.793424
47680	953	-1	0.0	0	0:00:17.704391
47700	954	953	0.081	0	0:00:17.756344
47720	954	951	0.216	0	0:00:17.831995
47740	954	-1	0.0	0	0:00:17.670853
47760	955	-1	0.0	0	0:00:17.783774
47780	955	955	0.8	1	0:00:17.877808
47800	956	956	0.355	1	0:00:17.738043
47820	956	956	0.432	1	0:00:17.782793
47840	956	-1	0.0	0	0:00:17.833508
47860	957	949	0.15	0	0:00:17.761518
47880	957	945	0.0879	0	0:00:17.683140
47900	958	483	0.32	0	0:00:17.780356
47920	958	958	0.297	1	0:00:17.764620
47940	958	-1	0.0	0	0:00:17.881500
47960	959	591	0.0384	0	0:00:17.746979
47980	959	959	0.8	1	0:00:17.761442
48000	960	-1	0.0	0	0:00:17.741245
48020	960	-1	0.0	0	0:00:17.784758
48040	960	960	0.0374	1	0:00:17.859742
48060	961	963	0.651	0	0:00:17.805273
48080	961	930	0.361	0	0:00:17.798905
48100	962	937	0.0749	0	0:00:17.801356
48120	962	962	0.0664	1	0:00:17.719497
48140	962	-1	0.0	0	0:00:17.722991
48160	963	963	0.301	1	0:00:17.746723
48180	963	376	0.411	0	0:00:17.647929
48200	964	964	0.268	1	0:00:17.759224
48220	964	868	0.124	0	0:00:17.788581
48240	964	-1	0.0	0	0:00:17.722074
48260	965	-1	0.0	0	0:00:17.738957
48280	965	925	0.36	0	0:00:17.845092
48300	966	-1	0.0	0	0:00:17.755738
48320	966	748	0.03	0	0:00:17.764286
48340	966	966	0.8	1	0:00:17.844851
48360	967	967	0.585	1	0:00:17.790340
48380	967	960	0.0578	0	0:00:17.731909
48400	968	-1	0.0	0	0:00:17.806559
48420	968	-1	0.0	0	0:00:17.751183
48440	968	-1	0.0	0	0:00:17.702588
48460	969	504	0.128	0	0:00:17.808215
48480	969	731	0.272	0	0:00:17.758129
48500	970	795	0.453	0	0:00:17.760952
48520	970	-1	0.0	0	0:00:17.653098
48540	970	980	0.298	0	0:00:17.762096
48560	971	971	0.8	1	0:00:17.768309
48580	971	971	0.0456	1	0:00:17.789064
48600	972	-1	0.0	0	0:00:17.733692
48620	972	980	0.122	0	0:00:17.752926
48640	972	-1	0.0	0	0:00:17.775528
48660	973	973	0.464	1	0:00:17.823571
48680	973	-1	0.0	0	0:00:17.746087
48700	974	974	0.664	1	0:00:17.779474
48720	974	974	0.313	1	0:00:17.841377
48740	974	974	0.189	1	0:00:17.760337
48760	975	975	0.651	1	0:00:17.853818
48780	975	975	0.561	1	0:00:17.785368
48800	976	-1	0.0	0	0:00:17.789231
48820	976	976	0.232	1	0:00:17.836226
48840	976	-1	0.0	0	0:00:17.761192
48860	977	978	0.145	0	0:00:17.818682
48880	977	976	0.184	0	0:00:17.794728
48900	978	-1	0.0	0	0:00:17.778610
48920	978	974	0.00652	0	0:00:17.844883
48940	978	812	0.347	0	0:00:17.765490
48960	979	979	0.292	1	0:00:17.658266
48980	979	970	0.19	0	0:00:17.809375
49000	980	980	0.116	1	0:00:17.785695
49020	980	-1	0.0	0	0:00:17.752047
49040	980	980	0.129	1	0:00:17.800102
49060	981	615	0.0449	0	0:00:17.590325
49080	981	865	0.211	0	0:00:17.787973
49100	982	-1	0.0	0	0:00:17.753218
49120	982	982	0.673	1	0:00:17.745745
49140	982	-1	0.0	0	0:00:17.717635
49160	983	-1	0.0	0	0:00:17.789715
49180	983	983	0.656	1	0:00:17.707857
49200	984	984	0.8	1	0:00:17.753483
49220	984	984	0.8	1	0:00:17.703885
49240	984	984	0.8	1	0:00:17.758137
49260	985	985	0.764	1	0:00:17.792402
49280	985	985	0.472	1	0:00:17.761257
49300	986	986	0.8	1	0:00:17.757462
49320	986	986	0.8	1	0:00:17.775447
49340	986	986	0.8	1	0:00:17.796757
49360	987	998	0.673	0	0:00:17.812614
49380	987	998	0.735	0	0:00:17.729784
49400	988	-1	0.0	0	0:00:17.721810
49420	988	988	0.616	1	0:00:17.841308
49440	988	988	0.261	1	0:00:17.760021
49460	989	957	0.269	0	0:00:17.761713
49480	989	-1	0.0	0	0:00:17.772399
49500	990	-1	0.0	0	0:00:17.795339
49520	990	-1	0.0	0	0:00:17.817529
49540	990	990	0.138	1	0:00:17.855682
49560	991	-1	0.0	0	0:00:17.732283
49580	991	991	0.8	1	0:00:17.907033
49600	992	992	0.287	1	0:00:17.806661
49620	992	947	0.316	0	0:00:17.808029
49640	992	947	0.341	0	0:00:17.724663
49660	993	993	0.592	1	0:00:17.859457
49680	993	993	0.59	1	0:00:17.814832
49700	994	994	0.721	1	0:00:17.697742
49720	994	994	0.743	1	0:00:17.762761
49740	994	-1	0.0	0	0:00:17.788627
49760	995	995	0.6	1	0:00:17.838028
49780	995	995	0.778	1	0:00:17.868118
49800	996	996	0.764	1	0:00:17.775193
49820	996	-1	0.0	0	0:00:17.791604
49840	996	996	0.428	1	0:00:17.658515
49860	997	-1	0.0	0	0:00:17.790053
49880	997	997	0.199	1	0:00:17.790177
49900	998	987	0.54	0	0:00:17.813943
49920	998	939	0.0473	0	0:00:17.743541
49940	998	987	0.433	0	0:00:17.757120
49960	999	999	0.0793	1	0:00:17.818025
49980	999	-1	0.0	0	0:00:17.804964
