idx	label	predict	radius	correct	time
0	3	3	0.662	1	0:00:07.095888
20	7	7	0.533	1	0:00:06.968581
40	4	4	0.8	1	0:00:06.984224
60	7	7	0.8	1	0:00:06.996350
80	8	8	0.351	1	0:00:07.016548
100	4	4	0.00878	1	0:00:07.030817
120	8	8	0.25	1	0:00:07.041752
140	6	6	0.352	1	0:00:07.055936
160	2	2	0.595	1	0:00:07.056148
180	0	0	0.8	1	0:00:07.067237
200	5	5	0.456	1	0:00:07.085333
220	7	7	0.764	1	0:00:07.093497
240	1	1	0.8	1	0:00:07.096899
260	8	8	0.129	1	0:00:07.104596
280	9	9	0.753	1	0:00:07.107723
300	6	6	0.8	1	0:00:07.106910
320	3	3	0.507	1	0:00:07.107717
340	2	6	0.0575	0	0:00:07.124432
360	9	9	0.659	1	0:00:07.128954
380	6	6	0.705	1	0:00:07.131837
400	9	9	0.8	1	0:00:07.128565
420	4	4	0.548	1	0:00:07.124403
440	1	1	0.64	1	0:00:07.134656
460	5	5	0.8	1	0:00:07.128015
480	8	9	0.401	0	0:00:07.135576
500	4	6	0.123	0	0:00:07.133959
520	5	5	0.413	1	0:00:07.139836
540	1	1	0.764	1	0:00:07.139049
560	0	0	0.8	1	0:00:07.125303
580	4	4	0.459	1	0:00:07.130400
600	8	8	0.743	1	0:00:07.137016
620	7	7	0.625	1	0:00:07.139107
640	5	3	0.497	0	0:00:07.135366
660	9	9	0.764	1	0:00:07.137789
680	9	1	0.0437	0	0:00:07.140477
700	7	7	0.8	1	0:00:07.137779
720	4	4	0.267	1	0:00:07.134865
740	2	5	0.651	0	0:00:07.142503
760	3	3	0.102	1	0:00:07.143544
780	9	9	0.8	1	0:00:07.140502
800	7	7	0.8	1	0:00:07.137608
820	6	1	0.428	0	0:00:07.136643
840	7	7	0.8	1	0:00:07.133446
860	4	4	0.764	1	0:00:07.134462
880	8	8	0.743	1	0:00:07.126883
900	2	6	0.114	0	0:00:07.131030
920	6	6	0.262	1	0:00:07.139752
940	9	9	0.8	1	0:00:07.141324
960	9	9	0.715	1	0:00:07.137614
980	2	6	0.259	0	0:00:07.132128
1000	5	5	0.8	1	0:00:07.140003
1020	1	1	0.8	1	0:00:07.141145
1040	7	5	0.257	0	0:00:07.141064
1060	9	9	0.8	1	0:00:07.138550
1080	6	6	0.296	1	0:00:07.136111
1100	7	7	0.262	1	0:00:07.133880
1120	5	-1	0.0	0	0:00:07.139759
1140	6	6	0.257	1	0:00:07.133703
1160	8	8	0.715	1	0:00:07.133492
1180	3	3	0.214	1	0:00:07.135395
1200	8	8	0.743	1	0:00:07.134654
1220	9	6	0.124	0	0:00:07.139131
1240	2	2	0.313	1	0:00:07.130087
1260	1	1	0.0332	1	0:00:07.140653
1280	3	5	0.54	0	0:00:07.143031
1300	4	3	0.166	0	0:00:07.117242
1320	7	7	0.7	1	0:00:07.137694
1340	1	1	0.8	1	0:00:07.132930
1360	7	7	0.8	1	0:00:07.143516
1380	4	-1	0.0	0	0:00:07.135833
1400	5	3	0.00489	0	0:00:07.133177
1420	4	7	0.0811	0	0:00:07.138381
1440	0	8	0.226	0	0:00:07.129262
1460	6	6	0.8	1	0:00:07.142823
1480	1	1	0.156	1	0:00:07.144042
1500	1	1	0.8	1	0:00:07.143254
1520	7	7	0.564	1	0:00:07.137261
1540	8	8	0.8	1	0:00:07.134000
1560	7	7	0.8	1	0:00:07.137784
1580	6	1	0.2	0	0:00:07.142443
1600	8	-1	0.0	0	0:00:07.142904
1620	5	3	0.163	0	0:00:07.141293
1640	7	-1	0.0	0	0:00:07.144835
1660	3	3	0.576	1	0:00:07.143717
1680	6	6	0.523	1	0:00:07.132278
1700	5	5	0.118	1	0:00:07.141660
1720	4	4	0.505	1	0:00:07.139344
1740	1	1	0.518	1	0:00:07.133953
1760	0	0	0.499	1	0:00:07.134151
1780	7	7	0.636	1	0:00:07.138041
1800	4	4	0.248	1	0:00:07.138477
1820	8	8	0.406	1	0:00:07.140867
1840	8	-1	0.0	0	0:00:07.139614
1860	8	8	0.8	1	0:00:07.136916
1880	1	1	0.8	1	0:00:07.137152
1900	8	8	0.778	1	0:00:07.127144
1920	2	2	0.8	1	0:00:07.138040
1940	5	5	0.565	1	0:00:07.132809
1960	2	2	0.174	1	0:00:07.143231
1980	9	9	0.8	1	0:00:07.143350
2000	1	1	0.625	1	0:00:07.140041
2020	9	9	0.778	1	0:00:07.138560
2040	0	0	0.8	1	0:00:07.133057
2060	5	3	0.199	0	0:00:07.141712
2080	1	-1	0.0	0	0:00:07.154710
2100	2	2	0.438	1	0:00:07.151439
2120	4	8	0.199	0	0:00:07.157958
2140	9	9	0.8	1	0:00:07.165295
2160	0	0	0.0553	1	0:00:07.160646
2180	4	4	0.8	1	0:00:07.158160
2200	0	0	0.613	1	0:00:07.160724
2220	1	1	0.8	1	0:00:07.174899
2240	9	9	0.603	1	0:00:07.172566
2260	4	4	0.0683	1	0:00:07.175907
2280	4	4	0.0376	1	0:00:07.169925
2300	3	3	0.178	1	0:00:07.174111
2320	5	2	0.00414	0	0:00:07.172273
2340	7	7	0.8	1	0:00:07.173432
2360	7	7	0.8	1	0:00:07.176750
2380	8	8	0.634	1	0:00:07.164966
2400	0	0	0.8	1	0:00:07.158623
2420	8	1	0.0156	0	0:00:07.172677
2440	7	7	0.54	1	0:00:07.171024
2460	9	9	0.319	1	0:00:07.174835
2480	8	8	0.664	1	0:00:07.169867
2500	4	6	0.308	0	0:00:07.168603
2520	1	1	0.344	1	0:00:07.169768
2540	2	2	0.231	1	0:00:07.171806
2560	7	7	0.609	1	0:00:07.173331
2580	6	6	0.691	1	0:00:07.171459
2600	8	8	0.8	1	0:00:07.166356
2620	1	1	0.705	1	0:00:07.167861
2640	7	7	0.8	1	0:00:07.168476
2660	3	2	0.0267	0	0:00:07.163909
2680	0	0	0.778	1	0:00:07.158175
2700	9	1	0.453	0	0:00:07.171842
2720	3	3	0.392	1	0:00:07.169357
2740	1	1	0.239	1	0:00:07.172214
2760	2	2	0.612	1	0:00:07.165688
2780	7	7	0.8	1	0:00:07.170125
2800	4	4	0.241	1	0:00:07.171948
2820	6	6	0.8	1	0:00:07.168713
2840	3	3	0.8	1	0:00:07.158401
2860	5	7	0.00552	0	0:00:07.163575
2880	4	4	0.764	1	0:00:07.162413
2900	3	3	0.0676	1	0:00:07.165705
2920	2	2	0.214	1	0:00:07.161540
2940	3	0	0.778	0	0:00:07.155723
2960	9	-1	0.0	0	0:00:07.164518
2980	8	8	0.583	1	0:00:07.163690
3000	5	5	0.638	1	0:00:07.166468
3020	1	1	0.743	1	0:00:07.168757
3040	7	7	0.8	1	0:00:07.167164
3060	7	7	0.8	1	0:00:07.170470
3080	1	1	0.656	1	0:00:07.167897
3100	0	0	0.728	1	0:00:07.151534
3120	4	6	0.31	0	0:00:07.166114
3140	8	8	0.735	1	0:00:07.158015
3160	6	6	0.162	1	0:00:07.165700
3180	3	3	0.165	1	0:00:07.170104
3200	5	5	0.329	1	0:00:07.167168
3220	3	9	0.139	0	0:00:07.168862
3240	4	-1	0.0	0	0:00:07.171360
3260	7	7	0.8	1	0:00:07.163238
3280	3	3	0.417	1	0:00:07.161230
3300	4	4	0.339	1	0:00:07.166309
3320	2	2	0.285	1	0:00:07.169446
3340	6	6	0.691	1	0:00:07.161151
3360	4	4	0.621	1	0:00:07.168365
3380	8	8	0.8	1	0:00:07.165954
3400	6	4	0.214	0	0:00:07.157949
3420	5	3	0.127	0	0:00:07.166615
3440	2	3	0.248	0	0:00:07.169655
3460	1	1	0.778	1	0:00:07.164768
3480	2	2	0.8	1	0:00:07.157075
3500	1	-1	0.0	0	0:00:07.165817
3520	1	1	0.8	1	0:00:07.166507
3540	6	6	0.62	1	0:00:07.167530
3560	1	9	0.465	0	0:00:07.167722
3580	4	4	0.3	1	0:00:07.164998
3600	4	2	0.104	0	0:00:07.163600
3620	0	0	0.8	1	0:00:07.166923
3640	6	2	0.574	0	0:00:07.162946
3660	0	0	0.484	1	0:00:07.157098
3680	0	0	0.51	1	0:00:07.167908
3700	3	3	0.8	1	0:00:07.163406
3720	2	2	0.8	1	0:00:07.163137
3740	0	0	0.8	1	0:00:07.161972
3760	7	7	0.8	1	0:00:07.166026
3780	4	4	0.252	1	0:00:07.161606
3800	9	9	0.728	1	0:00:07.167557
3820	0	0	0.63	1	0:00:07.161677
3840	6	3	0.0804	0	0:00:07.162603
3860	7	7	0.8	1	0:00:07.162307
3880	6	6	0.312	1	0:00:07.162304
3900	3	6	0.505	0	0:00:07.154607
3920	7	-1	0.0	0	0:00:07.166958
3940	6	6	0.241	1	0:00:07.164246
3960	2	2	0.764	1	0:00:07.161853
3980	9	-1	0.0	0	0:00:07.166485
4000	8	7	0.0266	0	0:00:07.165902
4020	8	8	0.396	1	0:00:07.162948
4040	0	0	0.68	1	0:00:07.156984
4060	6	6	0.721	1	0:00:07.163730
4080	1	1	0.8	1	0:00:07.167871
4100	7	7	0.8	1	0:00:07.163034
4120	4	4	0.8	1	0:00:07.162008
4140	5	5	0.673	1	0:00:07.161557
4160	5	5	0.584	1	0:00:07.165657
4180	0	0	0.151	1	0:00:07.159571
4200	4	4	0.426	1	0:00:07.160287
4220	4	0	0.442	0	0:00:07.150559
4240	7	7	0.145	1	0:00:07.160716
4260	8	8	0.8	1	0:00:07.158378
4280	8	0	0.277	0	0:00:07.161263
4300	8	8	0.266	1	0:00:07.161919
4320	1	1	0.0742	1	0:00:07.158910
4340	0	0	0.513	1	0:00:07.159829
4360	6	6	0.569	1	0:00:07.165478
4380	9	9	0.8	1	0:00:07.162854
4400	3	6	0.00577	0	0:00:07.164404
4420	5	5	0.452	1	0:00:07.165174
4440	2	2	0.541	1	0:00:07.165172
4460	9	9	0.8	1	0:00:07.168566
4480	9	9	0.8	1	0:00:07.168155
4500	3	3	0.735	1	0:00:07.168079
4520	3	3	0.134	1	0:00:07.164530
4540	9	9	0.644	1	0:00:07.161153
4560	1	1	0.778	1	0:00:07.167063
4580	6	4	0.181	0	0:00:07.155225
4600	4	4	0.101	1	0:00:07.165838
4620	7	-1	0.0	0	0:00:07.167092
4640	2	2	0.537	1	0:00:07.165458
4660	7	7	0.0455	1	0:00:07.167713
4680	9	9	0.8	1	0:00:07.165601
4700	6	6	0.182	1	0:00:07.167539
4720	8	0	0.35	0	0:00:07.154660
4740	5	3	0.35	0	0:00:07.164109
4760	3	2	0.677	0	0:00:07.166276
4780	0	0	0.621	1	0:00:07.161269
4800	9	9	0.8	1	0:00:07.167087
4820	3	5	0.109	0	0:00:07.168662
4840	0	0	0.8	1	0:00:07.162025
4860	5	5	0.8	1	0:00:07.164928
4880	0	7	0.0502	0	0:00:07.161380
4900	3	5	0.0807	0	0:00:07.163041
4920	7	7	0.8	1	0:00:07.167007
4940	6	6	0.8	1	0:00:07.165554
4960	4	4	0.142	1	0:00:07.163588
4980	1	1	0.0406	1	0:00:07.166378
5000	7	7	0.8	1	0:00:07.167789
5020	8	8	0.764	1	0:00:07.160159
5040	3	3	0.8	1	0:00:07.164518
5060	6	6	0.467	1	0:00:07.169254
5080	7	7	0.638	1	0:00:07.163102
5100	3	3	0.753	1	0:00:07.167964
5120	9	9	0.311	1	0:00:07.164746
5140	8	8	0.71	1	0:00:07.157904
5160	0	0	0.728	1	0:00:07.164190
5180	9	7	0.263	0	0:00:07.166821
5200	3	-1	0.0	0	0:00:07.158082
5220	0	0	0.764	1	0:00:07.155792
5240	1	1	0.594	1	0:00:07.171921
5260	0	0	0.8	1	0:00:07.159244
5280	0	9	0.0658	0	0:00:07.166465
5300	9	9	0.8	1	0:00:07.172169
5320	7	7	0.8	1	0:00:07.163025
5340	3	3	0.0791	1	0:00:07.166171
5360	9	9	0.8	1	0:00:07.167357
5380	1	9	0.0296	0	0:00:07.164027
5400	9	9	0.8	1	0:00:07.165279
5420	6	6	0.764	1	0:00:07.170270
5440	9	9	0.8	1	0:00:07.168908
5460	0	0	0.8	1	0:00:07.165341
5480	1	1	0.508	1	0:00:07.173374
5500	8	8	0.23	1	0:00:07.170833
5520	4	4	0.115	1	0:00:07.169390
5540	5	5	0.541	1	0:00:07.169154
5560	3	3	0.0775	1	0:00:07.167848
5580	5	-1	0.0	0	0:00:07.164968
5600	6	6	0.0647	1	0:00:07.169384
5620	3	6	0.128	0	0:00:07.162234
5640	2	-1	0.0	0	0:00:07.165645
5660	9	9	0.29	1	0:00:07.170243
5680	2	-1	0.0	0	0:00:07.163330
5700	3	5	0.0322	0	0:00:07.168626
5720	9	9	0.8	1	0:00:07.167287
5740	6	6	0.0911	1	0:00:07.159234
5760	2	2	0.049	1	0:00:07.162357
5780	7	7	0.8	1	0:00:07.166436
5800	2	2	0.529	1	0:00:07.166883
5820	5	5	0.413	1	0:00:07.170401
5840	2	2	0.426	1	0:00:07.171674
5860	0	0	0.513	1	0:00:07.165931
5880	0	0	0.764	1	0:00:07.158212
5900	4	-1	0.0	0	0:00:07.165806
5920	8	8	0.8	1	0:00:07.162742
5940	7	-1	0.0	0	0:00:07.167318
5960	2	6	0.144	0	0:00:07.166831
5980	9	9	0.8	1	0:00:07.163007
6000	8	8	0.165	1	0:00:07.171276
6020	6	6	0.8	1	0:00:07.167464
6040	2	0	0.00351	0	0:00:07.167184
6060	3	4	0.00069	0	0:00:07.165456
6080	1	1	0.664	1	0:00:07.169660
6100	1	1	0.8	1	0:00:07.172158
6120	5	5	0.8	1	0:00:07.166628
6140	9	9	0.8	1	0:00:07.166120
6160	2	2	0.8	1	0:00:07.170846
6180	0	0	0.444	1	0:00:07.162626
6200	3	3	0.531	1	0:00:07.162008
6220	2	5	0.00878	0	0:00:07.165399
6240	2	2	0.71	1	0:00:07.168177
6260	2	-1	0.0	0	0:00:07.169044
6280	8	5	0.104	0	0:00:07.170030
6300	1	1	0.664	1	0:00:07.168348
6320	0	0	0.8	1	0:00:07.160513
6340	3	3	0.588	1	0:00:07.163261
6360	2	2	0.289	1	0:00:07.161151
6380	3	3	0.507	1	0:00:07.165486
6400	0	0	0.55	1	0:00:07.161192
6420	7	7	0.8	1	0:00:07.167668
6440	3	-1	0.0	0	0:00:07.170366
6460	3	3	0.361	1	0:00:07.166938
6480	0	0	0.425	1	0:00:07.168093
6500	7	-1	0.0	0	0:00:07.168633
6520	6	6	0.499	1	0:00:07.162256
6540	8	8	0.778	1	0:00:07.166436
6560	6	6	0.47	1	0:00:07.164108
6580	1	1	0.409	1	0:00:07.169992
6600	7	7	0.8	1	0:00:07.167738
6620	7	7	0.8	1	0:00:07.162889
6640	5	3	0.8	0	0:00:07.160203
6660	0	0	0.743	1	0:00:07.161886
6680	3	3	0.406	1	0:00:07.168599
6700	6	6	0.8	1	0:00:07.167226
6720	2	2	0.281	1	0:00:07.161083
6740	2	2	0.291	1	0:00:07.160110
6760	5	5	0.8	1	0:00:07.167526
6780	7	7	0.8	1	0:00:07.167926
6800	6	6	0.085	1	0:00:07.163909
6820	1	1	0.8	1	0:00:07.163044
6840	9	9	0.8	1	0:00:07.170061
6860	0	0	0.743	1	0:00:07.156027
6880	2	2	0.529	1	0:00:07.167568
6900	3	3	0.8	1	0:00:07.169480
6920	5	4	0.141	0	0:00:07.161509
6940	1	1	0.8	1	0:00:07.166834
6960	9	9	0.524	1	0:00:07.164305
6980	0	0	0.453	1	0:00:07.164975
7000	2	-1	0.0	0	0:00:07.162282
7020	7	7	0.8	1	0:00:07.168854
7040	7	0	0.00426	0	0:00:07.163626
7060	8	8	0.778	1	0:00:07.163427
7080	5	4	0.26	0	0:00:07.162109
7100	9	-1	0.0	0	0:00:07.159581
7120	7	7	0.8	1	0:00:07.167948
7140	4	7	0.0849	0	0:00:07.164316
7160	5	5	0.705	1	0:00:07.165295
7180	6	6	0.656	1	0:00:07.165455
7200	4	4	0.0346	1	0:00:07.165735
7220	9	9	0.172	1	0:00:07.167130
7240	0	0	0.472	1	0:00:07.160271
7260	1	1	0.8	1	0:00:07.165127
7280	1	1	0.455	1	0:00:07.165888
7300	3	5	0.452	0	0:00:07.167162
7320	8	0	0.225	0	0:00:07.156862
7340	2	2	0.266	1	0:00:07.162380
7360	2	2	0.383	1	0:00:07.165112
7380	7	7	0.322	1	0:00:07.163844
7400	3	3	0.311	1	0:00:07.166983
7420	3	3	0.33	1	0:00:07.163860
7440	3	3	0.662	1	0:00:07.169563
7460	5	5	0.8	1	0:00:07.165880
7480	1	1	0.409	1	0:00:07.167435
7500	6	6	0.8	1	0:00:07.166688
7520	4	4	0.43	1	0:00:07.161600
7540	5	5	0.8	1	0:00:07.166720
7560	0	0	0.392	1	0:00:07.164992
7580	8	8	0.0852	1	0:00:07.160886
7600	8	1	0.0616	0	0:00:07.169757
7620	5	3	0.21	0	0:00:07.170253
7640	9	9	0.625	1	0:00:07.166685
7660	7	7	0.474	1	0:00:07.168190
7680	3	5	0.435	0	0:00:07.171327
7700	6	6	0.8	1	0:00:07.164973
7720	5	-1	0.0	0	0:00:07.160987
7740	4	-1	0.0	0	0:00:07.166152
7760	2	9	0.123	0	0:00:07.165660
7780	3	9	0.0571	0	0:00:07.170221
7800	0	0	0.753	1	0:00:07.154431
7820	5	3	0.224	0	0:00:07.165179
7840	1	1	0.8	1	0:00:07.166403
7860	8	8	0.567	1	0:00:07.163587
7880	0	0	0.8	1	0:00:07.159238
7900	0	0	0.107	1	0:00:07.165347
7920	9	9	0.8	1	0:00:07.172877
7940	2	2	0.228	1	0:00:07.162544
7960	0	0	0.466	1	0:00:07.164139
7980	3	3	0.213	1	0:00:07.170129
8000	9	9	0.778	1	0:00:07.163590
8020	6	3	0.473	0	0:00:07.160935
8040	2	2	0.8	1	0:00:07.166957
8060	6	6	0.8	1	0:00:07.169239
8080	4	4	0.457	1	0:00:07.165403
8100	6	6	0.0502	1	0:00:07.170712
8120	8	8	0.414	1	0:00:07.168389
8140	5	7	0.201	0	0:00:07.168942
8160	6	6	0.8	1	0:00:07.169767
8180	4	4	0.49	1	0:00:07.161711
8200	3	0	0.187	0	0:00:07.168736
8220	6	5	0.116	0	0:00:07.171915
8240	7	7	0.8	1	0:00:07.166400
8260	1	1	0.8	1	0:00:07.172929
8280	4	4	0.18	1	0:00:07.168136
8300	5	2	0.106	0	0:00:07.168295
8320	7	-1	0.0	0	0:00:07.166052
8340	5	3	0.0491	0	0:00:07.164677
8360	7	7	0.8	1	0:00:07.169767
8380	9	9	0.8	1	0:00:07.168909
8400	0	-1	0.0	0	0:00:07.163140
8420	3	6	0.705	0	0:00:07.177522
8440	5	3	0.468	0	0:00:07.174563
8460	8	8	0.778	1	0:00:07.162363
8480	2	2	0.163	1	0:00:07.166255
8500	4	4	0.778	1	0:00:07.162731
8520	8	8	0.282	1	0:00:07.167524
8540	4	4	0.273	1	0:00:07.163367
8560	7	7	0.8	1	0:00:07.166915
8580	3	5	0.0104	0	0:00:07.168128
8600	3	3	0.15	1	0:00:07.168188
8620	3	2	0.0161	0	0:00:07.171216
8640	1	1	0.534	1	0:00:07.169175
8660	7	7	0.728	1	0:00:07.167794
8680	3	9	0.0445	0	0:00:07.165832
8700	3	3	0.318	1	0:00:07.165134
8720	2	0	0.565	0	0:00:07.159321
8740	2	-1	0.0	0	0:00:07.167289
8760	8	8	0.8	1	0:00:07.170199
8780	4	4	0.525	1	0:00:07.165413
8800	0	0	0.8	1	0:00:07.151673
8820	2	2	0.8	1	0:00:07.157094
8840	2	-1	0.0	0	0:00:07.165112
8860	2	2	0.778	1	0:00:07.164569
8880	1	1	0.626	1	0:00:07.170509
8900	2	4	0.295	0	0:00:07.165528
8920	6	6	0.764	1	0:00:07.165469
8940	6	3	0.421	0	0:00:07.167910
8960	0	0	0.0672	1	0:00:07.151607
8980	9	9	0.8	1	0:00:07.166761
9000	8	8	0.8	1	0:00:07.163039
9020	7	7	0.8	1	0:00:07.171910
9040	2	5	0.715	0	0:00:07.169093
9060	9	9	0.778	1	0:00:07.168745
9080	3	-1	0.0	0	0:00:07.161030
9100	9	9	0.0344	1	0:00:07.168998
9120	3	0	0.128	0	0:00:07.165255
9140	7	7	0.595	1	0:00:07.168093
9160	5	3	0.479	0	0:00:07.164172
9180	5	5	0.8	1	0:00:07.167658
9200	8	8	0.442	1	0:00:07.155597
9220	8	8	0.8	1	0:00:07.165801
9240	8	8	0.335	1	0:00:07.167822
9260	5	3	0.298	0	0:00:07.161144
9280	9	9	0.425	1	0:00:07.165260
9300	5	3	0.177	0	0:00:07.169286
9320	9	9	0.8	1	0:00:07.166041
9340	1	1	0.8	1	0:00:07.165993
9360	5	0	0.513	0	0:00:07.166605
9380	5	3	0.563	0	0:00:07.168544
9400	6	6	0.8	1	0:00:07.164778
9420	5	5	0.8	1	0:00:07.171151
9440	8	8	0.764	1	0:00:07.167334
9460	3	3	0.301	1	0:00:07.167039
9480	2	2	0.0928	1	0:00:07.164919
9500	9	9	0.778	1	0:00:07.174284
9520	1	1	0.8	1	0:00:07.167440
9540	5	5	0.585	1	0:00:07.167633
9560	9	2	0.0706	0	0:00:07.170430
9580	1	1	0.8	1	0:00:07.163974
9600	8	8	0.494	1	0:00:07.160250
9620	4	4	0.53	1	0:00:07.167026
9640	5	5	0.318	1	0:00:07.167500
9660	6	6	0.8	1	0:00:07.166241
9680	8	8	0.735	1	0:00:07.168576
9700	0	0	0.68	1	0:00:07.162525
9720	8	-1	0.0	0	0:00:07.166844
9740	3	6	0.721	0	0:00:07.165831
9760	9	9	0.0823	1	0:00:07.168308
9780	4	6	0.279	0	0:00:07.163027
9800	1	1	0.8	1	0:00:07.166879
9820	0	0	0.109	1	0:00:07.166653
9840	4	7	0.8	0	0:00:07.165656
9860	0	0	0.128	1	0:00:07.162475
9880	7	7	0.651	1	0:00:07.169477
9900	8	8	0.8	1	0:00:07.159755
9920	6	6	0.8	1	0:00:07.165431
9940	4	4	0.778	1	0:00:07.168395
9960	2	0	0.8	0	0:00:07.159538
9980	0	0	0.8	1	0:00:07.159017
